a0 = -1.27596850e-01
a1 = 1.19986593e+01
a2 = -5.62055067e+01
a3 = 1.37533311e+02
a4 = -1.87800930e+02
a5 = 1.35518078e+02
a6 = -4.04574133e+01
