a0 = 4.68177235e+00
a1 = -2.13914048e+01
a2 = 4.88206638e+01
a3 = -5.94252667e+01
a4 = 4.09403436e+01
a5 = -1.50825353e+01
a6 = 2.31423480e+00
