a0 = -7.57887328e+01
a1 = 4.23964861e+02
a2 = -1.21655509e+03
a3 = 2.06046643e+03
a4 = -2.07192132e+03
a5 = 1.14635718e+03
a6 = -2.69316406e+02
