a0 = 2.57890665e+01
a1 = -2.76404202e+02
a2 = 7.71000184e+02
a3 = -1.02381232e+03
a4 = 7.40345230e+02
a5 = -2.80552293e+02
a6 = 4.37282539e+01
