a0 = 5.66877983e-01
a1 = -6.32207442e+00
a2 = 2.91125845e+01
a3 = -7.08874019e+01
a4 = 9.63938243e+01
a5 = -6.96500034e+01
a6 = 2.10658567e+01
