a0 = -3.95992450e+01
a1 = 2.23370993e+02
a2 = -5.16977364e+02
a3 = 6.36714030e+02
a4 = -4.38828951e+02
a5 = 1.60334439e+02
a6 = -2.42538559e+01
