# Result for fluid computation at 
kT = 1.2000e+00
mu = 3.0000e+00

freeEnergyVapour = -3.99609744e+00
freeEnergyLiquid = -3.99609744e+00
densityVapour    = 8.31622730e-01
densityLiquid    = 8.31622730e-01
supercritical = 1

success = 1
