# Result for fluid computation at 
kT = 5.0000e-01
mu = -8.0000e+00

freeEnergyVapour = -3.36677488e-04
freeEnergyLiquid = 6.58048465e-01
densityVapour    = 3.37901119e-04
densityLiquid    = 7.13936398e-01
supercritical = 0

success = 1
