# Result for solid computation at 
kT = 9.0000e-01
mu = -1.5000e+00

Ngrid_min = 1.34652111e+02
Cvac_min = 5.95617243e-04
alpha_min = 5.00338593e+01
freeEnergy_min = -1.36129856e+00
freeEnergy_err = 1.59649305e-05
density_min = 8.38363181e-01

success = 1
