# Result for fluid computation at 
kT = 1.3000e+00
mu = 4.5000e+00

freeEnergyVapour = -5.05781779e+00
freeEnergyLiquid = -5.05781779e+00
densityVapour    = 8.67668501e-01
densityLiquid    = 8.67668501e-01
supercritical = 1

success = 1
