# Result for min over (Cvac,alpha) at 
kT = 1.0000e+00
mu = 5.0000e-01
Ngrid = 129

Cvac_min = 3.96836090e-04
alpha_min = 1.01938601e+02
freeEnergy_min = -2.43727013e+00
freeEnergy_err = 0.00000000e+00
density_min = 9.53648749e-01

success = 1
