# Result for min over (Cvac,alpha) at 
kT = 1.0000e+00
mu = 5.0000e-01
Ngrid = 128

Cvac_min = 4.57916271e-04
alpha_min = 1.23000251e+02
freeEnergy_min = -2.34785278e+00
freeEnergy_err = 0.00000000e+00
density_min = 9.76115316e-01

success = 1
