# Result for min over (Cvac,alpha) at 
kT = 7.0000e-01
mu = -4.5000e+00
Ngrid = 130

Cvac_min = 1.70347692e-04
alpha_min = 1.37084557e+02
freeEnergy_min = -1.42773432e-01
freeEnergy_err = 0.00000000e+00
density_min = 9.32021451e-01

success = 1
