# Result for min over (Cvac,alpha) at 
kT = 6.0000e-01
mu = -6.0000e+00
Ngrid = 129

Cvac_min = 2.91778469e-05
alpha_min = 1.98288183e+02
freeEnergy_min = 2.46349021e-02
freeEnergy_err = 0.00000000e+00
density_min = 9.53999505e-01

success = 1
