# Result for min over (Cvac,alpha) at 
kT = 6.0000e-01
mu = -6.0000e+00
Ngrid = 135

Cvac_min = 2.01175572e-05
alpha_min = 8.20726404e+01
freeEnergy_min = -2.01348641e-01
freeEnergy_err = 0.00000000e+00
density_min = 8.32376690e-01

success = 1
