# Result for min over (Cvac,alpha) at 
kT = 1.3000e+00
mu = 4.5000e+00
Ngrid = 130

Cvac_min = 7.85980305e-05
alpha_min = 5.63580145e+01
freeEnergy_min = -5.08924129e+00
freeEnergy_err = 0.00000000e+00
density_min = 9.32106978e-01

success = 1
