# Result for min over (Cvac,alpha) at 
kT = 7.0000e-01
mu = -4.5000e+00
Ngrid = 136

Cvac_min = 1.65111880e-04
alpha_min = 6.01356723e+01
freeEnergy_min = -3.05164967e-01
freeEnergy_err = 0.00000000e+00
density_min = 8.14032068e-01

success = 1
