# Result for min over (Cvac,alpha) at 
kT = 9.0000e-01
mu = -1.5000e+00
Ngrid = 131

Cvac_min = 6.38032184e-04
alpha_min = 8.43818688e+01
freeEnergy_min = -1.27839101e+00
freeEnergy_err = 0.00000000e+00
density_min = 9.10413907e-01

success = 1
