# Result for min over (Cvac,alpha) at 
kT = 1.1000e+00
mu = 2.0000e+00
Ngrid = 129

Cvac_min = 2.69156299e-04
alpha_min = 8.87308189e+01
freeEnergy_min = -3.39514239e+00
freeEnergy_err = 0.00000000e+00
density_min = 9.53770559e-01

success = 1
