# Result for min over (Cvac,alpha) at 
kT = 8.0000e-01
mu = -3.0000e+00
Ngrid = 133

Cvac_min = 4.00294070e-04
alpha_min = 7.39601582e+01
freeEnergy_min = -7.16933645e-01
freeEnergy_err = 0.00000000e+00
density_min = 8.70164075e-01

success = 1
