# Result for min over (Cvac,alpha) at 
kT = 5.0000e-01
mu = -8.0000e+00
Ngrid = 128

Cvac_min = 2.35676628e-06
alpha_min = 3.09162865e+02
freeEnergy_min = 1.21939331e-01
freeEnergy_err = 0.00000000e+00
density_min = 9.76560199e-01

success = 1
