# Result for min over (Cvac,alpha) at 
kT = 9.0000e-01
mu = -1.5000e+00
Ngrid = 135

Cvac_min = 6.05816495e-04
alpha_min = 4.77136192e+01
freeEnergy_min = -1.36078735e+00
freeEnergy_err = 0.00000000e+00
density_min = 8.31889158e-01

success = 1
