# Result for min over (Cvac,alpha) at 
kT = 1.2000e+00
mu = 3.0000e+00
Ngrid = 133

Cvac_min = 1.43298731e-04
alpha_min = 3.91200883e+01
freeEnergy_min = -3.98787014e+00
freeEnergy_err = 0.00000000e+00
density_min = 8.70387792e-01

success = 1
