# Result for min over (Cvac,alpha) at 
kT = 7.0000e-01
mu = -4.5000e+00
Ngrid = 134

Cvac_min = 1.46154693e-04
alpha_min = 7.70137560e+01
freeEnergy_min = -3.16632486e-01
freeEnergy_err = 0.00000000e+00
density_min = 8.51044126e-01

success = 1
