# Result for min over (Cvac,alpha) at 
kT = 1.3000e+00
mu = 4.5000e+00
Ngrid = 128

Cvac_min = 1.29362921e-04
alpha_min = 8.25284876e+01
freeEnergy_min = -5.05754279e+00
freeEnergy_err = 0.00000000e+00
density_min = 9.76436169e-01

success = 1
