# Result for min over (Cvac,alpha) at 
kT = 6.0000e-01
mu = -6.0000e+00
Ngrid = 130

Cvac_min = 2.51595134e-05
alpha_min = 1.65172632e+02
freeEnergy_min = -8.56983882e-02
freeEnergy_err = 0.00000000e+00
density_min = 9.32156793e-01

success = 1
