# Result for min over (Cvac,alpha) at 
kT = 9.0000e-01
mu = -1.5000e+00
Ngrid = 137

Cvac_min = 7.48455059e-04
alpha_min = 3.63063780e+01
freeEnergy_min = -1.34007328e+00
freeEnergy_err = 0.00000000e+00
density_min = 7.95871731e-01

success = 1
