# Result for min over (Cvac,alpha) at 
kT = 6.0000e-01
mu = -6.0000e+00
Ngrid = 128

Cvac_min = 3.47034187e-05
alpha_min = 2.44017498e+02
freeEnergy_min = 1.81112442e-01
freeEnergy_err = 0.00000000e+00
density_min = 9.76528610e-01

success = 1
