# Result for min over (Cvac,alpha) at 
kT = 1.1000e+00
mu = 2.0000e+00
Ngrid = 130

Cvac_min = 2.28012691e-04
alpha_min = 7.43675578e+01
freeEnergy_min = -3.43644161e+00
freeEnergy_err = 0.00000000e+00
density_min = 9.31967697e-01

success = 1
