# Result for min over (Cvac,alpha) at 
kT = 1.2000e+00
mu = 3.0000e+00
Ngrid = 130

Cvac_min = 2.23548734e-04
alpha_min = 6.46997752e+01
freeEnergy_min = -3.99617578e+00
freeEnergy_err = 0.00000000e+00
density_min = 9.31971858e-01

success = 1
