# Result for min over (Cvac,alpha) at 
kT = 1.2000e+00
mu = 3.0000e+00
Ngrid = 128

Cvac_min = 3.14468212e-04
alpha_min = 9.38469387e+01
freeEnergy_min = -3.91408725e+00
freeEnergy_err = 0.00000000e+00
density_min = 9.76255402e-01

success = 1
