# Result for min over (Cvac,alpha) at 
kT = 1.0000e+00
mu = 5.0000e-01
Ngrid = 134

Cvac_min = 2.40448960e-04
alpha_min = 4.64280631e+01
freeEnergy_min = -2.55661083e+00
freeEnergy_err = 0.00000000e+00
density_min = 8.50963865e-01

success = 1
