# Result for min over (Cvac,alpha) at 
kT = 1.3000e+00
mu = 4.5000e+00
Ngrid = 129

Cvac_min = 1.01647247e-04
alpha_min = 6.78853156e+01
freeEnergy_min = -5.08350135e+00
freeEnergy_err = 0.00000000e+00
density_min = 9.53930367e-01

success = 1
