# Result for min over (Cvac,alpha) at 
kT = 1.0000e+00
mu = 5.0000e-01
Ngrid = 135

Cvac_min = 2.43196274e-04
alpha_min = 4.01977490e+01
freeEnergy_min = -2.54060221e+00
freeEnergy_err = 0.00000000e+00
density_min = 8.32191001e-01

success = 1
