# Result for min over (Cvac,alpha) at 
kT = 9.0000e-01
mu = -1.5000e+00
Ngrid = 136

Cvac_min = 6.55313707e-04
alpha_min = 4.16570875e+01
freeEnergy_min = -1.35362447e+00
freeEnergy_err = 0.00000000e+00
density_min = 8.13632963e-01

success = 1
