# Result for fluid-solid coexistence at 
kT = 8.6000e-01

fluidType = liquid

muCoex = -3.38218475e+00
freeEnergyCoex = -6.55129514e-01
densitySolidCoex = 9.11164238e-01
NgridCoex = 1.30992040e+02
alphaCoex = 8.46715499e+01
densityFluidCoex = 7.21555645e-01

success = 1
