# Result for fluid-solid coexistence at 
kT = 7.8000e-01

fluidType = liquid

muCoex = -4.99776846e+00
freeEnergyCoex = 8.98065902e-02
densitySolidCoex = 9.08666440e-01
NgridCoex = 1.31112028e+02
alphaCoex = 9.25433545e+01
densityFluidCoex = 6.74946611e-01

success = 1
