# Result for fluid-solid coexistence at 
kT = 9.8000e-01

fluidType = liquid

muCoex = -1.32498351e+00
freeEnergyCoex = -1.67951824e+00
densitySolidCoex = 9.20125391e-01
NgridCoex = 1.30565790e+02
alphaCoex = 7.81558434e+01
densityFluidCoex = 7.67326601e-01

success = 1
