# Result for fluid-solid coexistence at 
kT = 7.6000e-01

fluidType = liquid

muCoex = -5.43669003e+00
freeEnergyCoex = 2.82031813e-01
densitySolidCoex = 9.08650715e-01
NgridCoex = 1.31108505e+02
alphaCoex = 9.51865934e+01
densityFluidCoex = 6.58161962e-01

success = 1
