# Result for fluid-solid coexistence at 
kT = 1.0800e+00

fluidType = liquid

muCoex = 1.26169575e-01
freeEnergyCoex = -2.45315716e+00
densitySolidCoex = 9.29648241e-01
NgridCoex = 1.30117948e+02
alphaCoex = 7.52841589e+01
densityFluidCoex = 7.96164227e-01

success = 1
