# Result for fluid-solid coexistence at 
kT = 9.4000e-01

fluidType = liquid

muCoex = -1.96815374e+00
freeEnergyCoex = -1.35023669e+00
densitySolidCoex = 9.16752028e-01
NgridCoex = 1.30725761e+02
alphaCoex = 7.99256182e+01
densityFluidCoex = 7.53855635e-01

success = 1
