# Result for fluid-solid coexistence at 
kT = 1.0400e+00

fluidType = liquid

muCoex = -4.30327389e-01
freeEnergyCoex = -2.15115285e+00
densitySolidCoex = 9.25725512e-01
NgridCoex = 1.30301462e+02
alphaCoex = 7.63069800e+01
densityFluidCoex = 7.85279179e-01

success = 1
