# Result for fluid-solid coexistence at 
kT = 7.0000e-01

fluidType = liquid

muCoex = -6.71361734e+00
freeEnergyCoex = 7.46294848e-01
densitySolidCoex = 9.15037363e-01
NgridCoex = 1.30802152e+02
alphaCoex = 1.09158289e+02
densityFluidCoex = 5.66936627e-01

success = 1
