# Result for fluid-solid coexistence at 
kT = 8.8000e-01

fluidType = liquid

muCoex = -3.01088208e+00
freeEnergyCoex = -8.33946924e-01
densitySolidCoex = 9.12219766e-01
NgridCoex = 1.30941531e+02
alphaCoex = 8.31307451e+01
densityFluidCoex = 7.30527081e-01

success = 1
