# Result for fluid-solid coexistence at 
kT = 9.0000e-01

fluidType = liquid

muCoex = -2.65153599e+00
freeEnergyCoex = -1.00959845e+00
densitySolidCoex = 9.13578088e-01
NgridCoex = 1.30876660e+02
alphaCoex = 8.18129256e+01
densityFluidCoex = 7.38847407e-01

success = 1
