# Result for fluid-solid coexistence at 
kT = 1.0200e+00

fluidType = liquid

muCoex = -7.19309902e-01
freeEnergyCoex = -1.99717642e+00
densitySolidCoex = 9.23818820e-01
NgridCoex = 1.30391129e+02
alphaCoex = 7.68601342e+01
densityFluidCoex = 7.79571628e-01

success = 1
