# Result for fluid-solid coexistence at 
kT = 8.4000e-01

fluidType = liquid

muCoex = -3.76602224e+00
freeEnergyCoex = -4.73163600e-01
densitySolidCoex = 9.10190009e-01
NgridCoex = 1.31038786e+02
alphaCoex = 8.63106372e+01
densityFluidCoex = 7.11787269e-01

success = 1
