# Result for fluid-solid coexistence at 
kT = 1.0600e+00

fluidType = liquid

muCoex = -1.48240493e-01
freeEnergyCoex = -2.30341817e+00
densitySolidCoex = 9.27640210e-01
NgridCoex = 1.30211758e+02
alphaCoex = 7.57189575e+01
densityFluidCoex = 7.90819912e-01

success = 1
