# Result for fluid-solid coexistence at 
kT = 9.6000e-01

fluidType = liquid

muCoex = -1.64166586e+00
freeEnergyCoex = -1.51635703e+00
densitySolidCoex = 9.18381939e-01
NgridCoex = 1.30648379e+02
alphaCoex = 7.90165267e+01
densityFluidCoex = 7.60763364e-01

success = 1
