# Result for fluid-solid coexistence at 
kT = 1.0000e+00

fluidType = liquid

muCoex = -1.01767317e+00
freeEnergyCoex = -1.83976966e+00
densitySolidCoex = 9.21945248e-01
NgridCoex = 1.30479784e+02
alphaCoex = 7.75413956e+01
densityFluidCoex = 7.73584901e-01

success = 1
