# Result for fluid-solid coexistence at 
kT = 1.5000e+00

fluidType = liquid

muCoex = 4.55868350e+00
freeEnergyCoex = -5.10890952e+00
densitySolidCoex = 9.77569935e-01
NgridCoex = 1.27956069e+02
alphaCoex = 7.47408589e+01
densityFluidCoex = 8.80548868e-01

success = 1
