# Result for solid computation at 
kT = 1.4200e+00
mu = 3.8438e+00

Ngrid_min = 1.28376248e+02
Cvac_min = 5.96874706e-310
alpha_min = 7.38925139e+01
freeEnergy_min = -4.64002866e+00
density_min = 9.67999752e-01

success = 1
