# Result for solid computation at 
kT = 1.4800e+00
mu = 4.3587e+00

Ngrid_min = 1.28102360e+02
Cvac_min = 7.28507546e-312
alpha_min = 7.38294869e+01
freeEnergy_min = -4.96797082e+00
density_min = 9.74222939e-01

success = 1
