# Result for solid computation at 
kT = 1.3000e+00
mu = 2.5188e+00

Ngrid_min = 1.29285274e+02
Cvac_min = 5.65846657e-311
alpha_min = 6.93220508e+01
freeEnergy_min = -3.76007796e+00
density_min = 9.47724788e-01

success = 1
