# Result for solid computation at 
kT = 1.1800e+00
mu = 1.2241e+00

Ngrid_min = 1.29891504e+02
Cvac_min = 6.87118891e-310
alpha_min = 6.99363726e+01
freeEnergy_min = -3.00688530e+00
density_min = 9.34518555e-01

success = 1
