# Result for solid computation at 
kT = 9.2000e-01
mu = -2.1682e+00

Ngrid_min = 1.30548036e+02
Cvac_min = 1.42030920e-310
alpha_min = 8.46758546e+01
freeEnergy_min = -1.30636629e+00
density_min = 9.20491155e-01

success = 1
