# Result for solid computation at 
kT = 1.4200e+00
mu = 3.6438e+00

Ngrid_min = 1.28686764e+02
Cvac_min = 6.27082437e-310
alpha_min = 6.92961161e+01
freeEnergy_min = -4.44656532e+00
density_min = 9.61012167e-01

success = 1
