# Result for solid computation at 
kT = 7.4000e-01
mu = -5.6367e+00

Ngrid_min = 1.30682758e+02
Cvac_min = 6.99769024e-311
alpha_min = 1.05049083e+02
freeEnergy_min = 2.44193723e-01
density_min = 9.17545537e-01

success = 1
