# Result for solid computation at 
kT = 9.6000e-01
mu = -1.3250e+00

Ngrid_min = 1.30133423e+02
Cvac_min = 1.23775028e-311
alpha_min = 8.64830744e+01
freeEnergy_min = -1.80916865e+00
density_min = 9.29320921e-01

success = 1
