# Result for solid computation at 
kT = 1.3000e+00
mu = 2.7188e+00

Ngrid_min = 1.28974898e+02
Cvac_min = 4.38108231e-313
alpha_min = 7.38214291e+01
freeEnergy_min = -3.95030559e+00
density_min = 9.54584594e-01

success = 1
