# Result for solid computation at 
kT = 1.1000e+00
mu = 4.5362e-01

Ngrid_min = 1.29916684e+02
Cvac_min = 4.82653690e-312
alpha_min = 7.63803725e+01
freeEnergy_min = -2.65674129e+00
density_min = 9.33975187e-01

success = 1
