# Result for solid computation at 
kT = 1.1800e+00
mu = 1.4241e+00

Ngrid_min = 1.29523318e+02
Cvac_min = 5.37312924e-310
alpha_min = 7.51730802e+01
freeEnergy_min = -3.19458385e+00
density_min = 9.42511786e-01

success = 1
