# Result for solid computation at 
kT = 1.3600e+00
mu = 3.5022e+00

Ngrid_min = 1.28368869e+02
Cvac_min = 6.00697791e-310
alpha_min = 7.83037976e+01
freeEnergy_min = -4.49789998e+00
density_min = 9.68178357e-01

success = 1
