# Result for solid computation at 
kT = 1.2000e+00
mu = 1.6527e+00

Ngrid_min = 1.29434920e+02
Cvac_min = 5.63782884e-310
alpha_min = 7.49358189e+01
freeEnergy_min = -3.32542845e+00
density_min = 9.44441042e-01

success = 1
