# Result for solid computation at 
kT = 1.4400e+00
mu = 4.2191e+00

Ngrid_min = 1.28011868e+02
Cvac_min = 9.79365552e-314
alpha_min = 7.82916997e+01
freeEnergy_min = -4.94552963e+00
density_min = 9.76290853e-01

success = 1
