# Result for solid computation at 
kT = 1.3000e+00
mu = 2.9188e+00

Ngrid_min = 1.28658436e+02
Cvac_min = 8.11181016e-311
alpha_min = 7.86758489e+01
freeEnergy_min = -4.14192532e+00
density_min = 9.61647161e-01

success = 1
