# Result for solid computation at 
kT = 7.8000e-01
mu = -5.1734e+00

Ngrid_min = 1.31403949e+02
Cvac_min = 5.81847596e-310
alpha_min = 8.80975073e+01
freeEnergy_min = 2.48921836e-01
density_min = 9.02629337e-01

success = 1
