# Result for solid computation at 
kT = 1.0200e+00
mu = -8.3033e-01

Ngrid_min = 1.30576956e+02
Cvac_min = 5.70867767e-310
alpha_min = 7.43049016e+01
freeEnergy_min = -1.89447394e+00
density_min = 9.19879624e-01

success = 1
