# Result for solid computation at 
kT = 1.4400e+00
mu = 3.8191e+00

Ngrid_min = 1.28575024e+02
Cvac_min = 5.69728705e-310
alpha_min = 6.94065289e+01
freeEnergy_min = -4.55700220e+00
density_min = 9.63520166e-01

success = 1
