# Result for solid computation at 
kT = 1.0000e+00
mu = -1.1193e+00

Ngrid_min = 1.30661301e+02
Cvac_min = 6.15540365e-310
alpha_min = 7.51130620e+01
freeEnergy_min = -1.74591081e+00
density_min = 9.18099173e-01

success = 1
