# Result for solid computation at 
kT = 1.2800e+00
mu = 2.3152e+00

Ngrid_min = 1.29377124e+02
Cvac_min = 9.88880110e-311
alpha_min = 6.93822010e+01
freeEnergy_min = -3.63889681e+00
density_min = 9.45707456e-01

success = 1
