# Result for solid computation at 
kT = 8.2000e-01
mu = -4.1660e+00

Ngrid_min = 1.31081030e+02
Cvac_min = 4.56524338e-312
alpha_min = 8.80618470e+01
freeEnergy_min = -2.85351324e-01
density_min = 9.09309902e-01

success = 1
