# Result for solid computation at 
kT = 9.0000e-01
mu = -2.5037e+00

Ngrid_min = 1.30601562e+02
Cvac_min = 5.84922206e-310
alpha_min = 8.58389949e+01
freeEnergy_min = -1.14508521e+00
density_min = 9.19359743e-01

success = 1
