# Result for solid computation at 
kT = 1.3800e+00
mu = 3.2831e+00

Ngrid_min = 1.28899631e+02
Cvac_min = 6.88299153e-310
alpha_min = 6.88523128e+01
freeEnergy_min = -4.22222795e+00
density_min = 9.56258108e-01

success = 1
