# Result for solid computation at 
kT = 8.4000e-01
mu = -3.7822e+00

Ngrid_min = 1.31068524e+02
Cvac_min = 3.26478010e-312
alpha_min = 8.58592554e+01
freeEnergy_min = -4.58443452e-01
density_min = 9.09569773e-01

success = 1
