# Result for solid computation at 
kT = 1.3400e+00
mu = 2.9121e+00

Ngrid_min = 1.29093562e+02
Cvac_min = 6.08659939e-312
alpha_min = 6.90137147e+01
freeEnergy_min = -3.99697652e+00
density_min = 9.51954104e-01

success = 1
