# Result for solid computation at 
kT = 7.6000e-01
mu = -4.9978e+00

Ngrid_min = 1.30413557e+02
Cvac_min = 1.18917177e-310
alpha_min = 1.06797185e+02
freeEnergy_min = -1.20620891e-01
density_min = 9.23246397e-01

success = 1
