# Result for solid computation at 
kT = 1.2200e+00
mu = 1.6759e+00

Ngrid_min = 1.29681979e+02
Cvac_min = 6.24982371e-310
alpha_min = 6.98307713e+01
freeEnergy_min = -3.26481670e+00
density_min = 9.39056295e-01

success = 1
