# Result for solid computation at 
kT = 1.3600e+00
mu = 3.1022e+00

Ngrid_min = 1.28993945e+02
Cvac_min = 2.54898639e-314
alpha_min = 6.90847397e+01
freeEnergy_min = -4.11280311e+00
density_min = 9.54161716e-01

success = 1
