# Result for solid computation at 
kT = 9.4000e-01
mu = -1.6417e+00

Ngrid_min = 1.30192546e+02
Cvac_min = 2.57776827e-311
alpha_min = 8.79385038e+01
freeEnergy_min = -1.65167508e+00
density_min = 9.28057094e-01

success = 1
