# Result for min over alpha at 
kT = 1.3400e+00
mu = 3.1121e+00
Ngrid = 129

alpha_min = 7.03587874e+01
freeEnergy_min = -4.18772146e+00
density_min = 9.54027342e-01

success = 1
