# Result for min over alpha at 
kT = 1.0600e+00
mu = -7.3830e-02
Ngrid = 129

alpha_min = 9.50486567e+01
freeEnergy_min = -2.36473209e+00
density_min = 9.54027342e-01

success = 1
