# Result for min over alpha at 
kT = 8.4000e-01
mu = -3.3822e+00
Ngrid = 131

alpha_min = 8.68815056e+01
freeEnergy_min = -8.22814056e-01
density_min = 9.10995151e-01

success = 1
