# Result for min over alpha at 
kT = 1.1400e+00
mu = 1.1535e+00
Ngrid = 131

alpha_min = 5.92480392e+01
freeEnergy_min = -3.10417569e+00
density_min = 9.10995151e-01

success = 1
