# Result for min over alpha at 
kT = 1.4200e+00
mu = 4.0438e+00
Ngrid = 128

alpha_min = 8.00389936e+01
freeEnergy_min = -4.83414347e+00
density_min = 9.76562500e-01

success = 1
