# Result for min over alpha at 
kT = 1.1800e+00
mu = 1.6241e+00
Ngrid = 128

alpha_min = 1.01972323e+02
freeEnergy_min = -3.37230328e+00
density_min = 9.76562500e-01

success = 1
