# Result for min over alpha at 
kT = 7.4000e-01
mu = -5.4367e+00
Ngrid = 132

alpha_min = 8.45380252e+01
freeEnergy_min = 7.72984266e-02
density_min = 8.90447171e-01

success = 1
