# Result for min over alpha at 
kT = 9.4000e-01
mu = -1.8417e+00
Ngrid = 131

alpha_min = 7.60759882e+01
freeEnergy_min = -1.46479148e+00
density_min = 9.10995151e-01

success = 1
