# Result for min over alpha at 
kT = 1.4200e+00
mu = 3.8438e+00
Ngrid = 129

alpha_min = 6.48175523e+01
freeEnergy_min = -4.63673694e+00
density_min = 9.54027342e-01

success = 1
