# Result for min over alpha at 
kT = 8.4000e-01
mu = -3.5822e+00
Ngrid = 130

alpha_min = 1.03174341e+02
freeEnergy_min = -6.38184650e-01
density_min = 9.32087028e-01

success = 1
