# Result for min over alpha at 
kT = 1.1600e+00
mu = 1.1938e+00
Ngrid = 131

alpha_min = 5.78755599e+01
freeEnergy_min = -3.05482996e+00
density_min = 9.10995151e-01

success = 1
