# Result for min over alpha at 
kT = 1.0200e+00
mu = -8.3033e-01
Ngrid = 132

alpha_min = 5.72012892e+01
freeEnergy_min = -1.88432665e+00
density_min = 8.90447171e-01

success = 1
