# Result for min over alpha at 
kT = 9.8000e-01
mu = -1.4177e+00
Ngrid = 132

alpha_min = 6.04166021e+01
freeEnergy_min = -1.58580619e+00
density_min = 8.90447171e-01

success = 1
