# Result for min over alpha at 
kT = 1.5000e+00
mu = 4.5000e+00
Ngrid = 124

alpha_min = 1.80370656e+02
freeEnergy_min = -4.86790157e+00
density_min = 1.07404250e+00

success = 1
