# Result for min over alpha at 
kT = 8.8000e-01
mu = -3.0515e+00
Ngrid = 130

alpha_min = 9.84496437e+01
freeEnergy_min = -7.90949942e-01
density_min = 9.32180246e-01

success = 1
