# Result for min over alpha at 
kT = 1.3800e+00
mu = 3.4831e+00
Ngrid = 129

alpha_min = 6.73995901e+01
freeEnergy_min = -4.41296612e+00
density_min = 9.54027342e-01

success = 1
