# Result for min over alpha at 
kT = 1.1800e+00
mu = 1.4241e+00
Ngrid = 130

alpha_min = 6.84609792e+01
freeEnergy_min = -3.19325155e+00
density_min = 9.32180246e-01

success = 1
