# Result for min over alpha at 
kT = 1.0800e+00
mu = -6.7545e-03
Ngrid = 130

alpha_min = 7.69727479e+01
freeEnergy_min = -2.32913333e+00
density_min = 9.32180246e-01

success = 1
