# Result for min over alpha at 
kT = 1.1000e+00
mu = 2.5362e-01
Ngrid = 131

alpha_min = 6.23344309e+01
freeEnergy_min = -2.46713811e+00
density_min = 9.10995151e-01

success = 1
