# Result for min over alpha at 
kT = 7.6000e-01
mu = -5.1978e+00
Ngrid = 130

alpha_min = 1.14650565e+02
freeEnergy_min = 6.72643379e-02
density_min = 9.32087028e-01

success = 1
