# Result for min over alpha at 
kT = 7.6000e-01
mu = -5.3978e+00
Ngrid = 130

alpha_min = 1.14650565e+02
freeEnergy_min = 2.53681743e-01
density_min = 9.32087028e-01

success = 1
