# Result for min over alpha at 
kT = 9.0000e-01
mu = -2.5037e+00
Ngrid = 129

alpha_min = 1.14203585e+02
freeEnergy_min = -1.12693167e+00
density_min = 9.53931939e-01

success = 1
