# Result for min over alpha at 
kT = 9.0000e-01
mu = -2.7037e+00
Ngrid = 132

alpha_min = 6.73995901e+01
freeEnergy_min = -9.56181274e-01
density_min = 8.90447171e-01

success = 1
