# Result for min over alpha at 
kT = 9.8000e-01
mu = -1.2177e+00
Ngrid = 131

alpha_min = 7.23092049e+01
freeEnergy_min = -1.77591102e+00
density_min = 9.10995151e-01

success = 1
