# Result for min over alpha at 
kT = 1.3200e+00
mu = 2.9177e+00
Ngrid = 129

alpha_min = 7.17464902e+01
freeEnergy_min = -4.06992537e+00
density_min = 9.54027342e-01

success = 1
