# Result for min over alpha at 
kT = 7.8000e-01
mu = -5.1734e+00
Ngrid = 129

alpha_min = 1.32996982e+02
freeEnergy_min = 2.89864323e-01
density_min = 9.53931939e-01

success = 1
