# Result for min over alpha at 
kT = 1.1600e+00
mu = 9.9383e-01
Ngrid = 129

alpha_min = 8.52010652e+01
freeEnergy_min = -2.87304267e+00
density_min = 9.54027342e-01

success = 1
