# Result for min over alpha at 
kT = 1.5000e+00
mu = 4.3000e+00
Ngrid = 128

alpha_min = 7.40239682e+01
freeEnergy_min = -4.85625207e+00
density_min = 9.76562500e-01

success = 1
