# Result for min over alpha at 
kT = 7.0000e-01
mu = -6.4977e+00
Ngrid = 129

alpha_min = 1.48949554e+02
freeEnergy_min = 5.67133364e-01
density_min = 9.53931939e-01

success = 1
