# Result for min over alpha at 
kT = 1.0000e+00
mu = -1.1193e+00
Ngrid = 132

alpha_min = 5.87869673e+01
freeEnergy_min = -1.73675468e+00
density_min = 8.90447171e-01

success = 1
