# Result for min over alpha at 
kT = 7.6000e-01
mu = -5.5978e+00
Ngrid = 131

alpha_min = 9.69233234e+01
freeEnergy_min = 4.28873128e-01
density_min = 9.10904051e-01

success = 1
