# Result for min over alpha at 
kT = 1.3600e+00
mu = 3.5022e+00
Ngrid = 127

alpha_min = 1.04390527e+02
freeEnergy_min = -4.48150034e+00
density_min = 9.99713042e-01

success = 1
