# Result for min over alpha at 
kT = 1.0400e+00
mu = -3.4824e-01
Ngrid = 131

alpha_min = 6.71368240e+01
freeEnergy_min = -2.22263766e+00
density_min = 9.10995151e-01

success = 1
