# Result for min over alpha at 
kT = 9.2000e-01
mu = -2.3682e+00
Ngrid = 130

alpha_min = 9.32102492e+01
freeEnergy_min = -1.11829824e+00
density_min = 9.32180246e-01

success = 1
