# Result for min over alpha at 
kT = 1.2000e+00
mu = 1.8527e+00
Ngrid = 129

alpha_min = 8.16176213e+01
freeEnergy_min = -3.51477314e+00
density_min = 9.54027342e-01

success = 1
