# Result for min over alpha at 
kT = 1.0600e+00
mu = -7.3830e-02
Ngrid = 131

alpha_min = 6.53259227e+01
freeEnergy_min = -2.36709729e+00
density_min = 9.10995151e-01

success = 1
