# Result for min over alpha at 
kT = 7.4000e-01
mu = -5.8367e+00
Ngrid = 130

alpha_min = 1.17828796e+02
freeEnergy_min = 4.33618547e-01
density_min = 9.32087028e-01

success = 1
