# Result for min over alpha at 
kT = 1.2200e+00
mu = 1.6759e+00
Ngrid = 131

alpha_min = 5.37356383e+01
freeEnergy_min = -3.25487719e+00
density_min = 9.10995151e-01

success = 1
