# Result for min over alpha at 
kT = 1.4800e+00
mu = 4.5587e+00
Ngrid = 128

alpha_min = 7.54839602e+01
freeEnergy_min = -5.16319884e+00
density_min = 9.76562500e-01

success = 1
