# Result for min over alpha at 
kT = 1.4200e+00
mu = 3.8438e+00
Ngrid = 127

alpha_min = 9.88349647e+01
freeEnergy_min = -4.62400388e+00
density_min = 9.99813023e-01

success = 1
