# Result for min over alpha at 
kT = 1.4800e+00
mu = 4.5587e+00
Ngrid = 129

alpha_min = 6.08904554e+01
freeEnergy_min = -5.15227941e+00
density_min = 9.54027342e-01

success = 1
