# Result for min over alpha at 
kT = 7.0000e-01
mu = -6.8977e+00
Ngrid = 132

alpha_min = 8.99902594e+01
freeEnergy_min = 9.19830323e-01
density_min = 8.90447171e-01

success = 1
