# Result for min over alpha at 
kT = 1.1400e+00
mu = 1.1535e+00
Ngrid = 130

alpha_min = 7.17464902e+01
freeEnergy_min = -3.11784190e+00
density_min = 9.32180246e-01

success = 1
