# Result for min over alpha at 
kT = 8.0000e-01
mu = -4.1630e+00
Ngrid = 131

alpha_min = 9.17651583e+01
freeEnergy_min = -4.74171857e-01
density_min = 9.10995151e-01

success = 1
