# Result for min over alpha at 
kT = 1.3400e+00
mu = 2.9121e+00
Ngrid = 129

alpha_min = 7.03587874e+01
freeEnergy_min = -3.99691599e+00
density_min = 9.54027342e-01

success = 1
