# Result for min over alpha at 
kT = 1.4600e+00
mu = 4.1906e+00
Ngrid = 128

alpha_min = 7.69727479e+01
freeEnergy_min = -4.85982670e+00
density_min = 9.76562500e-01

success = 1
