# Result for min over alpha at 
kT = 9.4000e-01
mu = -2.0417e+00
Ngrid = 132

alpha_min = 6.38126493e+01
freeEnergy_min = -1.27586134e+00
density_min = 8.90447171e-01

success = 1
