# Result for min over alpha at 
kT = 1.2400e+00
mu = 1.8939e+00
Ngrid = 131

alpha_min = 5.22862111e+01
freeEnergy_min = -3.37952596e+00
density_min = 9.10995151e-01

success = 1
