# Result for min over alpha at 
kT = 8.8000e-01
mu = -2.6515e+00
Ngrid = 131

alpha_min = 8.22577562e+01
freeEnergy_min = -1.16126479e+00
density_min = 9.10995151e-01

success = 1
