# Result for min over alpha at 
kT = 8.6000e-01
mu = -3.2109e+00
Ngrid = 132

alpha_min = 7.11881546e+01
freeEnergy_min = -8.01843849e-01
density_min = 8.90447171e-01

success = 1
