# Result for min over alpha at 
kT = 9.0000e-01
mu = -2.7037e+00
Ngrid = 130

alpha_min = 9.54206666e+01
freeEnergy_min = -9.56648004e-01
density_min = 9.32180246e-01

success = 1
