# Result for min over alpha at 
kT = 1.0800e+00
mu = -6.7545e-03
Ngrid = 131

alpha_min = 6.38126493e+01
freeEnergy_min = -2.32702459e+00
density_min = 9.10995151e-01

success = 1
