# Result for min over alpha at 
kT = 1.2200e+00
mu = 1.6759e+00
Ngrid = 129

alpha_min = 7.97269511e+01
freeEnergy_min = -3.26215560e+00
density_min = 9.54027342e-01

success = 1
