# Result for min over alpha at 
kT = 1.2800e+00
mu = 2.7152e+00
Ngrid = 130

alpha_min = 6.11287739e+01
freeEnergy_min = -4.00894484e+00
density_min = 9.32180246e-01

success = 1
