# Result for min over alpha at 
kT = 1.0400e+00
mu = -5.4824e-01
Ngrid = 130

alpha_min = 8.06667472e+01
freeEnergy_min = -2.04059598e+00
density_min = 9.32180246e-01

success = 1
