# Result for min over alpha at 
kT = 9.6000e-01
mu = -1.5250e+00
Ngrid = 129

alpha_min = 1.06449446e+02
freeEnergy_min = -1.60933479e+00
density_min = 9.53931939e-01

success = 1
