# Result for min over alpha at 
kT = 8.0000e-01
mu = -4.3630e+00
Ngrid = 130

alpha_min = 1.08548973e+02
freeEnergy_min = -2.89121659e-01
density_min = 9.32087028e-01

success = 1
