# Result for min over alpha at 
kT = 1.4400e+00
mu = 4.2191e+00
Ngrid = 127

alpha_min = 9.69233234e+01
freeEnergy_min = -4.93707478e+00
density_min = 9.99813023e-01

success = 1
