# Result for min over alpha at 
kT = 8.0000e-01
mu = -4.5630e+00
Ngrid = 129

alpha_min = 1.29916110e+02
freeEnergy_min = -7.87528508e-02
density_min = 9.53931939e-01

success = 1
