# Result for min over alpha at 
kT = 9.2000e-01
mu = -1.9682e+00
Ngrid = 129

alpha_min = 1.11558061e+02
freeEnergy_min = -1.48024877e+00
density_min = 9.53931939e-01

success = 1
