# Result for min over alpha at 
kT = 1.3000e+00
mu = 2.5188e+00
Ngrid = 128

alpha_min = 8.96394207e+01
freeEnergy_min = -3.74825787e+00
density_min = 9.76562500e-01

success = 1
