# Result for min over alpha at 
kT = 1.0800e+00
mu = 1.9325e-01
Ngrid = 131

alpha_min = 6.38126493e+01
freeEnergy_min = -2.50922362e+00
density_min = 9.10995151e-01

success = 1
