# Result for min over alpha at 
kT = 8.2000e-01
mu = -3.7660e+00
Ngrid = 129

alpha_min = 1.26411845e+02
freeEnergy_min = -6.36459105e-01
density_min = 9.53931939e-01

success = 1
