# Result for min over alpha at 
kT = 8.0000e-01
mu = -4.1630e+00
Ngrid = 129

alpha_min = 1.29916110e+02
freeEnergy_min = -4.60325626e-01
density_min = 9.53931939e-01

success = 1
