# Result for min over alpha at 
kT = 7.8000e-01
mu = -4.9734e+00
Ngrid = 131

alpha_min = 9.43089822e+01
freeEnergy_min = 6.77407736e-02
density_min = 9.10995151e-01

success = 1
