# Result for min over alpha at 
kT = 1.0000e+00
mu = -9.1931e-01
Ngrid = 131

alpha_min = 7.06341639e+01
freeEnergy_min = -1.92752374e+00
density_min = 9.10995151e-01

success = 1
