# Result for min over alpha at 
kT = 1.4400e+00
mu = 3.8191e+00
Ngrid = 129

alpha_min = 6.33160553e+01
freeEnergy_min = -4.55585586e+00
density_min = 9.54027342e-01

success = 1
