# Result for min over alpha at 
kT = 1.3400e+00
mu = 3.1121e+00
Ngrid = 130

alpha_min = 5.72012892e+01
freeEnergy_min = -4.17773110e+00
density_min = 9.32180246e-01

success = 1
