# Result for min over alpha at 
kT = 1.2400e+00
mu = 1.8939e+00
Ngrid = 128

alpha_min = 9.54206666e+01
freeEnergy_min = -3.37333074e+00
density_min = 9.76562500e-01

success = 1
