# Result for min over alpha at 
kT = 7.2000e-01
mu = -6.2888e+00
Ngrid = 132

alpha_min = 8.72215502e+01
freeEnergy_min = 6.13619921e-01
density_min = 8.90447171e-01

success = 1
