# Result for min over alpha at 
kT = 1.0200e+00
mu = -8.3033e-01
Ngrid = 130

alpha_min = 8.25797040e+01
freeEnergy_min = -1.89280592e+00
density_min = 9.32180246e-01

success = 1
