# Result for min over alpha at 
kT = 7.0000e-01
mu = -6.2977e+00
Ngrid = 132

alpha_min = 8.99902594e+01
freeEnergy_min = 3.85562020e-01
density_min = 8.90447171e-01

success = 1
