# Result for min over alpha at 
kT = 1.3600e+00
mu = 3.3022e+00
Ngrid = 128

alpha_min = 8.45380252e+01
freeEnergy_min = -4.30139664e+00
density_min = 9.76562500e-01

success = 1
