# Result for min over alpha at 
kT = 8.2000e-01
mu = -3.7660e+00
Ngrid = 130

alpha_min = 1.06034439e+02
freeEnergy_min = -6.51230095e-01
density_min = 9.32087028e-01

success = 1
