# Result for min over alpha at 
kT = 9.0000e-01
mu = -2.5037e+00
Ngrid = 130

alpha_min = 9.54206666e+01
freeEnergy_min = -1.14308405e+00
density_min = 9.32180246e-01

success = 1
