# Result for min over alpha at 
kT = 8.8000e-01
mu = -3.0515e+00
Ngrid = 131

alpha_min = 8.22577562e+01
freeEnergy_min = -7.96866730e-01
density_min = 9.10995151e-01

success = 1
