# Result for min over alpha at 
kT = 8.2000e-01
mu = -3.7660e+00
Ngrid = 132

alpha_min = 7.54839602e+01
freeEnergy_min = -6.36503416e-01
density_min = 8.90447171e-01

success = 1
