# Result for min over alpha at 
kT = 1.0600e+00
mu = -2.7383e-01
Ngrid = 129

alpha_min = 9.50486567e+01
freeEnergy_min = -2.17392662e+00
density_min = 9.54027342e-01

success = 1
