# Result for min over alpha at 
kT = 1.2600e+00
mu = 2.5069e+00
Ngrid = 130

alpha_min = 6.25784010e+01
freeEnergy_min = -3.88680977e+00
density_min = 9.32180246e-01

success = 1
