# Result for min over alpha at 
kT = 7.0000e-01
mu = -6.2977e+00
Ngrid = 131

alpha_min = 1.05621050e+02
freeEnergy_min = 3.67656798e-01
density_min = 9.10904051e-01

success = 1
