# Result for min over alpha at 
kT = 9.6000e-01
mu = -1.3250e+00
Ngrid = 130

alpha_min = 8.85950898e+01
freeEnergy_min = -1.80904328e+00
density_min = 9.32180246e-01

success = 1
