# Result for min over alpha at 
kT = 1.3400e+00
mu = 2.9121e+00
Ngrid = 128

alpha_min = 8.62053884e+01
freeEnergy_min = -3.98870716e+00
density_min = 9.76562500e-01

success = 1
