# Result for min over alpha at 
kT = 1.1800e+00
mu = 1.4241e+00
Ngrid = 131

alpha_min = 5.63144654e+01
freeEnergy_min = -3.18179834e+00
density_min = 9.10995151e-01

success = 1
