# Result for min over alpha at 
kT = 9.4000e-01
mu = -1.6417e+00
Ngrid = 129

alpha_min = 1.08973822e+02
freeEnergy_min = -1.64145663e+00
density_min = 9.53931939e-01

success = 1
