# Result for min over alpha at 
kT = 1.1600e+00
mu = 9.9383e-01
Ngrid = 131

alpha_min = 5.78755599e+01
freeEnergy_min = -2.87263093e+00
density_min = 9.10995151e-01

success = 1
