# Result for min over alpha at 
kT = 8.0000e-01
mu = -4.5630e+00
Ngrid = 132

alpha_min = 7.75764527e+01
freeEnergy_min = -1.04704407e-01
density_min = 8.90447171e-01

success = 1
