# Result for min over alpha at 
kT = 1.3800e+00
mu = 3.6831e+00
Ngrid = 128

alpha_min = 8.32273846e+01
freeEnergy_min = -4.60744636e+00
density_min = 9.76562500e-01

success = 1
