# Result for min over alpha at 
kT = 9.4000e-01
mu = -1.8417e+00
Ngrid = 130

alpha_min = 9.10510361e+01
freeEnergy_min = -1.46497265e+00
density_min = 9.32180246e-01

success = 1
