# Result for min over alpha at 
kT = 1.0600e+00
mu = 1.2617e-01
Ngrid = 129

alpha_min = 9.50486567e+01
freeEnergy_min = -2.55553756e+00
density_min = 9.54027342e-01

success = 1
