# Result for min over alpha at 
kT = 9.2000e-01
mu = -2.1682e+00
Ngrid = 132

alpha_min = 6.55816011e+01
freeEnergy_min = -1.29491079e+00
density_min = 8.90447171e-01

success = 1
