# Result for min over alpha at 
kT = 1.4000e+00
mu = 3.8653e+00
Ngrid = 127

alpha_min = 1.00391389e+02
freeEnergy_min = -4.70961919e+00
density_min = 9.99813023e-01

success = 1
