# Result for min over alpha at 
kT = 1.3000e+00
mu = 2.5188e+00
Ngrid = 130

alpha_min = 5.99464363e+01
freeEnergy_min = -3.75642278e+00
density_min = 9.32180246e-01

success = 1
