# Result for min over alpha at 
kT = 1.0200e+00
mu = -6.3033e-01
Ngrid = 129

alpha_min = 9.92217938e+01
freeEnergy_min = -2.06913225e+00
density_min = 9.54027342e-01

success = 1
