# Result for min over alpha at 
kT = 7.6000e-01
mu = -5.5978e+00
Ngrid = 132

alpha_min = 8.22577562e+01
freeEnergy_min = 4.30614636e-01
density_min = 8.90447171e-01

success = 1
