# Result for min over alpha at 
kT = 8.4000e-01
mu = -3.3822e+00
Ngrid = 132

alpha_min = 7.31615629e+01
freeEnergy_min = -8.09548847e-01
density_min = 8.90447171e-01

success = 1
