# Result for min over alpha at 
kT = 9.6000e-01
mu = -1.3250e+00
Ngrid = 131

alpha_min = 7.43136899e+01
freeEnergy_min = -1.80387983e+00
density_min = 9.10995151e-01

success = 1
