# Result for min over alpha at 
kT = 9.4000e-01
mu = -2.0417e+00
Ngrid = 130

alpha_min = 9.10510361e+01
freeEnergy_min = -1.27853660e+00
density_min = 9.32180246e-01

success = 1
