# Result for min over alpha at 
kT = 1.4400e+00
mu = 3.8191e+00
Ngrid = 128

alpha_min = 7.84908993e+01
freeEnergy_min = -4.55490347e+00
density_min = 9.76562500e-01

success = 1
