# Result for min over alpha at 
kT = 1.2200e+00
mu = 1.6759e+00
Ngrid = 130

alpha_min = 6.55816011e+01
freeEnergy_min = -3.26423803e+00
density_min = 9.32180246e-01

success = 1
