# Result for min over alpha at 
kT = 1.0800e+00
mu = 1.9325e-01
Ngrid = 130

alpha_min = 7.69727479e+01
freeEnergy_min = -2.51556938e+00
density_min = 9.32180246e-01

success = 1
