# Result for min over alpha at 
kT = 1.3600e+00
mu = 3.1022e+00
Ngrid = 130

alpha_min = 5.58762227e+01
freeEnergy_min = -4.10591943e+00
density_min = 9.32180246e-01

success = 1
