# Result for min over alpha at 
kT = 1.1600e+00
mu = 1.1938e+00
Ngrid = 128

alpha_min = 1.01574771e+02
freeEnergy_min = -3.04624388e+00
density_min = 9.76562500e-01

success = 1
