# Result for min over alpha at 
kT = 1.2400e+00
mu = 1.8939e+00
Ngrid = 129

alpha_min = 7.81848923e+01
freeEnergy_min = -3.38917807e+00
density_min = 9.54027342e-01

success = 1
