# Result for min over alpha at 
kT = 8.2000e-01
mu = -4.1660e+00
Ngrid = 132

alpha_min = 7.54839602e+01
freeEnergy_min = -2.80324547e-01
density_min = 8.90447171e-01

success = 1
