# Result for min over alpha at 
kT = 9.8000e-01
mu = -1.2177e+00
Ngrid = 129

alpha_min = 1.03983547e+02
freeEnergy_min = -1.76544276e+00
density_min = 9.53931939e-01

success = 1
