# Result for min over alpha at 
kT = 8.4000e-01
mu = -3.3822e+00
Ngrid = 129

alpha_min = 1.23002101e+02
freeEnergy_min = -8.10400755e-01
density_min = 9.53931939e-01

success = 1
