# Result for min over alpha at 
kT = 1.4200e+00
mu = 4.0438e+00
Ngrid = 130

alpha_min = 5.22862111e+01
freeEnergy_min = -4.80829646e+00
density_min = 9.32180246e-01

success = 1
