# Result for min over alpha at 
kT = 1.3400e+00
mu = 3.1121e+00
Ngrid = 128

alpha_min = 8.62053884e+01
freeEnergy_min = -4.18401966e+00
density_min = 9.76562500e-01

success = 1
