# Result for min over alpha at 
kT = 1.1600e+00
mu = 1.3938e+00
Ngrid = 130

alpha_min = 7.00844845e+01
freeEnergy_min = -3.25174255e+00
density_min = 9.32180246e-01

success = 1
