# Result for min over alpha at 
kT = 9.0000e-01
mu = -2.5037e+00
Ngrid = 131

alpha_min = 8.00389936e+01
freeEnergy_min = -1.14420732e+00
density_min = 9.10995151e-01

success = 1
