# Result for min over alpha at 
kT = 1.2200e+00
mu = 2.0759e+00
Ngrid = 128

alpha_min = 9.73026706e+01
freeEnergy_min = -3.63538937e+00
density_min = 9.76562500e-01

success = 1
