# Result for min over alpha at 
kT = 1.1800e+00
mu = 1.6241e+00
Ngrid = 129

alpha_min = 8.32273846e+01
freeEnergy_min = -3.38378357e+00
density_min = 9.54027342e-01

success = 1
