# Result for min over alpha at 
kT = 9.6000e-01
mu = -1.7250e+00
Ngrid = 132

alpha_min = 6.20914120e+01
freeEnergy_min = -1.43218624e+00
density_min = 8.90447171e-01

success = 1
