# Result for min over alpha at 
kT = 1.2800e+00
mu = 2.3152e+00
Ngrid = 129

alpha_min = 7.48965394e+01
freeEnergy_min = -3.63786157e+00
density_min = 9.54027342e-01

success = 1
