# Result for min over alpha at 
kT = 1.3000e+00
mu = 2.5188e+00
Ngrid = 129

alpha_min = 7.34479092e+01
freeEnergy_min = -3.75949565e+00
density_min = 9.54027342e-01

success = 1
