# Result for min over alpha at 
kT = 1.3200e+00
mu = 2.7177e+00
Ngrid = 128

alpha_min = 8.79056373e+01
freeEnergy_min = -3.86940638e+00
density_min = 9.76562500e-01

success = 1
