# Result for min over alpha at 
kT = 7.8000e-01
mu = -4.9734e+00
Ngrid = 130

alpha_min = 1.11558061e+02
freeEnergy_min = 7.48009866e-02
density_min = 9.32087028e-01

success = 1
