# Result for min over alpha at 
kT = 1.4400e+00
mu = 3.8191e+00
Ngrid = 130

alpha_min = 5.10750023e+01
freeEnergy_min = -4.54411379e+00
density_min = 9.32180246e-01

success = 1
