# Result for min over alpha at 
kT = 7.2000e-01
mu = -5.8888e+00
Ngrid = 129

alpha_min = 1.44931894e+02
freeEnergy_min = 2.54659291e-01
density_min = 9.53931939e-01

success = 1
