# Result for min over alpha at 
kT = 1.5000e+00
mu = 4.7000e+00
Ngrid = 128

alpha_min = 7.40239682e+01
freeEnergy_min = -5.24687707e+00
density_min = 9.76562500e-01

success = 1
