# Result for min over alpha at 
kT = 1.4000e+00
mu = 3.6653e+00
Ngrid = 129

alpha_min = 6.60959640e+01
freeEnergy_min = -4.52558989e+00
density_min = 9.54027342e-01

success = 1
