# Result for min over alpha at 
kT = 1.2000e+00
mu = 1.8527e+00
Ngrid = 128

alpha_min = 9.92217938e+01
freeEnergy_min = -3.50484016e+00
density_min = 9.76562500e-01

success = 1
