# Result for min over alpha at 
kT = 8.6000e-01
mu = -3.0109e+00
Ngrid = 129

alpha_min = 1.20152760e+02
freeEnergy_min = -9.82016853e-01
density_min = 9.53931939e-01

success = 1
