# Result for min over alpha at 
kT = 1.3800e+00
mu = 3.4831e+00
Ngrid = 130

alpha_min = 5.45818514e+01
freeEnergy_min = -4.40057543e+00
density_min = 9.32180246e-01

success = 1
