# Result for min over alpha at 
kT = 1.2000e+00
mu = 1.4527e+00
Ngrid = 131

alpha_min = 5.50099422e+01
freeEnergy_min = -3.12823817e+00
density_min = 9.10995151e-01

success = 1
