# Result for min over alpha at 
kT = 1.0800e+00
mu = 1.9325e-01
Ngrid = 129

alpha_min = 9.28468569e+01
freeEnergy_min = -2.50906528e+00
density_min = 9.54027342e-01

success = 1
