# Result for min over alpha at 
kT = 8.6000e-01
mu = -3.4109e+00
Ngrid = 132

alpha_min = 7.11881546e+01
freeEnergy_min = -6.23754415e-01
density_min = 8.90447171e-01

success = 1
