# Result for min over alpha at 
kT = 1.2200e+00
mu = 2.0759e+00
Ngrid = 130

alpha_min = 6.55816011e+01
freeEnergy_min = -3.63711013e+00
density_min = 9.32180246e-01

success = 1
