# Result for min over alpha at 
kT = 1.1000e+00
mu = 4.5362e-01
Ngrid = 130

alpha_min = 7.51896761e+01
freeEnergy_min = -2.65669750e+00
density_min = 9.32180246e-01

success = 1
