# Result for min over alpha at 
kT = 1.0200e+00
mu = -8.3033e-01
Ngrid = 131

alpha_min = 6.87289279e+01
freeEnergy_min = -1.89357716e+00
density_min = 9.10995151e-01

success = 1
