# Result for min over alpha at 
kT = 8.8000e-01
mu = -2.6515e+00
Ngrid = 129

alpha_min = 1.16911845e+02
freeEnergy_min = -1.15116029e+00
density_min = 9.53931939e-01

success = 1
