# Result for min over alpha at 
kT = 1.1200e+00
mu = 7.0684e-01
Ngrid = 131

alpha_min = 6.06530660e+01
freeEnergy_min = -2.78680237e+00
density_min = 9.10995151e-01

success = 1
