# Result for min over alpha at 
kT = 1.2400e+00
mu = 1.8939e+00
Ngrid = 130

alpha_min = 6.40624050e+01
freeEnergy_min = -3.38996975e+00
density_min = 9.32180246e-01

success = 1
