# Result for min over alpha at 
kT = 1.5000e+00
mu = 4.7000e+00
Ngrid = 129

alpha_min = 5.94799295e+01
freeEnergy_min = -5.23507136e+00
density_min = 9.54027342e-01

success = 1
