# Result for min over alpha at 
kT = 1.2800e+00
mu = 2.7152e+00
Ngrid = 128

alpha_min = 9.14073998e+01
freeEnergy_min = -4.01571735e+00
density_min = 9.76562500e-01

success = 1
