# Result for min over alpha at 
kT = 1.0800e+00
mu = -6.7545e-03
Ngrid = 129

alpha_min = 9.28468569e+01
freeEnergy_min = -2.31825981e+00
density_min = 9.54027342e-01

success = 1
