# Result for min over alpha at 
kT = 1.1200e+00
mu = 9.0684e-01
Ngrid = 128

alpha_min = 1.07704238e+02
freeEnergy_min = -2.96606076e+00
density_min = 9.76464844e-01

success = 1
