# Result for min over alpha at 
kT = 1.1400e+00
mu = 9.5351e-01
Ngrid = 131

alpha_min = 5.92480392e+01
freeEnergy_min = -2.92197666e+00
density_min = 9.10995151e-01

success = 1
