# Result for min over alpha at 
kT = 7.0000e-01
mu = -6.8977e+00
Ngrid = 130

alpha_min = 1.24939102e+02
freeEnergy_min = 9.22161031e-01
density_min = 9.32087028e-01

success = 1
