# Result for min over alpha at 
kT = 1.3400e+00
mu = 3.1121e+00
Ngrid = 127

alpha_min = 1.06034439e+02
freeEnergy_min = -4.16239370e+00
density_min = 9.99713042e-01

success = 1
