# Result for min over alpha at 
kT = 1.1200e+00
mu = 7.0684e-01
Ngrid = 129

alpha_min = 8.89418412e+01
freeEnergy_min = -2.79119756e+00
density_min = 9.54027342e-01

success = 1
