# Result for min over alpha at 
kT = 1.4600e+00
mu = 3.9906e+00
Ngrid = 129

alpha_min = 6.20914120e+01
freeEnergy_min = -4.66403114e+00
density_min = 9.54027342e-01

success = 1
