# Result for min over alpha at 
kT = 1.3400e+00
mu = 2.9121e+00
Ngrid = 130

alpha_min = 5.72012892e+01
freeEnergy_min = -3.99129505e+00
density_min = 9.32180246e-01

success = 1
