# Result for min over alpha at 
kT = 9.2000e-01
mu = -2.3682e+00
Ngrid = 131

alpha_min = 7.81848923e+01
freeEnergy_min = -1.12305729e+00
density_min = 9.10995151e-01

success = 1
