# Result for min over alpha at 
kT = 1.3200e+00
mu = 2.9177e+00
Ngrid = 130

alpha_min = 5.85577786e+01
freeEnergy_min = -4.06120930e+00
density_min = 9.32180246e-01

success = 1
