# Result for min over alpha at 
kT = 8.6000e-01
mu = -3.2109e+00
Ngrid = 130

alpha_min = 1.00391389e+02
freeEnergy_min = -8.09111636e-01
density_min = 9.32087028e-01

success = 1
