# Result for min over alpha at 
kT = 1.0000e+00
mu = -1.1193e+00
Ngrid = 130

alpha_min = 8.45380252e+01
freeEnergy_min = -1.74367649e+00
density_min = 9.32180246e-01

success = 1
