# Result for solid computation at 
kT = 1.3000e+00
mu = 4.2000e+00

Ngrid_min = 9.20937023e+01
Cvac_min = 1.14226521e-04
alpha_min = 5.44850322e+01
freeEnergy_min = -4.81408047e+00
density_min = 9.26927992e-01

success = 1
