# Result for min over (Cvac,alpha) at 
kT = 1.3000e+00
mu = 3.8000e+00
Ngrid = 93

Cvac_min = 1.83663500e-04
alpha_min = 4.34527253e+01
freeEnergy_min = -4.44055088e+00
density_min = 9.00030612e-01

success = 1
