# Result for min over (Cvac,alpha) at 
kT = 1.3000e+00
mu = 4.2000e+00
Ngrid = 91

Cvac_min = 1.61496786e-04
alpha_min = 7.26658209e+01
freeEnergy_min = -4.79442163e+00
density_min = 9.60712121e-01

success = 1
