# Result for min over (Cvac,alpha) at 
kT = 4.0000e-01
mu = -1.1400e+01
Ngrid = 92

Cvac_min = 8.86616736e-06
alpha_min = 2.59126414e+02
freeEnergy_min = 3.99331794e-02
density_min = 9.29862333e-01

success = 1
