# Result for min over (Cvac,alpha) at 
kT = 4.0000e-01
mu = -1.1400e+01
Ngrid = 91

Cvac_min = 2.14937384e-05
alpha_min = 3.49295977e+02
freeEnergy_min = 1.95047652e-01
density_min = 9.60846646e-01

success = 1
