# Result for min over (Cvac,alpha) at 
kT = 4.0000e-01
mu = -1.1600e+01
Ngrid = 92

Cvac_min = 8.84449049e-06
alpha_min = 2.58996933e+02
freeEnergy_min = 2.25905774e-01
density_min = 9.29862353e-01

success = 1
