# Result for min over (Cvac,alpha) at 
kT = 4.0000e-01
mu = -1.1400e+01
Ngrid = 90

Cvac_min = 9.33441726e-05
alpha_min = 5.10659987e+02
freeEnergy_min = 4.94155956e-01
density_min = 9.93157154e-01

success = 1
