# Result for fluid-solid coexistence at 
kT = 1.0200e+00

fluidType = liquid

muCoex = -1.74803715e+00
freeEnergyCoex = -1.55491633e+00
densitySolidCoex = 9.27243775e-01
NgridCoex = 1.30220148e+02
CvacCoex = 2.35051460e-04
alphaCoex = 7.97416024e+01
densityFluidCoex = 7.74656798e-01

success = 1
