# Result for fluid-solid coexistence at 
kT = 9.8000e-01

fluidType = liquid

muCoex = -2.38455653e+00
freeEnergyCoex = -1.22926109e+00
densitySolidCoex = 9.24223000e-01
NgridCoex = 1.30361661e+02
CvacCoex = 2.39428200e-04
alphaCoex = 8.15633614e+01
densityFluidCoex = 7.61592040e-01

success = 1
