# Result for fluid-solid coexistence at 
kT = 9.6000e-01

fluidType = liquid

muCoex = -2.71563948e+00
freeEnergyCoex = -1.06337784e+00
densitySolidCoex = 9.22827478e-01
NgridCoex = 1.30427454e+02
CvacCoex = 2.38971446e-04
alphaCoex = 8.26661880e+01
densityFluidCoex = 7.54609031e-01

success = 1
