# Result for fluid-solid coexistence at 
kT = 8.0000e-01

fluidType = liquid

muCoex = -5.79036336e+00
freeEnergyCoex = 3.78462375e-01
densitySolidCoex = 9.16516769e-01
NgridCoex = 1.30728447e+02
CvacCoex = 1.85399427e-04
alphaCoex = 9.66129996e+01
densityFluidCoex = 6.70175341e-01

success = 1
