# Result for fluid-solid coexistence at 
kT = 9.4000e-01

fluidType = liquid

muCoex = -3.05855691e+00
freeEnergyCoex = -8.93361385e-01
densitySolidCoex = 9.21432744e-01
NgridCoex = 1.30493279e+02
CvacCoex = 2.38328856e-04
alphaCoex = 8.37707586e+01
densityFluidCoex = 7.47113597e-01

success = 1
