# Result for fluid-solid coexistence at 
kT = 7.4000e-01

fluidType = liquid

muCoex = -7.05121269e+00
freeEnergyCoex = 8.50407882e-01
densitySolidCoex = 9.22309965e-01
NgridCoex = 1.30457150e+02
CvacCoex = 1.12951611e-04
alphaCoex = 1.09879050e+02
densityFluidCoex = 5.86453123e-01

success = 1
