# Result for fluid-solid coexistence at 
kT = 1.0000e+00

fluidType = liquid

muCoex = -2.06161960e+00
freeEnergyCoex = -1.39350376e+00
densitySolidCoex = 9.25671170e-01
NgridCoex = 1.30293723e+02
CvacCoex = 2.37779103e-04
alphaCoex = 8.05890984e+01
densityFluidCoex = 7.68288188e-01

success = 1
