# Result for fluid-solid coexistence at 
kT = 1.0400e+00

fluidType = liquid

muCoex = -1.44335843e+00
freeEnergyCoex = -1.71358501e+00
densitySolidCoex = 9.28937469e-01
NgridCoex = 1.30141126e+02
CvacCoex = 2.31365481e-04
alphaCoex = 7.90129406e+01
densityFluidCoex = 7.80737549e-01

success = 1
