# Result for fluid-solid coexistence at 
kT = 8.2000e-01

fluidType = liquid

muCoex = -5.36158405e+00
freeEnergyCoex = 1.89342395e-01
densitySolidCoex = 9.16488977e-01
NgridCoex = 1.30729158e+02
CvacCoex = 1.98451419e-04
alphaCoex = 9.39997422e+01
densityFluidCoex = 6.85984995e-01

success = 1
