# Result for fluid-solid coexistence at 
kT = 1.0600e+00

fluidType = liquid

muCoex = -1.14717755e+00
freeEnergyCoex = -1.86958282e+00
densitySolidCoex = 9.30748737e-01
NgridCoex = 1.30056824e+02
CvacCoex = 2.27597729e-04
alphaCoex = 7.83928605e+01
densityFluidCoex = 7.86562175e-01

success = 1
