# Result for solid computation at 
kT = 1.3400e+00
mu = 2.0812e+00

Ngrid_min = 1.29010905e+02
Cvac_min = 1.99248795e-04
alpha_min = 7.06360431e+01
freeEnergy_min = -3.61644834e+00
density_min = 9.53595354e-01

success = 1
