# Result for solid computation at 
kT = 9.8000e-01
mu = -2.0616e+00

Ngrid_min = 1.29844805e+02
Cvac_min = 1.44900175e-04
alpha_min = 8.96394449e+01
freeEnergy_min = -1.52946864e+00
density_min = 9.35391850e-01

success = 1
