# Result for solid computation at 
kT = 1.0200e+00
mu = -1.4434e+00

Ngrid_min = 1.29712216e+02
Cvac_min = 1.46716229e-04
alpha_min = 8.76079031e+01
freeEnergy_min = -1.83904914e+00
density_min = 9.38261956e-01

success = 1
