# Result for solid computation at 
kT = 1.4800e+00
mu = 3.5876e+00

Ngrid_min = 1.28042978e+02
Cvac_min = 1.21488934e-04
alpha_min = 7.52680352e+01
freeEnergy_min = -4.60605459e+00
density_min = 9.75460743e-01

success = 1
