# Result for solid computation at 
kT = 8.2000e-01
mu = -5.3461e+00

Ngrid_min = 1.30701472e+02
Cvac_min = 1.93187881e-04
alpha_min = 9.44406254e+01
freeEnergy_min = 1.75163278e-01
density_min = 9.17075541e-01

success = 1
