# Result for solid computation at 
kT = 1.5000e+00
mu = 4.5000e+00

Ngrid_min = 1.26985826e+02
Cvac_min = 4.47110481e-05
alpha_min = 9.27231242e+01
freeEnergy_min = -5.44768951e+00
density_min = 1.00010320e+00

success = 1
