# Result for solid computation at 
kT = 1.4800e+00
mu = 3.3876e+00

Ngrid_min = 1.28329882e+02
Cvac_min = 1.60897205e-04
alpha_min = 7.07257121e+01
freeEnergy_min = -4.41162188e+00
density_min = 9.68893594e-01

success = 1
