# Result for solid computation at 
kT = 1.4200e+00
mu = 3.0479e+00

Ngrid_min = 1.28312449e+02
Cvac_min = 1.33055522e-04
alpha_min = 7.53010302e+01
freeEnergy_min = -4.27023664e+00
density_min = 9.69315596e-01

success = 1
