# Result for solid computation at 
kT = 1.4000e+00
mu = 3.0609e+00

Ngrid_min = 1.28126703e+02
Cvac_min = 1.04138153e-04
alpha_min = 7.98671207e+01
freeEnergy_min = -4.34984998e+00
density_min = 9.73566266e-01

success = 1
