# Result for solid computation at 
kT = 1.1000e+00
mu = -3.0580e-01

Ngrid_min = 1.29410189e+02
Cvac_min = 1.44475041e-04
alpha_min = 8.44808953e+01
freeEnergy_min = -2.43100203e+00
density_min = 9.44846151e-01

success = 1
