# Result for solid computation at 
kT = 1.4000e+00
mu = 2.8609e+00

Ngrid_min = 1.28397408e+02
Cvac_min = 1.37114191e-04
alpha_min = 7.54329764e+01
freeEnergy_min = -4.15575700e+00
density_min = 9.67388541e-01

success = 1
