# Result for solid computation at 
kT = 1.3600e+00
mu = 2.2753e+00

Ngrid_min = 1.28921864e+02
Cvac_min = 1.94578802e-04
alpha_min = 7.04840656e+01
freeEnergy_min = -3.73012098e+00
density_min = 9.55577382e-01

success = 1
