# Result for solid computation at 
kT = 1.0800e+00
mu = -9.7853e-01

Ngrid_min = 1.30175087e+02
Cvac_min = 2.66878964e-04
alpha_min = 7.48744928e+01
freeEnergy_min = -1.91184406e+00
density_min = 9.28175443e-01

success = 1
