# Result for solid computation at 
kT = 1.0000e+00
mu = -1.9480e+00

Ngrid_min = 1.30110151e+02
Cvac_min = 1.98709809e-04
alpha_min = 8.33499531e+01
freeEnergy_min = -1.49882108e+00
density_min = 9.29629480e-01

success = 1
