# Result for solid computation at 
kT = 1.3800e+00
mu = 2.6701e+00

Ngrid_min = 1.28480091e+02
Cvac_min = 1.41994831e-04
alpha_min = 7.56239779e+01
freeEnergy_min = -4.03985904e+00
density_min = 9.65517189e-01

success = 1
