# Result for solid computation at 
kT = 9.6000e-01
mu = -2.5846e+00

Ngrid_min = 1.30217601e+02
Cvac_min = 1.94166735e-04
alpha_min = 8.57958396e+01
freeEnergy_min = -1.18488107e+00
density_min = 9.27333920e-01

success = 1
