# Result for solid computation at 
kT = 1.4200e+00
mu = 3.2479e+00

Ngrid_min = 1.28036565e+02
Cvac_min = 1.01311370e-04
alpha_min = 7.98473555e+01
freeEnergy_min = -4.46472833e+00
density_min = 9.75627053e-01

success = 1
