# Result for solid computation at 
kT = 9.8000e-01
mu = -2.2616e+00

Ngrid_min = 1.30166917e+02
Cvac_min = 1.96943609e-04
alpha_min = 8.45053922e+01
freeEnergy_min = -1.34309107e+00
density_min = 9.28415205e-01

success = 1
