# Result for solid computation at 
kT = 1.5000e+00
mu = 3.9000e+00

Ngrid_min = 1.27741395e+02
Cvac_min = 9.71977484e-05
alpha_min = 7.88542948e+01
freeEnergy_min = -4.85208468e+00
density_min = 9.82411123e-01

success = 1
