# Result for solid computation at 
kT = 1.3400e+00
mu = 2.4812e+00

Ngrid_min = 1.28376404e+02
Cvac_min = 1.12954571e-04
alpha_min = 8.04197985e+01
freeEnergy_min = -4.00141039e+00
density_min = 9.67886899e-01

success = 1
