# Result for solid computation at 
kT = 1.2400e+00
mu = 1.2145e+00

Ngrid_min = 1.29153670e+02
Cvac_min = 1.70746423e-04
alpha_min = 7.62407009e+01
freeEnergy_min = -3.18690495e+00
density_min = 9.50463053e-01

success = 1
