# Result for solid computation at 
kT = 1.0600e+00
mu = -8.5876e-01

Ngrid_min = 1.29555634e+02
Cvac_min = 1.46347652e-04
alpha_min = 8.61195547e+01
freeEnergy_min = -2.13954966e+00
density_min = 9.41668777e-01

success = 1
