# Result for solid computation at 
kT = 1.4400e+00
mu = 3.0314e+00

Ngrid_min = 1.28501705e+02
Cvac_min = 1.71150416e-04
alpha_min = 7.10144808e+01
freeEnergy_min = -4.18935738e+00
density_min = 9.65005253e-01

success = 1
