# Result for solid computation at 
kT = 1.0800e+00
mu = -7.7853e-01

Ngrid_min = 1.29825970e+02
Cvac_min = 1.96344535e-04
alpha_min = 7.99879843e+01
freeEnergy_min = -2.09823311e+00
density_min = 9.35750936e-01

success = 1
