# Result for solid computation at 
kT = 1.3600e+00
mu = 2.4753e+00

Ngrid_min = 1.28580644e+02
Cvac_min = 1.45652740e-04
alpha_min = 7.56796030e+01
freeEnergy_min = -3.92200033e+00
density_min = 9.63253493e-01

success = 1
