# Result for solid computation at 
kT = 9.4000e-01
mu = -2.9156e+00

Ngrid_min = 1.30259418e+02
Cvac_min = 1.90049081e-04
alpha_min = 8.72825566e+01
freeEnergy_min = -1.02570002e+00
density_min = 9.26444775e-01

success = 1
