# Result for solid computation at 
kT = 8.8000e-01
mu = -4.1775e+00

Ngrid_min = 1.30693210e+02
Cvac_min = 2.34066108e-04
alpha_min = 8.73366432e+01
freeEnergy_min = -3.43799331e-01
density_min = 9.17211989e-01

success = 1
