# Result for solid computation at 
kT = 1.1400e+00
mu = 1.4690e-02

Ngrid_min = 1.29566412e+02
Cvac_min = 1.89165389e-04
alpha_min = 7.85139653e+01
freeEnergy_min = -2.51987871e+00
density_min = 9.41393458e-01

success = 1
