# Result for solid computation at 
kT = 7.0000e-01
mu = -7.6866e+00

Ngrid_min = 1.29901868e+02
Cvac_min = 4.70425177e-05
alpha_min = 1.28091088e+02
freeEnergy_min = 9.02942920e-01
density_min = 9.34250890e-01

success = 1
