# Result for solid computation at 
kT = 1.3800e+00
mu = 2.8701e+00

Ngrid_min = 1.28214460e+02
Cvac_min = 1.07382148e-04
alpha_min = 7.99529158e+01
freeEnergy_min = -4.23356495e+00
density_min = 9.71565027e-01

success = 1
