# Result for solid computation at 
kT = 1.4000e+00
mu = 2.6609e+00

Ngrid_min = 1.28718231e+02
Cvac_min = 1.83090881e-04
alpha_min = 7.06086386e+01
freeEnergy_min = -3.96242962e+00
density_min = 9.60131571e-01

success = 1
