# Result for solid computation at 
kT = 1.4400e+00
mu = 3.2314e+00

Ngrid_min = 1.28224953e+02
Cvac_min = 1.29008865e-04
alpha_min = 7.52313321e+01
freeEnergy_min = -4.38350475e+00
density_min = 9.71305466e-01

success = 1
