# Result for solid computation at 
kT = 1.0400e+00
mu = -1.3472e+00

Ngrid_min = 1.29979226e+02
Cvac_min = 1.98232033e-04
alpha_min = 8.14295932e+01
freeEnergy_min = -1.80305733e+00
density_min = 9.32442484e-01

success = 1
