# Result for solid computation at 
kT = 1.5000e+00
mu = 4.3000e+00

Ngrid_min = 1.27221814e+02
Cvac_min = 5.73739586e-05
alpha_min = 8.80825440e+01
freeEnergy_min = -5.24822777e+00
density_min = 9.94534465e-01

success = 1
