# Result for solid computation at 
kT = 8.2000e-01
mu = -4.9461e+00

Ngrid_min = 1.30095885e+02
Cvac_min = 1.03309943e-04
alpha_min = 1.04789565e+02
freeEnergy_min = -1.94975006e-01
density_min = 9.30024137e-01

success = 1
