# Result for solid computation at 
kT = 1.1400e+00
mu = 2.1469e-01

Ngrid_min = 1.29269837e+02
Cvac_min = 1.41422523e-04
alpha_min = 8.30296024e+01
freeEnergy_min = -2.70935837e+00
density_min = 9.47930327e-01

success = 1
