# Result for solid computation at 
kT = 7.4000e-01
mu = -7.2387e+00

Ngrid_min = 1.30766200e+02
Cvac_min = 1.53234311e-04
alpha_min = 1.04402325e+02
freeEnergy_min = 1.02336513e+00
density_min = 9.15750779e-01

success = 1
