# Result for solid computation at 
kT = 1.1000e+00
mu = -7.0580e-01

Ngrid_min = 1.30098326e+02
Cvac_min = 2.64017021e-04
alpha_min = 7.42081773e+01
freeEnergy_min = -2.05544650e+00
density_min = 9.29822313e-01

success = 1
