# Result for min over (Cvac,alpha) at 
kT = 1.0200e+00
mu = -1.4434e+00
Ngrid = 131

Cvac_min = 1.68007457e-04
alpha_min = 6.91956186e+01
freeEnergy_min = -1.82841639e+00
density_min = 9.10842097e-01

success = 1
