# Result for min over (Cvac,alpha) at 
kT = 1.1400e+00
mu = 1.4690e-02
Ngrid = 130

Cvac_min = 1.95239696e-04
alpha_min = 7.22311067e+01
freeEnergy_min = -2.51878626e+00
density_min = 9.31998247e-01

success = 1
