# Result for min over (Cvac,alpha) at 
kT = 7.6000e-01
mu = -6.8321e+00
Ngrid = 131

Cvac_min = 1.97829537e-04
alpha_min = 9.75258250e+01
freeEnergy_min = 8.90724959e-01
density_min = 9.10814929e-01

success = 1
