# Result for min over (Cvac,alpha) at 
kT = 8.8000e-01
mu = -3.9775e+00
Ngrid = 131

Cvac_min = 1.90158838e-04
alpha_min = 8.27905456e+01
freeEnergy_min = -5.25458252e-01
density_min = 9.10821917e-01

success = 1
