# Result for min over (Cvac,alpha) at 
kT = 1.1800e+00
mu = 7.1239e-01
Ngrid = 130

Cvac_min = 1.41254949e-04
alpha_min = 6.90249299e+01
freeEnergy_min = -2.97656919e+00
density_min = 9.32048571e-01

success = 1
