# Result for min over (Cvac,alpha) at 
kT = 1.1200e+00
mu = -4.4029e-01
Ngrid = 128

Cvac_min = 2.28153567e-04
alpha_min = 1.08392625e+02
freeEnergy_min = -2.16818531e+00
density_min = 9.76339694e-01

success = 1
