# Result for min over (Cvac,alpha) at 
kT = 1.3200e+00
mu = 2.2776e+00
Ngrid = 128

Cvac_min = 1.17296421e-04
alpha_min = 8.86342909e+01
freeEnergy_min = -3.87858064e+00
density_min = 9.76447953e-01

success = 1
