# Result for min over (Cvac,alpha) at 
kT = 1.3400e+00
mu = 2.4812e+00
Ngrid = 127

Cvac_min = 1.20242988e-04
alpha_min = 1.06840042e+02
freeEnergy_min = -3.98479978e+00
density_min = 9.99692803e-01

success = 1
