# Result for min over (Cvac,alpha) at 
kT = 1.1400e+00
mu = -1.8531e-01
Ngrid = 129

Cvac_min = 2.39583495e-04
alpha_min = 8.74465834e+01
freeEnergy_min = -2.32724914e+00
density_min = 9.53798772e-01

success = 1
