# Result for min over (Cvac,alpha) at 
kT = 1.1600e+00
mu = 2.6664e-01
Ngrid = 128

Cvac_min = 1.76673718e-04
alpha_min = 1.03997838e+02
freeEnergy_min = -2.64074485e+00
density_min = 9.76389967e-01

success = 1
