# Result for min over (Cvac,alpha) at 
kT = 9.2000e-01
mu = -3.0586e+00
Ngrid = 131

Cvac_min = 1.55715299e-04
alpha_min = 7.85823802e+01
freeEnergy_min = -1.04121843e+00
density_min = 9.10853295e-01

success = 1
