# Result for min over (Cvac,alpha) at 
kT = 8.2000e-01
mu = -5.5461e+00
Ngrid = 132

Cvac_min = 3.39952509e-04
alpha_min = 7.57498590e+01
freeEnergy_min = 3.62640288e-01
density_min = 8.90144462e-01

success = 1
