# Result for min over (Cvac,alpha) at 
kT = 7.2000e-01
mu = -7.2512e+00
Ngrid = 129

Cvac_min = 5.15967813e-05
alpha_min = 1.45819591e+02
freeEnergy_min = 7.85148776e-01
density_min = 9.53978117e-01

success = 1
