# Result for min over (Cvac,alpha) at 
kT = 1.3000e+00
mu = 1.8693e+00
Ngrid = 129

Cvac_min = 1.57633117e-04
alpha_min = 7.38253737e+01
freeEnergy_min = -3.56490106e+00
density_min = 9.53876955e-01

success = 1
