# Result for min over (Cvac,alpha) at 
kT = 1.2000e+00
mu = 9.5217e-01
Ngrid = 130

Cvac_min = 1.38035920e-04
alpha_min = 6.74705112e+01
freeEnergy_min = -3.10916095e+00
density_min = 9.32051571e-01

success = 1
