# Result for min over (Cvac,alpha) at 
kT = 1.4400e+00
mu = 3.2314e+00
Ngrid = 127

Cvac_min = 1.37175434e-04
alpha_min = 9.75006368e+01
freeEnergy_min = -4.37127084e+00
density_min = 9.99675873e-01

success = 1
