# Result for min over (Cvac,alpha) at 
kT = 1.0000e+00
mu = -1.7480e+00
Ngrid = 130

Cvac_min = 1.49778030e-04
alpha_min = 8.50655797e+01
freeEnergy_min = -1.68514509e+00
density_min = 9.32040626e-01

success = 1
