# Result for min over (Cvac,alpha) at 
kT = 1.1000e+00
mu = -7.0580e-01
Ngrid = 128

Cvac_min = 2.27974013e-04
alpha_min = 1.10702262e+02
freeEnergy_min = -2.02434356e+00
density_min = 9.76339869e-01

success = 1
