# Result for min over (Cvac,alpha) at 
kT = 9.2000e-01
mu = -3.2586e+00
Ngrid = 130

Cvac_min = 1.76709665e-04
alpha_min = 9.37516816e+01
freeEnergy_min = -8.61930034e-01
density_min = 9.32015521e-01

success = 1
