# Result for min over (Cvac,alpha) at 
kT = 9.8000e-01
mu = -2.2616e+00
Ngrid = 131

Cvac_min = 2.19114186e-04
alpha_min = 7.27550739e+01
freeEnergy_min = -1.33843031e+00
density_min = 9.10795539e-01

success = 1
