# Result for min over (Cvac,alpha) at 
kT = 1.0600e+00
mu = -1.0588e+00
Ngrid = 131

Cvac_min = 2.22763036e-04
alpha_min = 6.58117801e+01
freeEnergy_min = -1.94449033e+00
density_min = 9.10792215e-01

success = 1
