# Result for min over (Cvac,alpha) at 
kT = 8.6000e-01
mu = -4.1544e+00
Ngrid = 131

Cvac_min = 1.37317355e-04
alpha_min = 8.50253107e+01
freeEnergy_min = -5.36983667e-01
density_min = 9.10870056e-01

success = 1
