# Result for min over (Cvac,alpha) at 
kT = 8.4000e-01
mu = -4.7438e+00
Ngrid = 131

Cvac_min = 1.70133363e-04
alpha_min = 8.73277334e+01
freeEnergy_min = -1.81754254e-01
density_min = 9.10840160e-01

success = 1
