# Result for min over (Cvac,alpha) at 
kT = 8.2000e-01
mu = -5.3461e+00
Ngrid = 131

Cvac_min = 2.05714065e-04
alpha_min = 8.97170769e+01
freeEnergy_min = 1.75662243e-01
density_min = 9.10807746e-01

success = 1
