# Result for min over (Cvac,alpha) at 
kT = 7.0000e-01
mu = -7.2866e+00
Ngrid = 128

Cvac_min = 2.16537408e-05
alpha_min = 1.80810151e+02
freeEnergy_min = 5.50127716e-01
density_min = 9.76541354e-01

success = 1
