# Result for min over (Cvac,alpha) at 
kT = 1.5000e+00
mu = 3.7000e+00
Ngrid = 127

Cvac_min = 1.35166263e-04
alpha_min = 9.24006126e+01
freeEnergy_min = -4.64790280e+00
density_min = 9.99677882e-01

success = 1
