# Result for min over (Cvac,alpha) at 
kT = 1.5000e+00
mu = 4.5000e+00
Ngrid = 126

Cvac_min = 5.18847283e-05
alpha_min = 1.14788446e+02
freeEnergy_min = -5.43803254e+00
density_min = 1.02375440e+00

success = 1
