# Result for min over (Cvac,alpha) at 
kT = 1.4200e+00
mu = 3.0479e+00
Ngrid = 129

Cvac_min = 1.31282352e-04
alpha_min = 6.51725979e+01
freeEnergy_min = -4.26631978e+00
density_min = 9.53902095e-01

success = 1
