# Result for min over (Cvac,alpha) at 
kT = 1.0600e+00
mu = -1.2588e+00
Ngrid = 131

Cvac_min = 2.97679894e-04
alpha_min = 6.57941448e+01
freeEnergy_min = -1.76233840e+00
density_min = 9.10723966e-01

success = 1
