# Result for min over (Cvac,alpha) at 
kT = 1.1000e+00
mu = -7.0580e-01
Ngrid = 131

Cvac_min = 2.94119353e-04
alpha_min = 6.26084646e+01
freeEnergy_min = -2.05049517e+00
density_min = 9.10727210e-01

success = 1
