# Result for min over (Cvac,alpha) at 
kT = 1.1600e+00
mu = 4.6664e-01
Ngrid = 129

Cvac_min = 1.38355912e-04
alpha_min = 8.56106018e+01
freeEnergy_min = -2.84665677e+00
density_min = 9.53895346e-01

success = 1
