# Result for min over (Cvac,alpha) at 
kT = 1.5000e+00
mu = 3.9000e+00
Ngrid = 126

Cvac_min = 1.13130428e-04
alpha_min = 1.14763501e+02
freeEnergy_min = -4.82379636e+00
density_min = 1.02369170e+00

success = 1
