# Result for min over (Cvac,alpha) at 
kT = 8.2000e-01
mu = -5.3461e+00
Ngrid = 130

Cvac_min = 1.70229603e-04
alpha_min = 1.06550383e+02
freeEnergy_min = 1.77918263e-01
density_min = 9.32021561e-01

success = 1
