# Result for min over (Cvac,alpha) at 
kT = 1.0400e+00
mu = -1.5472e+00
Ngrid = 130

Cvac_min = 2.61388553e-04
alpha_min = 8.10930375e+01
freeEnergy_min = -1.61666119e+00
density_min = 9.31936585e-01

success = 1
