# Result for min over (Cvac,alpha) at 
kT = 1.3000e+00
mu = 2.0693e+00
Ngrid = 129

Cvac_min = 1.17895651e-04
alpha_min = 7.38408656e+01
freeEnergy_min = -3.75568036e+00
density_min = 9.53914866e-01

success = 1
