# Result for min over (Cvac,alpha) at 
kT = 1.3000e+00
mu = 1.6693e+00
Ngrid = 130

Cvac_min = 2.20796965e-04
alpha_min = 6.02235155e+01
freeEnergy_min = -3.36993629e+00
density_min = 9.31974423e-01

success = 1
