# Result for min over (Cvac,alpha) at 
kT = 1.2600e+00
mu = 1.2378e+00
Ngrid = 130

Cvac_min = 2.32328751e-04
alpha_min = 6.30063244e+01
freeEnergy_min = -3.12207953e+00
density_min = 9.31963674e-01

success = 1
