# Result for min over (Cvac,alpha) at 
kT = 1.1200e+00
mu = -4.0288e-02
Ngrid = 130

Cvac_min = 1.47415429e-04
alpha_min = 7.39237756e+01
freeEnergy_min = -2.56953576e+00
density_min = 9.32042828e-01

success = 1
