# Result for min over (Cvac,alpha) at 
kT = 8.6000e-01
mu = -4.5544e+00
Ngrid = 132

Cvac_min = 2.91868836e-04
alpha_min = 7.16102151e+01
freeEnergy_min = -1.64081051e-01
density_min = 8.90187278e-01

success = 1
