# Result for min over (Cvac,alpha) at 
kT = 1.1400e+00
mu = 1.4690e-02
Ngrid = 129

Cvac_min = 1.83564406e-04
alpha_min = 8.74610876e+01
freeEnergy_min = -2.51801444e+00
density_min = 9.53852216e-01

success = 1
