# Result for min over (Cvac,alpha) at 
kT = 9.6000e-01
mu = -2.5846e+00
Ngrid = 129

Cvac_min = 1.69816224e-04
alpha_min = 1.07069198e+02
freeEnergy_min = -1.17474329e+00
density_min = 9.53865332e-01

success = 1
