# Result for min over (Cvac,alpha) at 
kT = 1.3400e+00
mu = 2.0812e+00
Ngrid = 130

Cvac_min = 2.09763801e-04
alpha_min = 5.75584909e+01
freeEnergy_min = -3.60989480e+00
density_min = 9.31984708e-01

success = 1
