# Result for min over (Cvac,alpha) at 
kT = 1.4400e+00
mu = 3.2314e+00
Ngrid = 129

Cvac_min = 1.26846299e-04
alpha_min = 6.38372211e+01
freeEnergy_min = -4.37860717e+00
density_min = 9.53906327e-01

success = 1
