# Result for min over (Cvac,alpha) at 
kT = 8.0000e-01
mu = -5.3616e+00
Ngrid = 130

Cvac_min = 9.32328372e-05
alpha_min = 1.09453339e+02
freeEnergy_min = -1.81595943e-02
density_min = 9.32093336e-01

success = 1
