# Result for min over (Cvac,alpha) at 
kT = 8.2000e-01
mu = -5.1461e+00
Ngrid = 129

Cvac_min = 1.13768744e-04
alpha_min = 1.27267704e+02
freeEnergy_min = 5.06352555e-03
density_min = 9.53918803e-01

success = 1
