# Result for min over (Cvac,alpha) at 
kT = 1.1800e+00
mu = 3.1239e-01
Ngrid = 130

Cvac_min = 2.51741849e-04
alpha_min = 6.89883105e+01
freeEnergy_min = -2.60376852e+00
density_min = 9.31945577e-01

success = 1
