# Result for min over (Cvac,alpha) at 
kT = 7.4000e-01
mu = -6.6387e+00
Ngrid = 129

Cvac_min = 5.11528179e-05
alpha_min = 1.41764415e+02
freeEnergy_min = 4.74727169e-01
density_min = 9.53978540e-01

success = 1
