# Result for min over (Cvac,alpha) at 
kT = 1.2600e+00
mu = 1.4378e+00
Ngrid = 129

Cvac_min = 1.65921590e-04
alpha_min = 7.69824242e+01
freeEnergy_min = -3.31466842e+00
density_min = 9.53869048e-01

success = 1
