# Result for min over (Cvac,alpha) at 
kT = 7.0000e-01
mu = -7.4866e+00
Ngrid = 130

Cvac_min = 3.71274039e-05
alpha_min = 1.25933049e+02
freeEnergy_min = 7.16598049e-01
density_min = 9.32145636e-01

success = 1
