# Result for min over (Cvac,alpha) at 
kT = 9.6000e-01
mu = -2.3846e+00
Ngrid = 130

Cvac_min = 1.44692231e-04
alpha_min = 8.92640047e+01
freeEnergy_min = -1.37096244e+00
density_min = 9.32045367e-01

success = 1
