# Result for min over (Cvac,alpha) at 
kT = 1.1800e+00
mu = 3.1239e-01
Ngrid = 129

Cvac_min = 2.34930191e-04
alpha_min = 8.37605225e+01
freeEnergy_min = -2.60090661e+00
density_min = 9.53803212e-01

success = 1
