# Result for min over (Cvac,alpha) at 
kT = 1.4200e+00
mu = 3.2479e+00
Ngrid = 128

Cvac_min = 1.01524040e-04
alpha_min = 8.04685285e+01
freeEnergy_min = -4.46471735e+00
density_min = 9.76463355e-01

success = 1
