# Result for min over (Cvac,alpha) at 
kT = 1.1600e+00
mu = 2.6664e-01
Ngrid = 129

Cvac_min = 1.81274827e-04
alpha_min = 8.55978836e+01
freeEnergy_min = -2.65588169e+00
density_min = 9.53854401e-01

success = 1
