# Result for min over (Cvac,alpha) at 
kT = 7.8000e-01
mu = -6.1904e+00
Ngrid = 130

Cvac_min = 1.39726730e-04
alpha_min = 1.12447224e+02
freeEnergy_min = 5.32292968e-01
density_min = 9.32049995e-01

success = 1
