# Result for min over (Cvac,alpha) at 
kT = 8.6000e-01
mu = -4.1544e+00
Ngrid = 130

Cvac_min = 1.17886161e-04
alpha_min = 1.01147110e+02
freeEnergy_min = -5.43218393e-01
density_min = 9.32070355e-01

success = 1
