# Result for min over (Cvac,alpha) at 
kT = 1.5000e+00
mu = 4.5000e+00
Ngrid = 128

Cvac_min = 3.81246070e-05
alpha_min = 7.45684543e+01
freeEnergy_min = -5.43746919e+00
density_min = 9.76525269e-01

success = 1
