# Result for min over (Cvac,alpha) at 
kT = 7.8000e-01
mu = -6.1904e+00
Ngrid = 132

Cvac_min = 2.18868265e-04
alpha_min = 8.02571121e+01
freeEnergy_min = 5.40669442e-01
density_min = 8.90252281e-01

success = 1
