# Result for min over (Cvac,alpha) at 
kT = 1.2000e+00
mu = 9.5217e-01
Ngrid = 128

Cvac_min = 1.33840788e-04
alpha_min = 9.98466995e+01
freeEnergy_min = -3.10840511e+00
density_min = 9.76431796e-01

success = 1
