# Result for min over (Cvac,alpha) at 
kT = 1.0200e+00
mu = -1.4434e+00
Ngrid = 129

Cvac_min = 1.40034552e-04
alpha_min = 9.99027752e+01
freeEnergy_min = -1.83579690e+00
density_min = 9.53893745e-01

success = 1
