# Result for min over (Cvac,alpha) at 
kT = 1.2800e+00
mu = 1.4560e+00
Ngrid = 129

Cvac_min = 2.15074161e-04
alpha_min = 7.53695300e+01
freeEnergy_min = -3.24992557e+00
density_min = 9.53822155e-01

success = 1
