# Result for min over (Cvac,alpha) at 
kT = 9.2000e-01
mu = -3.0586e+00
Ngrid = 130

Cvac_min = 1.36054989e-04
alpha_min = 9.37598136e+01
freeEnergy_min = -1.04833707e+00
density_min = 9.32053418e-01

success = 1
