# Result for min over (Cvac,alpha) at 
kT = 1.0800e+00
mu = -9.7853e-01
Ngrid = 130

Cvac_min = 2.61742488e-04
alpha_min = 7.73876326e+01
freeEnergy_min = -1.91165398e+00
density_min = 9.31936255e-01

success = 1
