# Result for min over (Cvac,alpha) at 
kT = 9.6000e-01
mu = -2.5846e+00
Ngrid = 131

Cvac_min = 2.16169595e-04
alpha_min = 7.46300855e+01
freeEnergy_min = -1.18069516e+00
density_min = 9.10798222e-01

success = 1
