# Result for min over (Cvac,alpha) at 
kT = 9.6000e-01
mu = -2.3846e+00
Ngrid = 129

Cvac_min = 1.32157815e-04
alpha_min = 1.07087889e+02
freeEnergy_min = -1.36552009e+00
density_min = 9.53901259e-01

success = 1
