# Result for min over (Cvac,alpha) at 
kT = 1.3400e+00
mu = 2.0812e+00
Ngrid = 128

Cvac_min = 1.96799813e-04
alpha_min = 8.68922489e+01
freeEnergy_min = -3.60960261e+00
density_min = 9.76370313e-01

success = 1
