# Result for min over (Cvac,alpha) at 
kT = 1.3600e+00
mu = 2.6753e+00
Ngrid = 130

Cvac_min = 1.08313400e-04
alpha_min = 5.62956557e+01
freeEnergy_min = -4.09527984e+00
density_min = 9.32079278e-01

success = 1
