# Result for min over (Cvac,alpha) at 
kT = 1.2400e+00
mu = 1.0145e+00
Ngrid = 130

Cvac_min = 2.37565689e-04
alpha_min = 6.44492194e+01
freeEnergy_min = -2.99532903e+00
density_min = 9.31958792e-01

success = 1
