# Result for min over (Cvac,alpha) at 
kT = 8.4000e-01
mu = -4.9438e+00
Ngrid = 130

Cvac_min = 1.84402348e-04
alpha_min = 1.03786101e+02
freeEnergy_min = 2.73108704e-03
density_min = 9.32008350e-01

success = 1
