# Result for min over (Cvac,alpha) at 
kT = 9.8000e-01
mu = -2.2616e+00
Ngrid = 129

Cvac_min = 1.74938406e-04
alpha_min = 1.04591833e+02
freeEnergy_min = -1.33394658e+00
density_min = 9.53860446e-01

success = 1
