# Result for min over (Cvac,alpha) at 
kT = 8.8000e-01
mu = -4.1775e+00
Ngrid = 132

Cvac_min = 3.07123098e-04
alpha_min = 6.96448151e+01
freeEnergy_min = -3.34720210e-01
density_min = 8.90173695e-01

success = 1
