# Result for min over (Cvac,alpha) at 
kT = 7.4000e-01
mu = -6.8387e+00
Ngrid = 130

Cvac_min = 7.78938564e-05
alpha_min = 1.18878534e+02
freeEnergy_min = 6.54073920e-01
density_min = 9.32107635e-01

success = 1
