# Result for min over (Cvac,alpha) at 
kT = 1.1800e+00
mu = 5.1239e-01
Ngrid = 129

Cvac_min = 1.79400047e-04
alpha_min = 8.37802839e+01
freeEnergy_min = -2.79167272e+00
density_min = 9.53856189e-01

success = 1
