# Result for min over (Cvac,alpha) at 
kT = 1.1800e+00
mu = 5.1239e-01
Ngrid = 128

Cvac_min = 1.75345537e-04
alpha_min = 1.01887585e+02
freeEnergy_min = -2.77795071e+00
density_min = 9.76391264e-01

success = 1
