# Result for min over (Cvac,alpha) at 
kT = 1.2400e+00
mu = 1.4145e+00
Ngrid = 130

Cvac_min = 1.30919259e-04
alpha_min = 6.44810546e+01
freeEnergy_min = -3.36813415e+00
density_min = 9.32058205e-01

success = 1
