# Result for min over (Cvac,alpha) at 
kT = 8.8000e-01
mu = -3.9775e+00
Ngrid = 129

Cvac_min = 1.42118409e-04
alpha_min = 1.17930404e+02
freeEnergy_min = -5.15128570e-01
density_min = 9.53891757e-01

success = 1
