# Result for min over (Cvac,alpha) at 
kT = 1.1000e+00
mu = -3.0580e-01
Ngrid = 130

Cvac_min = 1.49312662e-04
alpha_min = 7.56470602e+01
freeEnergy_min = -2.42818499e+00
density_min = 9.32041059e-01

success = 1
