# Result for min over (Cvac,alpha) at 
kT = 7.0000e-01
mu = -7.6866e+00
Ngrid = 131

Cvac_min = 6.02927183e-05
alpha_min = 1.06457087e+02
freeEnergy_min = 9.13371251e-01
density_min = 9.10940225e-01

success = 1
