# Result for min over (Cvac,alpha) at 
kT = 1.4800e+00
mu = 3.5876e+00
Ngrid = 128

Cvac_min = 1.21721315e-04
alpha_min = 7.59704552e+01
freeEnergy_min = -4.60604001e+00
density_min = 9.76443632e-01

success = 1
