# Result for min over (Cvac,alpha) at 
kT = 1.3200e+00
mu = 1.8776e+00
Ngrid = 128

Cvac_min = 2.01551757e-04
alpha_min = 8.86010683e+01
freeEnergy_min = -3.48801661e+00
density_min = 9.76365672e-01

success = 1
