# Result for min over (Cvac,alpha) at 
kT = 1.3400e+00
mu = 2.2812e+00
Ngrid = 128

Cvac_min = 1.50556606e-04
alpha_min = 8.69072679e+01
freeEnergy_min = -3.80488136e+00
density_min = 9.76415472e-01

success = 1
