# Result for min over (Cvac,alpha) at 
kT = 9.8000e-01
mu = -2.2616e+00
Ngrid = 130

Cvac_min = 1.93148740e-04
alpha_min = 8.71191289e+01
freeEnergy_min = -1.34290396e+00
density_min = 9.32000196e-01

success = 1
