# Result for min over (Cvac,alpha) at 
kT = 1.4400e+00
mu = 3.0314e+00
Ngrid = 127

Cvac_min = 1.78205944e-04
alpha_min = 9.74870539e+01
freeEnergy_min = -4.17133958e+00
density_min = 9.99634851e-01

success = 1
