# Result for min over (Cvac,alpha) at 
kT = 8.4000e-01
mu = -4.9438e+00
Ngrid = 132

Cvac_min = 2.77227465e-04
alpha_min = 7.36520991e+01
freeEnergy_min = 9.09513118e-03
density_min = 8.90200315e-01

success = 1
