# Result for min over (Cvac,alpha) at 
kT = 1.2200e+00
mu = 9.8588e-01
Ngrid = 130

Cvac_min = 1.81594579e-04
alpha_min = 6.59431189e+01
freeEnergy_min = -3.05302482e+00
density_min = 9.32010967e-01

success = 1
