# Result for min over (Cvac,alpha) at 
kT = 8.0000e-01
mu = -5.5616e+00
Ngrid = 130

Cvac_min = 1.20348658e-04
alpha_min = 1.09446090e+02
freeEnergy_min = 1.68256666e-01
density_min = 9.32068059e-01

success = 1
