# Result for min over (Cvac,alpha) at 
kT = 7.2000e-01
mu = -7.4512e+00
Ngrid = 129

Cvac_min = 6.56308466e-05
alpha_min = 1.45814426e+02
freeEnergy_min = 9.75943112e-01
density_min = 9.53964728e-01

success = 1
