# Result for min over (Cvac,alpha) at 
kT = 7.8000e-01
mu = -5.9904e+00
Ngrid = 129

Cvac_min = 9.18540822e-05
alpha_min = 1.34187345e+02
freeEnergy_min = 3.59371871e-01
density_min = 9.53939710e-01

success = 1
