# Result for min over (Cvac,alpha) at 
kT = 1.0400e+00
mu = -1.1472e+00
Ngrid = 130

Cvac_min = 1.51410613e-04
alpha_min = 8.11305371e+01
freeEnergy_min = -1.98945816e+00
density_min = 9.32039104e-01

success = 1
