# Result for min over (Cvac,alpha) at 
kT = 9.8000e-01
mu = -2.4616e+00
Ngrid = 129

Cvac_min = 2.25582304e-04
alpha_min = 1.04576739e+02
freeEnergy_min = -1.14317909e+00
density_min = 9.53812130e-01

success = 1
