# Result for min over (Cvac,alpha) at 
kT = 1.3800e+00
mu = 2.6701e+00
Ngrid = 129

Cvac_min = 1.41361184e-04
alpha_min = 6.79346647e+01
freeEnergy_min = -4.03754578e+00
density_min = 9.53892479e-01

success = 1
