# Result for min over (Cvac,alpha) at 
kT = 7.2000e-01
mu = -7.4512e+00
Ngrid = 130

Cvac_min = 7.93047891e-05
alpha_min = 1.22314750e+02
freeEnergy_min = 9.62290485e-01
density_min = 9.32106319e-01

success = 1
