# Result for min over (Cvac,alpha) at 
kT = 7.0000e-01
mu = -7.2866e+00
Ngrid = 130

Cvac_min = 2.87744489e-05
alpha_min = 1.25934034e+02
freeEnergy_min = 5.30168110e-01
density_min = 9.32153423e-01

success = 1
