# Result for min over (Cvac,alpha) at 
kT = 1.0800e+00
mu = -5.7853e-01
Ngrid = 129

Cvac_min = 1.41645944e-04
alpha_min = 9.34117213e+01
freeEnergy_min = -2.28482214e+00
density_min = 9.53892208e-01

success = 1
