# Result for min over (Cvac,alpha) at 
kT = 1.4000e+00
mu = 2.8609e+00
Ngrid = 129

Cvac_min = 1.36546292e-04
alpha_min = 6.65441811e+01
freeEnergy_min = -4.15269936e+00
density_min = 9.53897073e-01

success = 1
