# Result for min over (Cvac,alpha) at 
kT = 1.3600e+00
mu = 2.6753e+00
Ngrid = 129

Cvac_min = 1.08382181e-04
alpha_min = 6.93743881e+01
freeEnergy_min = -4.11163535e+00
density_min = 9.53923942e-01

success = 1
