# Result for min over (Cvac,alpha) at 
kT = 1.4000e+00
mu = 3.0609e+00
Ngrid = 128

Cvac_min = 1.04813252e-04
alpha_min = 8.20271656e+01
freeEnergy_min = -4.34971595e+00
density_min = 9.76460143e-01

success = 1
