# Result for min over (Cvac,alpha) at 
kT = 9.2000e-01
mu = -3.0586e+00
Ngrid = 129

Cvac_min = 1.22507325e-04
alpha_min = 1.12306171e+02
freeEnergy_min = -1.04140712e+00
density_min = 9.53910466e-01

success = 1
