# Result for min over (Cvac,alpha) at 
kT = 1.1600e+00
mu = 6.6642e-02
Ngrid = 129

Cvac_min = 2.37384413e-04
alpha_min = 8.55778519e+01
freeEnergy_min = -2.46511604e+00
density_min = 9.53800870e-01

success = 1
