# Result for min over (Cvac,alpha) at 
kT = 1.0400e+00
mu = -1.5472e+00
Ngrid = 131

Cvac_min = 2.97757467e-04
alpha_min = 6.74483875e+01
freeEnergy_min = -1.61427739e+00
density_min = 9.10723895e-01

success = 1
