# Result for min over (Cvac,alpha) at 
kT = 1.2200e+00
mu = 1.1859e+00
Ngrid = 128

Cvac_min = 1.31591773e-04
alpha_min = 9.78541987e+01
freeEnergy_min = -3.24125523e+00
density_min = 9.76433992e-01

success = 1
