# Result for min over (Cvac,alpha) at 
kT = 1.2800e+00
mu = 1.8560e+00
Ngrid = 129

Cvac_min = 1.21566499e-04
alpha_min = 7.54005562e+01
freeEnergy_min = -3.63147384e+00
density_min = 9.53911364e-01

success = 1
