# Result for min over (Cvac,alpha) at 
kT = 1.2800e+00
mu = 1.6560e+00
Ngrid = 130

Cvac_min = 1.67873268e-04
alpha_min = 6.16171093e+01
freeEnergy_min = -3.43331894e+00
density_min = 9.32023758e-01

success = 1
