# Result for min over (Cvac,alpha) at 
kT = 1.2000e+00
mu = 7.5217e-01
Ngrid = 130

Cvac_min = 1.85277418e-04
alpha_min = 6.74583169e+01
freeEnergy_min = -2.92275485e+00
density_min = 9.32007534e-01

success = 1
