# Result for min over (Cvac,alpha) at 
kT = 1.3000e+00
mu = 1.8693e+00
Ngrid = 128

Cvac_min = 1.57886540e-04
alpha_min = 9.03749059e+01
freeEnergy_min = -3.55973778e+00
density_min = 9.76408314e-01

success = 1
