# Result for min over (Cvac,alpha) at 
kT = 1.3800e+00
mu = 2.8701e+00
Ngrid = 129

Cvac_min = 1.04287780e-04
alpha_min = 6.79522632e+01
freeEnergy_min = -4.22832801e+00
density_min = 9.53927848e-01

success = 1
