# Result for min over (Cvac,alpha) at 
kT = 9.2000e-01
mu = -3.2586e+00
Ngrid = 129

Cvac_min = 1.57458444e-04
alpha_min = 1.12295352e+02
freeEnergy_min = -8.50628260e-01
density_min = 9.53877122e-01

success = 1
