# Result for min over (Cvac,alpha) at 
kT = 1.4400e+00
mu = 3.4314e+00
Ngrid = 127

Cvac_min = 1.04810234e-04
alpha_min = 9.75136025e+01
freeEnergy_min = -4.57120938e+00
density_min = 9.99708233e-01

success = 1
