# Result for min over (Cvac,alpha) at 
kT = 1.2200e+00
mu = 7.8588e-01
Ngrid = 131

Cvac_min = 2.71056381e-04
alpha_min = 5.39956847e+01
freeEnergy_min = -2.85623797e+00
density_min = 9.10748220e-01

success = 1
