# Result for min over (Cvac,alpha) at 
kT = 7.6000e-01
mu = -6.2321e+00
Ngrid = 131

Cvac_min = 9.05183839e-05
alpha_min = 9.75524727e+01
freeEnergy_min = 3.44203006e-01
density_min = 9.10912689e-01

success = 1
