# Result for min over (Cvac,alpha) at 
kT = 1.3400e+00
mu = 2.4812e+00
Ngrid = 129

Cvac_min = 1.11230829e-04
alpha_min = 7.08303511e+01
freeEnergy_min = -3.99800081e+00
density_min = 9.53921224e-01

success = 1
