# Result for min over (Cvac,alpha) at 
kT = 1.0600e+00
mu = -8.5876e-01
Ngrid = 129

Cvac_min = 1.42142736e-04
alpha_min = 9.55069677e+01
freeEnergy_min = -2.13764129e+00
density_min = 9.53891734e-01

success = 1
