# Result for min over (Cvac,alpha) at 
kT = 9.8000e-01
mu = -2.4616e+00
Ngrid = 130

Cvac_min = 2.51443800e-04
alpha_min = 8.70962457e+01
freeEnergy_min = -1.15650910e+00
density_min = 9.31945855e-01

success = 1
