# Result for min over (Cvac,alpha) at 
kT = 1.0600e+00
mu = -1.0588e+00
Ngrid = 129

Cvac_min = 1.84078360e-04
alpha_min = 9.54926424e+01
freeEnergy_min = -1.94686679e+00
density_min = 9.53851726e-01

success = 1
