# Result for min over (Cvac,alpha) at 
kT = 1.4600e+00
mu = 3.2109e+00
Ngrid = 127

Cvac_min = 1.72850486e-04
alpha_min = 9.57478162e+01
freeEnergy_min = -4.28487955e+00
density_min = 9.99640205e-01

success = 1
