# Result for min over (Cvac,alpha) at 
kT = 7.0000e-01
mu = -7.6866e+00
Ngrid = 130

Cvac_min = 4.80249182e-05
alpha_min = 1.25927776e+02
freeEnergy_min = 9.03026197e-01
density_min = 9.32135478e-01

success = 1
