# Result for min over (Cvac,alpha) at 
kT = 1.2400e+00
mu = 1.2145e+00
Ngrid = 130

Cvac_min = 1.77285422e-04
alpha_min = 6.44693431e+01
freeEnergy_min = -3.18172662e+00
density_min = 9.32014984e-01

success = 1
