# Result for min over (Cvac,alpha) at 
kT = 8.4000e-01
mu = -4.5438e+00
Ngrid = 130

Cvac_min = 1.10420094e-04
alpha_min = 1.03806262e+02
freeEnergy_min = -3.70087267e-01
density_min = 9.32077314e-01

success = 1
