# Result for min over (Cvac,alpha) at 
kT = 7.4000e-01
mu = -7.2387e+00
Ngrid = 130

Cvac_min = 1.28591066e-04
alpha_min = 1.18862191e+02
freeEnergy_min = 1.02690819e+00
density_min = 9.32060376e-01

success = 1
