# Result for min over (Cvac,alpha) at 
kT = 9.0000e-01
mu = -3.4123e+00
Ngrid = 129

Cvac_min = 1.17156036e-04
alpha_min = 1.15070129e+02
freeEnergy_min = -8.74875592e-01
density_min = 9.53915572e-01

success = 1
