# Result for min over (Cvac,alpha) at 
kT = 1.4600e+00
mu = 3.4109e+00
Ngrid = 129

Cvac_min = 1.22142544e-04
alpha_min = 6.25239458e+01
freeEnergy_min = -4.48916149e+00
density_min = 9.53910814e-01

success = 1
