# Result for min over (Cvac,alpha) at 
kT = 7.8000e-01
mu = -6.1904e+00
Ngrid = 131

Cvac_min = 1.71193781e-04
alpha_min = 9.48226545e+01
freeEnergy_min = 5.30689157e-01
density_min = 9.10839194e-01

success = 1
