# Result for min over (Cvac,alpha) at 
kT = 1.4600e+00
mu = 3.2109e+00
Ngrid = 128

Cvac_min = 1.67187055e-04
alpha_min = 7.74190723e+01
freeEnergy_min = -4.29972560e+00
density_min = 9.76399231e-01

success = 1
