# Result for min over (Cvac,alpha) at 
kT = 7.6000e-01
mu = -6.4321e+00
Ngrid = 131

Cvac_min = 1.17774721e-04
alpha_min = 9.75457577e+01
freeEnergy_min = 5.26383200e-01
density_min = 9.10887859e-01

success = 1
