# Result for min over (Cvac,alpha) at 
kT = 1.4400e+00
mu = 3.4314e+00
Ngrid = 129

Cvac_min = 9.27938542e-05
alpha_min = 6.38483638e+01
freeEnergy_min = -4.56939181e+00
density_min = 9.53938814e-01

success = 1
