# Result for min over (Cvac,alpha) at 
kT = 1.0200e+00
mu = -1.8434e+00
Ngrid = 131

Cvac_min = 2.95906843e-04
alpha_min = 6.91613680e+01
freeEnergy_min = -1.46410075e+00
density_min = 9.10725581e-01

success = 1
