# Result for min over (Cvac,alpha) at 
kT = 1.2200e+00
mu = 9.8588e-01
Ngrid = 129

Cvac_min = 1.73595742e-04
alpha_min = 8.02911677e+01
freeEnergy_min = -3.05685435e+00
density_min = 9.53861727e-01

success = 1
