# Result for min over (Cvac,alpha) at 
kT = 8.2000e-01
mu = -4.9461e+00
Ngrid = 130

Cvac_min = 1.01761889e-04
alpha_min = 1.06571467e+02
freeEnergy_min = -1.94904176e-01
density_min = 9.32085385e-01

success = 1
