# Result for min over (Cvac,alpha) at 
kT = 1.0800e+00
mu = -7.7853e-01
Ngrid = 131

Cvac_min = 2.21287382e-04
alpha_min = 6.41985391e+01
freeEnergy_min = -2.08977707e+00
density_min = 9.10793559e-01

success = 1
