# Result for min over (Cvac,alpha) at 
kT = 1.1400e+00
mu = 2.1469e-01
Ngrid = 128

Cvac_min = 1.38146370e-04
alpha_min = 1.06187120e+02
freeEnergy_min = -2.69675313e+00
density_min = 9.76427591e-01

success = 1
