# Result for min over (Cvac,alpha) at 
kT = 1.1800e+00
mu = 3.1239e-01
Ngrid = 128

Cvac_min = 2.26904819e-04
alpha_min = 1.01864607e+02
freeEnergy_min = -2.58267729e+00
density_min = 9.76340913e-01

success = 1
