# Result for min over (Cvac,alpha) at 
kT = 1.3600e+00
mu = 2.6753e+00
Ngrid = 127

Cvac_min = 1.17664556e-04
alpha_min = 1.04886144e+02
freeEnergy_min = -4.10129080e+00
density_min = 9.99695381e-01

success = 1
