# Result for min over (Cvac,alpha) at 
kT = 1.1000e+00
mu = -3.0580e-01
Ngrid = 128

Cvac_min = 1.38249571e-04
alpha_min = 1.10739032e+02
freeEnergy_min = -2.41489844e+00
density_min = 9.76427491e-01

success = 1
