# Result for min over (Cvac,alpha) at 
kT = 1.3800e+00
mu = 2.8701e+00
Ngrid = 128

Cvac_min = 1.08447432e-04
alpha_min = 8.36240526e+01
freeEnergy_min = -4.23317462e+00
density_min = 9.76456594e-01

success = 1
