# Result for min over (Cvac,alpha) at 
kT = 1.3400e+00
mu = 2.4812e+00
Ngrid = 128

Cvac_min = 1.14471376e-04
alpha_min = 8.69264576e+01
freeEnergy_min = -4.00016816e+00
density_min = 9.76450712e-01

success = 1
