# Result for min over (Cvac,alpha) at 
kT = 8.4000e-01
mu = -5.1438e+00
Ngrid = 131

Cvac_min = 2.88656454e-04
alpha_min = 8.72860571e+01
freeEnergy_min = 1.82562141e-01
density_min = 9.10732186e-01

success = 1
