# Result for min over (Cvac,alpha) at 
kT = 9.4000e-01
mu = -2.7156e+00
Ngrid = 130

Cvac_min = 1.40783377e-04
alpha_min = 9.14735894e+01
freeEnergy_min = -1.21163750e+00
density_min = 9.32049010e-01

success = 1
