# Result for min over (Cvac,alpha) at 
kT = 1.4200e+00
mu = 2.8479e+00
Ngrid = 127

Cvac_min = 1.83238859e-04
alpha_min = 9.92615397e+01
freeEnergy_min = -4.05603401e+00
density_min = 9.99629819e-01

success = 1
