# Result for min over (Cvac,alpha) at 
kT = 1.3400e+00
mu = 2.2812e+00
Ngrid = 129

Cvac_min = 1.49135680e-04
alpha_min = 7.08176852e+01
freeEnergy_min = -3.80721999e+00
density_min = 9.53885062e-01

success = 1
