# Result for min over (Cvac,alpha) at 
kT = 1.4800e+00
mu = 3.5876e+00
Ngrid = 129

Cvac_min = 1.17671664e-04
alpha_min = 6.12351974e+01
freeEnergy_min = -4.59882380e+00
density_min = 9.53915080e-01

success = 1
