# Result for min over (Cvac,alpha) at 
kT = 1.1000e+00
mu = -7.0580e-01
Ngrid = 130

Cvac_min = 2.61314830e-04
alpha_min = 7.56076441e+01
freeEnergy_min = -2.05538762e+00
density_min = 9.31936653e-01

success = 1
