# Result for min over (Cvac,alpha) at 
kT = 8.4000e-01
mu = -4.7438e+00
Ngrid = 130

Cvac_min = 1.42619558e-04
alpha_min = 1.03795834e+02
freeEnergy_min = -1.83674659e-01
density_min = 9.32047299e-01

success = 1
