# Result for min over (Cvac,alpha) at 
kT = 1.1400e+00
mu = -1.8531e-01
Ngrid = 128

Cvac_min = 2.29559297e-04
alpha_min = 1.06150810e+02
freeEnergy_min = -2.30619840e+00
density_min = 9.76338321e-01

success = 1
