# Result for min over (Cvac,alpha) at 
kT = 7.8000e-01
mu = -5.7904e+00
Ngrid = 131

Cvac_min = 1.01387956e-04
alpha_min = 9.48393665e+01
freeEnergy_min = 1.66339724e-01
density_min = 9.10902787e-01

success = 1
