# Result for min over (Cvac,alpha) at 
kT = 1.2600e+00
mu = 1.6378e+00
Ngrid = 129

Cvac_min = 1.25351439e-04
alpha_min = 7.69951243e+01
freeEnergy_min = -3.50544626e+00
density_min = 9.53907753e-01

success = 1
