# Result for min over (Cvac,alpha) at 
kT = 1.3600e+00
mu = 2.4753e+00
Ngrid = 130

Cvac_min = 1.49363878e-04
alpha_min = 5.62858935e+01
freeEnergy_min = -3.90886764e+00
density_min = 9.32041012e-01

success = 1
