# Result for min over (Cvac,alpha) at 
kT = 1.2400e+00
mu = 1.4145e+00
Ngrid = 129

Cvac_min = 1.28592927e-04
alpha_min = 7.86316303e+01
freeEnergy_min = -3.37751139e+00
density_min = 9.53904660e-01

success = 1
