# Result for min over (Cvac,alpha) at 
kT = 7.6000e-01
mu = -6.6321e+00
Ngrid = 132

Cvac_min = 1.96587708e-04
alpha_min = 8.26400108e+01
freeEnergy_min = 7.19398179e-01
density_min = 8.90272120e-01

success = 1
