# Result for min over (Cvac,alpha) at 
kT = 9.6000e-01
mu = -2.3846e+00
Ngrid = 131

Cvac_min = 1.63298561e-04
alpha_min = 7.46444029e+01
freeEnergy_min = -1.36285981e+00
density_min = 9.10846387e-01

success = 1
