# Result for min over (Cvac,alpha) at 
kT = 8.8000e-01
mu = -3.9775e+00
Ngrid = 130

Cvac_min = 1.61708336e-04
alpha_min = 9.85889049e+01
freeEnergy_min = -5.27646165e-01
density_min = 9.32029504e-01

success = 1
