# Result for min over (Cvac,alpha) at 
kT = 1.0600e+00
mu = -1.2588e+00
Ngrid = 129

Cvac_min = 2.39633524e-04
alpha_min = 9.54726925e+01
freeEnergy_min = -1.75610152e+00
density_min = 9.53798725e-01

success = 1
