# Result for min over (Cvac,alpha) at 
kT = 9.6000e-01
mu = -2.5846e+00
Ngrid = 130

Cvac_min = 1.88931140e-04
alpha_min = 8.92494617e+01
freeEnergy_min = -1.18455729e+00
density_min = 9.32004128e-01

success = 1
