# Result for min over (Cvac,alpha) at 
kT = 1.4200e+00
mu = 2.8479e+00
Ngrid = 130

Cvac_min = 1.87808388e-04
alpha_min = 5.25494490e+01
freeEnergy_min = -4.06442666e+00
density_min = 9.32005175e-01

success = 1
