# Result for min over (Cvac,alpha) at 
kT = 9.8000e-01
mu = -2.0616e+00
Ngrid = 130

Cvac_min = 1.47196027e-04
alpha_min = 8.71311889e+01
freeEnergy_min = -1.52930847e+00
density_min = 9.32043033e-01

success = 1
