# Result for min over (Cvac,alpha) at 
kT = 8.8000e-01
mu = -3.7775e+00
Ngrid = 131

Cvac_min = 1.44382318e-04
alpha_min = 8.27979645e+01
freeEnergy_min = -7.07626988e-01
density_min = 9.10863619e-01

success = 1
