# Result for min over (Cvac,alpha) at 
kT = 8.6000e-01
mu = -4.1544e+00
Ngrid = 129

Cvac_min = 1.03775915e-04
alpha_min = 1.20925713e+02
freeEnergy_min = -5.34607108e-01
density_min = 9.53928337e-01

success = 1
