# Result for min over (Cvac,alpha) at 
kT = 1.2600e+00
mu = 1.6378e+00
Ngrid = 130

Cvac_min = 1.27243784e-04
alpha_min = 6.30412257e+01
freeEnergy_min = -3.49488639e+00
density_min = 9.32061632e-01

success = 1
