# Result for min over (Cvac,alpha) at 
kT = 7.8000e-01
mu = -5.9904e+00
Ngrid = 130

Cvac_min = 1.08258904e-04
alpha_min = 1.12451707e+02
freeEnergy_min = 3.45879884e-01
density_min = 9.32079329e-01

success = 1
