# Result for min over (Cvac,alpha) at 
kT = 1.3200e+00
mu = 2.0776e+00
Ngrid = 130

Cvac_min = 1.58300785e-04
alpha_min = 5.88956358e+01
freeEnergy_min = -3.67729433e+00
density_min = 9.32032681e-01

success = 1
