# Result for min over (Cvac,alpha) at 
kT = 7.4000e-01
mu = -7.0387e+00
Ngrid = 130

Cvac_min = 1.00584801e-04
alpha_min = 1.18870992e+02
freeEnergy_min = 8.40493420e-01
density_min = 9.32086483e-01

success = 1
