# Result for min over (Cvac,alpha) at 
kT = 1.3000e+00
mu = 2.0693e+00
Ngrid = 128

Cvac_min = 1.20561161e-04
alpha_min = 9.03821626e+01
freeEnergy_min = -3.75502323e+00
density_min = 9.76444764e-01

success = 1
