# Result for min over (Cvac,alpha) at 
kT = 1.2600e+00
mu = 1.2378e+00
Ngrid = 128

Cvac_min = 2.14328682e-04
alpha_min = 9.39900024e+01
freeEnergy_min = -3.11137225e+00
density_min = 9.76353195e-01

success = 1
