# Result for min over (Cvac,alpha) at 
kT = 9.2000e-01
mu = -3.2586e+00
Ngrid = 131

Cvac_min = 2.04940606e-04
alpha_min = 7.85680491e+01
freeEnergy_min = -8.59052085e-01
density_min = 9.10808451e-01

success = 1
