# Result for min over (Cvac,alpha) at 
kT = 8.0000e-01
mu = -5.7616e+00
Ngrid = 130

Cvac_min = 1.55139013e-04
alpha_min = 1.09434719e+02
freeEnergy_min = 3.54667181e-01
density_min = 9.32035628e-01

success = 1
