# Result for min over (Cvac,alpha) at 
kT = 1.1600e+00
mu = 4.6664e-01
Ngrid = 130

Cvac_min = 1.44108659e-04
alpha_min = 7.06138757e+01
freeEnergy_min = -2.84192505e+00
density_min = 9.32045911e-01

success = 1
