# Result for min over (Cvac,alpha) at 
kT = 1.2000e+00
mu = 7.5217e-01
Ngrid = 128

Cvac_min = 1.73950654e-04
alpha_min = 9.98322519e+01
freeEnergy_min = -2.91312246e+00
density_min = 9.76392626e-01

success = 1
