# Result for min over (Cvac,alpha) at 
kT = 9.2000e-01
mu = -3.4586e+00
Ngrid = 132

Cvac_min = 3.28113613e-04
alpha_min = 6.59064492e+01
freeEnergy_min = -6.67993990e-01
density_min = 8.90155004e-01

success = 1
