# Result for min over (Cvac,alpha) at 
kT = 7.6000e-01
mu = -6.6321e+00
Ngrid = 129

Cvac_min = 1.03282492e-04
alpha_min = 1.37881425e+02
freeEnergy_min = 7.27002356e-01
density_min = 9.53928807e-01

success = 1
