# Result for min over (Cvac,alpha) at 
kT = 7.6000e-01
mu = -6.2321e+00
Ngrid = 129

Cvac_min = 6.30183303e-05
alpha_min = 1.37887704e+02
freeEnergy_min = 3.45422551e-01
density_min = 9.53967220e-01

success = 1
