# Result for min over (Cvac,alpha) at 
kT = 8.8000e-01
mu = -3.7775e+00
Ngrid = 130

Cvac_min = 1.24339098e-04
alpha_min = 9.85962436e+01
freeEnergy_min = -7.14055681e-01
density_min = 9.32064339e-01

success = 1
