# Result for min over (Cvac,alpha) at 
kT = 1.1800e+00
mu = 3.1239e-01
Ngrid = 131

Cvac_min = 2.80790113e-04
alpha_min = 5.67267175e+01
freeEnergy_min = -2.59529467e+00
density_min = 9.10739353e-01

success = 1
