# Result for min over (Cvac,alpha) at 
kT = 1.4200e+00
mu = 3.2479e+00
Ngrid = 130

Cvac_min = 9.71315198e-05
alpha_min = 5.25828562e+01
freeEnergy_min = -4.43724732e+00
density_min = 9.32089702e-01

success = 1
