# Result for min over (Cvac,alpha) at 
kT = 8.4000e-01
mu = -5.1438e+00
Ngrid = 132

Cvac_min = 3.63737351e-04
alpha_min = 7.36333158e+01
freeEnergy_min = 1.87127859e-01
density_min = 8.90123283e-01

success = 1
