# Result for min over (Cvac,alpha) at 
kT = 8.2000e-01
mu = -5.1461e+00
Ngrid = 131

Cvac_min = 1.58532228e-04
alpha_min = 8.97285297e+01
freeEnergy_min = -6.50378285e-03
density_min = 9.10850729e-01

success = 1
