# Result for min over (Cvac,alpha) at 
kT = 7.4000e-01
mu = -7.2387e+00
Ngrid = 132

Cvac_min = 2.12555026e-04
alpha_min = 8.51115624e+01
freeEnergy_min = 1.03255233e+00
density_min = 8.90257902e-01

success = 1
