# Result for min over (Cvac,alpha) at 
kT = 1.4200e+00
mu = 3.0479e+00
Ngrid = 127

Cvac_min = 1.41293629e-04
alpha_min = 9.92783167e+01
freeEnergy_min = -4.25596437e+00
density_min = 9.99671756e-01

success = 1
