# Result for min over (Cvac,alpha) at 
kT = 9.0000e-01
mu = -3.4123e+00
Ngrid = 130

Cvac_min = 1.30812717e-04
alpha_min = 9.61344533e+01
freeEnergy_min = -8.82456734e-01
density_min = 9.32058305e-01

success = 1
