# Result for min over (Cvac,alpha) at 
kT = 7.2000e-01
mu = -7.4512e+00
Ngrid = 131

Cvac_min = 9.99591402e-05
alpha_min = 1.03344470e+02
freeEnergy_min = 9.65769322e-01
density_min = 9.10904089e-01

success = 1
