# Result for min over (Cvac,alpha) at 
kT = 1.1400e+00
mu = -1.8531e-01
Ngrid = 131

Cvac_min = 2.89950586e-04
alpha_min = 5.95941893e+01
freeEnergy_min = -2.32578286e+00
density_min = 9.10731007e-01

success = 1
