# Result for min over (Cvac,alpha) at 
kT = 1.5000e+00
mu = 4.1000e+00
Ngrid = 127

Cvac_min = 7.84226634e-05
alpha_min = 9.24247577e+01
freeEnergy_min = -5.04778629e+00
density_min = 9.99734615e-01

success = 1
