# Result for min over (Cvac,alpha) at 
kT = 1.1400e+00
mu = 2.1469e-01
Ngrid = 130

Cvac_min = 1.45995762e-04
alpha_min = 7.22464287e+01
freeEnergy_min = -2.70519069e+00
density_min = 9.32044151e-01

success = 1
