# Result for min over (Cvac,alpha) at 
kT = 1.1200e+00
mu = -2.4029e-01
Ngrid = 131

Cvac_min = 2.16776638e-04
alpha_min = 6.10998091e+01
freeEnergy_min = -2.37311164e+00
density_min = 9.10797669e-01

success = 1
