# Result for min over (Cvac,alpha) at 
kT = 1.2800e+00
mu = 1.4560e+00
Ngrid = 128

Cvac_min = 2.10969435e-04
alpha_min = 9.21386867e+01
freeEnergy_min = -3.23882819e+00
density_min = 9.76356475e-01

success = 1
