# Result for min over (Cvac,alpha) at 
kT = 1.4400e+00
mu = 3.0314e+00
Ngrid = 128

Cvac_min = 1.72691583e-04
alpha_min = 7.89202216e+01
freeEnergy_min = -4.18780908e+00
density_min = 9.76393856e-01

success = 1
