# Result for min over (Cvac,alpha) at 
kT = 1.3800e+00
mu = 2.4701e+00
Ngrid = 130

Cvac_min = 1.99324945e-04
alpha_min = 5.50045665e+01
freeEnergy_min = -3.83798628e+00
density_min = 9.31994439e-01

success = 1
