# Result for min over (Cvac,alpha) at 
kT = 1.2400e+00
mu = 1.2145e+00
Ngrid = 129

Cvac_min = 1.69953688e-04
alpha_min = 7.86185551e+01
freeEnergy_min = -3.18673423e+00
density_min = 9.53865201e-01

success = 1
