# Result for min over (Cvac,alpha) at 
kT = 1.3600e+00
mu = 2.6753e+00
Ngrid = 128

Cvac_min = 1.11786294e-04
alpha_min = 8.52520027e+01
freeEnergy_min = -4.11508986e+00
density_min = 9.76453334e-01

success = 1
