# Result for min over (Cvac,alpha) at 
kT = 1.1200e+00
mu = -2.4029e-01
Ngrid = 129

Cvac_min = 1.83291355e-04
alpha_min = 8.93768127e+01
freeEnergy_min = -2.38131873e+00
density_min = 9.53852477e-01

success = 1
