# Result for min over (Cvac,alpha) at 
kT = 7.8000e-01
mu = -6.3904e+00
Ngrid = 130

Cvac_min = 1.79475815e-04
alpha_min = 1.12432892e+02
freeEnergy_min = 7.18699474e-01
density_min = 9.32012942e-01

success = 1
