# Result for min over (Cvac,alpha) at 
kT = 1.0200e+00
mu = -1.8434e+00
Ngrid = 130

Cvac_min = 2.59415468e-04
alpha_min = 8.30326848e+01
freeEnergy_min = -1.46572071e+00
density_min = 9.31938424e-01

success = 1
