# Result for min over (Cvac,alpha) at 
kT = 7.6000e-01
mu = -6.8321e+00
Ngrid = 129

Cvac_min = 1.31617332e-04
alpha_min = 1.37865347e+02
freeEnergy_min = 9.17785554e-01
density_min = 9.53901775e-01

success = 1
