# Result for min over (Cvac,alpha) at 
kT = 8.4000e-01
mu = -4.5438e+00
Ngrid = 131

Cvac_min = 1.29579077e-04
alpha_min = 8.73353636e+01
freeEnergy_min = -3.63926139e-01
density_min = 9.10877105e-01

success = 1
