# Result for min over (Cvac,alpha) at 
kT = 1.1200e+00
mu = -4.4029e-01
Ngrid = 130

Cvac_min = 2.59179606e-04
alpha_min = 7.38896207e+01
freeEnergy_min = -2.19673777e+00
density_min = 9.31938644e-01

success = 1
