# Result for min over (Cvac,alpha) at 
kT = 9.0000e-01
mu = -3.8123e+00
Ngrid = 129

Cvac_min = 1.92371381e-04
alpha_min = 1.15044423e+02
freeEnergy_min = -4.93322641e-01
density_min = 9.53843814e-01

success = 1
