# Result for min over (Cvac,alpha) at 
kT = 1.3800e+00
mu = 2.6701e+00
Ngrid = 130

Cvac_min = 1.45104408e-04
alpha_min = 5.50235136e+01
freeEnergy_min = -4.02439051e+00
density_min = 9.32044982e-01

success = 1
