# Result for min over (Cvac,alpha) at 
kT = 1.3200e+00
mu = 2.0776e+00
Ngrid = 128

Cvac_min = 1.54494993e-04
alpha_min = 8.86215635e+01
freeEnergy_min = -3.68329453e+00
density_min = 9.76411626e-01

success = 1
