# Result for min over (Cvac,alpha) at 
kT = 9.0000e-01
mu = -3.8123e+00
Ngrid = 132

Cvac_min = 3.17966382e-04
alpha_min = 6.77483988e+01
freeEnergy_min = -5.02710857e-01
density_min = 8.90164039e-01

success = 1
