# Result for min over (Cvac,alpha) at 
kT = 9.4000e-01
mu = -2.9156e+00
Ngrid = 130

Cvac_min = 1.83685776e-04
alpha_min = 9.14617568e+01
freeEnergy_min = -1.02523146e+00
density_min = 9.32009018e-01

success = 1
