# Result for min over (Cvac,alpha) at 
kT = 1.4000e+00
mu = 2.6609e+00
Ngrid = 130

Cvac_min = 1.92930172e-04
alpha_min = 5.37668918e+01
freeEnergy_min = -3.95197145e+00
density_min = 9.32000400e-01

success = 1
