# Result for min over (Cvac,alpha) at 
kT = 8.6000e-01
mu = -4.3544e+00
Ngrid = 129

Cvac_min = 1.33801251e-04
alpha_min = 1.20916503e+02
freeEnergy_min = -3.43824198e-01
density_min = 9.53899692e-01

success = 1
