# Result for min over (Cvac,alpha) at 
kT = 1.2000e+00
mu = 5.5217e-01
Ngrid = 131

Cvac_min = 2.77099087e-04
alpha_min = 5.53446950e+01
freeEnergy_min = -2.72692954e+00
density_min = 9.10742715e-01

success = 1
