# Result for min over (Cvac,alpha) at 
kT = 1.4800e+00
mu = 3.3876e+00
Ngrid = 128

Cvac_min = 1.61762508e-04
alpha_min = 7.59587725e+01
freeEnergy_min = -4.41075502e+00
density_min = 9.76404529e-01

success = 1
