# Result for min over (Cvac,alpha) at 
kT = 1.1800e+00
mu = 7.1239e-01
Ngrid = 129

Cvac_min = 1.36380782e-04
alpha_min = 8.37942108e+01
freeEnergy_min = -2.98244821e+00
density_min = 9.53897231e-01

success = 1
