# Result for min over (Cvac,alpha) at 
kT = 7.2000e-01
mu = -7.0512e+00
Ngrid = 130

Cvac_min = 4.78047162e-05
alpha_min = 1.22324883e+02
freeEnergy_min = 5.89441597e-01
density_min = 9.32135683e-01

success = 1
