# Result for min over (Cvac,alpha) at 
kT = 1.1600e+00
mu = 6.6642e-02
Ngrid = 131

Cvac_min = 2.85784016e-04
alpha_min = 5.81386102e+01
freeEnergy_min = -2.46159257e+00
density_min = 9.10734803e-01

success = 1
