# Result for min over (Cvac,alpha) at 
kT = 9.4000e-01
mu = -3.1156e+00
Ngrid = 131

Cvac_min = 2.78290076e-04
alpha_min = 7.65496923e+01
freeEnergy_min = -8.39726631e-01
density_min = 9.10741630e-01

success = 1
