# Result for min over (Cvac,alpha) at 
kT = 1.1600e+00
mu = 6.6642e-02
Ngrid = 130

Cvac_min = 2.55985839e-04
alpha_min = 7.05770497e+01
freeEnergy_min = -2.46912558e+00
density_min = 9.31941621e-01

success = 1
