# Result for min over (Cvac,alpha) at 
kT = 7.6000e-01
mu = -6.6321e+00
Ngrid = 131

Cvac_min = 1.52838252e-04
alpha_min = 9.75389862e+01
freeEnergy_min = 7.08557722e-01
density_min = 9.10855916e-01

success = 1
