# Result for min over (Cvac,alpha) at 
kT = 7.6000e-01
mu = -6.8321e+00
Ngrid = 130

Cvac_min = 1.58067635e-04
alpha_min = 1.15576453e+02
freeEnergy_min = 8.95906663e-01
density_min = 9.32032898e-01

success = 1
