# Result for min over (Cvac,alpha) at 
kT = 1.4000e+00
mu = 2.6609e+00
Ngrid = 128

Cvac_min = 1.83602041e-04
alpha_min = 8.19957134e+01
freeEnergy_min = -3.95914591e+00
density_min = 9.76383201e-01

success = 1
