# Result for min over (Cvac,alpha) at 
kT = 1.0800e+00
mu = -9.7853e-01
Ngrid = 131

Cvac_min = 2.96817588e-04
alpha_min = 6.41796502e+01
freeEnergy_min = -1.90762491e+00
density_min = 9.10724752e-01

success = 1
