# Result for min over (Cvac,alpha) at 
kT = 1.1400e+00
mu = 1.4690e-02
Ngrid = 131

Cvac_min = 2.15156689e-04
alpha_min = 5.96126603e+01
freeEnergy_min = -2.50793623e+00
density_min = 9.10799144e-01

success = 1
