# Result for min over (Cvac,alpha) at 
kT = 8.0000e-01
mu = -5.5616e+00
Ngrid = 129

Cvac_min = 1.02908356e-04
alpha_min = 1.30650292e+02
freeEnergy_min = 1.81872456e-01
density_min = 9.53929164e-01

success = 1
