# Result for min over (Cvac,alpha) at 
kT = 1.3600e+00
mu = 2.2753e+00
Ngrid = 128

Cvac_min = 1.92980927e-04
alpha_min = 8.52231353e+01
freeEnergy_min = -3.72452312e+00
density_min = 9.76374042e-01

success = 1
