# Result for min over (Cvac,alpha) at 
kT = 7.8000e-01
mu = -5.7904e+00
Ngrid = 130

Cvac_min = 8.38438313e-05
alpha_min = 1.12459524e+02
freeEnergy_min = 1.59461646e-01
density_min = 9.32102088e-01

success = 1
