# Result for min over (Cvac,alpha) at 
kT = 9.6000e-01
mu = -2.7846e+00
Ngrid = 131

Cvac_min = 2.85425646e-04
alpha_min = 7.46114552e+01
freeEnergy_min = -9.98541550e-01
density_min = 9.10735130e-01

success = 1
