# Result for min over (Cvac,alpha) at 
kT = 1.3400e+00
mu = 2.4812e+00
Ngrid = 130

Cvac_min = 1.11198197e-04
alpha_min = 5.75883903e+01
freeEnergy_min = -3.98270889e+00
density_min = 9.32076589e-01

success = 1
