# Result for min over (Cvac,alpha) at 
kT = 8.0000e-01
mu = -5.9616e+00
Ngrid = 130

Cvac_min = 1.98947997e-04
alpha_min = 1.09427120e+02
freeEnergy_min = 5.41070361e-01
density_min = 9.31994790e-01

success = 1
