# Result for min over (Cvac,alpha) at 
kT = 7.4000e-01
mu = -6.8387e+00
Ngrid = 129

Cvac_min = 6.54819123e-05
alpha_min = 1.41755285e+02
freeEnergy_min = 6.65521554e-01
density_min = 9.53964870e-01

success = 1
