# Result for min over (Cvac,alpha) at 
kT = 1.3800e+00
mu = 2.8701e+00
Ngrid = 127

Cvac_min = 1.14663363e-04
alpha_min = 1.02978128e+02
freeEnergy_min = -4.22104776e+00
density_min = 9.99698381e-01

success = 1
