# Result for min over (Cvac,alpha) at 
kT = 8.8000e-01
mu = -4.1775e+00
Ngrid = 129

Cvac_min = 1.82620279e-04
alpha_min = 1.17917790e+02
freeEnergy_min = -3.24353935e-01
density_min = 9.53853117e-01

success = 1
