# Result for min over (Cvac,alpha) at 
kT = 1.1800e+00
mu = 5.1239e-01
Ngrid = 130

Cvac_min = 1.89370036e-04
alpha_min = 6.90112604e+01
freeEnergy_min = -2.79016371e+00
density_min = 9.32003719e-01

success = 1
