# Result for min over (Cvac,alpha) at 
kT = 1.4200e+00
mu = 3.2479e+00
Ngrid = 127

Cvac_min = 1.08499042e-04
alpha_min = 9.92910976e+01
freeEnergy_min = -4.45590218e+00
density_min = 9.99704544e-01

success = 1
