# Result for min over (Cvac,alpha) at 
kT = 7.6000e-01
mu = -6.4321e+00
Ngrid = 130

Cvac_min = 9.54863632e-05
alpha_min = 1.15599395e+02
freeEnergy_min = 5.23080963e-01
density_min = 9.32091235e-01

success = 1
