# Result for min over (Cvac,alpha) at 
kT = 1.5000e+00
mu = 3.9000e+00
Ngrid = 129

Cvac_min = 9.06905329e-05
alpha_min = 5.99841005e+01
freeEnergy_min = -4.83985686e+00
density_min = 9.53940820e-01

success = 1
