# Result for min over (Cvac,alpha) at 
kT = 7.6000e-01
mu = -6.4321e+00
Ngrid = 129

Cvac_min = 8.08570557e-05
alpha_min = 1.37886822e+02
freeEnergy_min = 5.36214350e-01
density_min = 9.53950202e-01

success = 1
