# Result for min over (Cvac,alpha) at 
kT = 1.1000e+00
mu = -7.0580e-01
Ngrid = 129

Cvac_min = 2.40316226e-04
alpha_min = 9.13434174e+01
freeEnergy_min = -2.04809992e+00
density_min = 9.53798073e-01

success = 1
