# Result for min over (Cvac,alpha) at 
kT = 1.5000e+00
mu = 3.7000e+00
Ngrid = 128

Cvac_min = 1.27845246e-04
alpha_min = 7.45370432e+01
freeEnergy_min = -4.65627762e+00
density_min = 9.76437651e-01

success = 1
