# Result for min over (Cvac,alpha) at 
kT = 8.8000e-01
mu = -3.7775e+00
Ngrid = 129

Cvac_min = 1.11013359e-04
alpha_min = 1.17940678e+02
freeEnergy_min = -7.05910004e-01
density_min = 9.53921432e-01

success = 1
