# Result for min over (Cvac,alpha) at 
kT = 1.0600e+00
mu = -8.5876e-01
Ngrid = 130

Cvac_min = 1.51032740e-04
alpha_min = 7.92450420e+01
freeEnergy_min = -2.13832908e+00
density_min = 9.32039456e-01

success = 1
