# Result for min over (Cvac,alpha) at 
kT = 8.4000e-01
mu = -4.7438e+00
Ngrid = 129

Cvac_min = 1.23707425e-04
alpha_min = 1.24026795e+02
freeEnergy_min = -1.70340032e-01
density_min = 9.53909321e-01

success = 1
