# Result for min over (Cvac,alpha) at 
kT = 1.1200e+00
mu = -4.0288e-02
Ngrid = 128

Cvac_min = 1.38003726e-04
alpha_min = 1.08433562e+02
freeEnergy_min = -2.55874016e+00
density_min = 9.76427731e-01

success = 1
