# Result for min over (Cvac,alpha) at 
kT = 1.4600e+00
mu = 3.6109e+00
Ngrid = 129

Cvac_min = 8.94130492e-05
alpha_min = 6.25354174e+01
freeEnergy_min = -4.67994691e+00
density_min = 9.53942039e-01

success = 1
