# Result for min over (Cvac,alpha) at 
kT = 1.2000e+00
mu = 5.5217e-01
Ngrid = 128

Cvac_min = 2.24837238e-04
alpha_min = 9.98105577e+01
freeEnergy_min = -2.71784863e+00
density_min = 9.76342932e-01

success = 1
