# Result for min over (Cvac,alpha) at 
kT = 8.2000e-01
mu = -4.9461e+00
Ngrid = 132

Cvac_min = 1.48339241e-04
alpha_min = 7.57950366e+01
freeEnergy_min = -1.71503996e-01
density_min = 8.90315083e-01

success = 1
