# Result for min over (Cvac,alpha) at 
kT = 7.8000e-01
mu = -5.7904e+00
Ngrid = 132

Cvac_min = 1.26068628e-04
alpha_min = 8.02797181e+01
freeEnergy_min = 1.84550723e-01
density_min = 8.90334914e-01

success = 1
