# Result for min over (Cvac,alpha) at 
kT = 7.4000e-01
mu = -6.6387e+00
Ngrid = 131

Cvac_min = 7.41909949e-05
alpha_min = 1.00387035e+02
freeEnergy_min = 4.77159577e-01
density_min = 9.10927563e-01

success = 1
