# Result for min over (Cvac,alpha) at 
kT = 1.2600e+00
mu = 1.4378e+00
Ngrid = 130

Cvac_min = 1.72695744e-04
alpha_min = 6.30308782e+01
freeEnergy_min = -3.30847807e+00
density_min = 9.32019262e-01

success = 1
