# Result for min over (Cvac,alpha) at 
kT = 1.3000e+00
mu = 1.6693e+00
Ngrid = 128

Cvac_min = 2.06262470e-04
alpha_min = 9.03482688e+01
freeEnergy_min = -3.36446066e+00
density_min = 9.76361072e-01

success = 1
