# Result for min over (Cvac,alpha) at 
kT = 1.0400e+00
mu = -1.1472e+00
Ngrid = 131

Cvac_min = 1.66981054e-04
alpha_min = 6.74914757e+01
freeEnergy_min = -1.97859291e+00
density_min = 9.10843032e-01

success = 1
