# Result for min over (Cvac,alpha) at 
kT = 1.0800e+00
mu = -7.7853e-01
Ngrid = 130

Cvac_min = 1.99419452e-04
alpha_min = 7.74054746e+01
freeEnergy_min = -2.09804730e+00
density_min = 9.31994351e-01

success = 1
