# Result for min over (Cvac,alpha) at 
kT = 1.3600e+00
mu = 2.2753e+00
Ngrid = 129

Cvac_min = 1.95034815e-04
alpha_min = 6.93442310e+01
freeEnergy_min = -3.73008076e+00
density_min = 9.53841273e-01

success = 1
