# Result for min over (Cvac,alpha) at 
kT = 1.0400e+00
mu = -1.3472e+00
Ngrid = 129

Cvac_min = 1.82664921e-04
alpha_min = 9.76569407e+01
freeEnergy_min = -1.79695782e+00
density_min = 9.53853074e-01

success = 1
