# Result for min over (Cvac,alpha) at 
kT = 1.1600e+00
mu = 4.6664e-01
Ngrid = 128

Cvac_min = 1.37107318e-04
alpha_min = 1.04013971e+02
freeEnergy_min = -2.83602686e+00
density_min = 9.76428606e-01

success = 1
