# Result for min over (Cvac,alpha) at 
kT = 9.8000e-01
mu = -2.0616e+00
Ngrid = 129

Cvac_min = 1.35227418e-04
alpha_min = 1.04612058e+02
freeEnergy_min = -1.52472261e+00
density_min = 9.53898331e-01

success = 1
