# Result for min over (Cvac,alpha) at 
kT = 8.0000e-01
mu = -5.3616e+00
Ngrid = 129

Cvac_min = 8.03833391e-05
alpha_min = 1.30662295e+02
freeEnergy_min = -8.91558292e-03
density_min = 9.53950654e-01

success = 1
