# Result for min over (Cvac,alpha) at 
kT = 8.2000e-01
mu = -5.5461e+00
Ngrid = 131

Cvac_min = 2.67837542e-04
alpha_min = 8.96991996e+01
freeEnergy_min = 3.57818341e-01
density_min = 9.10751152e-01

success = 1
