# Result for min over (Cvac,alpha) at 
kT = 1.4000e+00
mu = 2.6609e+00
Ngrid = 129

Cvac_min = 1.84072091e-04
alpha_min = 6.65238694e+01
freeEnergy_min = -3.96192424e+00
density_min = 9.53851732e-01

success = 1
