# Result for min over (Cvac,alpha) at 
kT = 1.0000e+00
mu = -1.7480e+00
Ngrid = 129

Cvac_min = 1.38036749e-04
alpha_min = 1.02217060e+02
freeEnergy_min = -1.68146830e+00
density_min = 9.53895651e-01

success = 1
