# Result for min over (Cvac,alpha) at 
kT = 1.2200e+00
mu = 7.8588e-01
Ngrid = 130

Cvac_min = 2.42913645e-04
alpha_min = 6.59269834e+01
freeEnergy_min = -2.86662811e+00
density_min = 9.31953806e-01

success = 1
