# Result for min over (Cvac,alpha) at 
kT = 8.0000e-01
mu = -5.9616e+00
Ngrid = 131

Cvac_min = 2.45611788e-04
alpha_min = 9.22002315e+01
freeEnergy_min = 5.34799927e-01
density_min = 9.10771400e-01

success = 1
