# Result for min over (Cvac,alpha) at 
kT = 8.2000e-01
mu = -5.5461e+00
Ngrid = 130

Cvac_min = 2.18473254e-04
alpha_min = 1.06537455e+02
freeEnergy_min = 3.64318256e-01
density_min = 9.31976589e-01

success = 1
