# Result for min over (Cvac,alpha) at 
kT = 7.0000e-01
mu = -7.6866e+00
Ngrid = 129

Cvac_min = 3.98673058e-05
alpha_min = 1.50086954e+02
freeEnergy_min = 9.09976754e-01
density_min = 9.53989307e-01

success = 1
