# Result for min over (Cvac,alpha) at 
kT = 8.2000e-01
mu = -5.1461e+00
Ngrid = 130

Cvac_min = 1.32123825e-04
alpha_min = 1.06563896e+02
freeEnergy_min = -8.48979736e-03
density_min = 9.32057083e-01

success = 1
