# Result for min over (Cvac,alpha) at 
kT = 8.6000e-01
mu = -4.5544e+00
Ngrid = 130

Cvac_min = 1.97601063e-04
alpha_min = 1.01127272e+02
freeEnergy_min = -1.70403802e-01
density_min = 9.31996046e-01

success = 1
