# Result for min over (Cvac,alpha) at 
kT = 1.4000e+00
mu = 2.8609e+00
Ngrid = 128

Cvac_min = 1.38397713e-04
alpha_min = 8.20133903e+01
freeEnergy_min = -4.15442712e+00
density_min = 9.76427346e-01

success = 1
