# Result for min over (Cvac,alpha) at 
kT = 1.1200e+00
mu = -4.4029e-01
Ngrid = 131

Cvac_min = 2.92196348e-04
alpha_min = 6.10823897e+01
freeEnergy_min = -2.19095862e+00
density_min = 9.10728962e-01

success = 1
