# Result for min over (Cvac,alpha) at 
kT = 1.1400e+00
mu = 2.1469e-01
Ngrid = 131

Cvac_min = 1.57703148e-04
alpha_min = 5.96301975e+01
freeEnergy_min = -2.69010154e+00
density_min = 9.10851484e-01

success = 1
