# Result for min over (Cvac,alpha) at 
kT = 1.1600e+00
mu = 4.6664e-01
Ngrid = 131

Cvac_min = 1.54653855e-04
alpha_min = 5.81816630e+01
freeEnergy_min = -2.82591257e+00
density_min = 9.10854262e-01

success = 1
