# Result for min over (Cvac,alpha) at 
kT = 9.8000e-01
mu = -2.0616e+00
Ngrid = 131

Cvac_min = 1.65851819e-04
alpha_min = 7.27728241e+01
freeEnergy_min = -1.52059444e+00
density_min = 9.10844061e-01

success = 1
