# Result for min over (Cvac,alpha) at 
kT = 1.4400e+00
mu = 3.4314e+00
Ngrid = 128

Cvac_min = 9.80398130e-05
alpha_min = 7.89430141e+01
freeEnergy_min = -4.57838252e+00
density_min = 9.76466758e-01

success = 1
