# Result for min over (Cvac,alpha) at 
kT = 1.0800e+00
mu = -5.7853e-01
Ngrid = 130

Cvac_min = 1.50409553e-04
alpha_min = 7.74182200e+01
freeEnergy_min = -2.28445096e+00
density_min = 9.32040037e-01

success = 1
