# Result for min over (Cvac,alpha) at 
kT = 1.1200e+00
mu = -4.4029e-01
Ngrid = 129

Cvac_min = 2.40200517e-04
alpha_min = 8.93628476e+01
freeEnergy_min = -2.19055349e+00
density_min = 9.53798184e-01

success = 1
