# Result for min over (Cvac,alpha) at 
kT = 1.2200e+00
mu = 1.1859e+00
Ngrid = 130

Cvac_min = 1.34316468e-04
alpha_min = 6.59605643e+01
freeEnergy_min = -3.23943160e+00
density_min = 9.32055039e-01

success = 1
