# Result for min over (Cvac,alpha) at 
kT = 7.6000e-01
mu = -6.6321e+00
Ngrid = 130

Cvac_min = 1.22976190e-04
alpha_min = 1.15589355e+02
freeEnergy_min = 7.09496713e-01
density_min = 9.32065610e-01

success = 1
