# Result for min over (Cvac,alpha) at 
kT = 7.6000e-01
mu = -6.2321e+00
Ngrid = 130

Cvac_min = 7.40711402e-05
alpha_min = 1.15601992e+02
freeEnergy_min = 3.36660663e-01
density_min = 9.32111198e-01

success = 1
