# Result for min over (Cvac,alpha) at 
kT = 1.2800e+00
mu = 1.8560e+00
Ngrid = 128

Cvac_min = 1.23786152e-04
alpha_min = 9.21794109e+01
freeEnergy_min = -3.62938934e+00
density_min = 9.76441615e-01

success = 1
