# Result for min over (Cvac,alpha) at 
kT = 9.6000e-01
mu = -2.7846e+00
Ngrid = 129

Cvac_min = 2.19116121e-04
alpha_min = 1.07050580e+02
freeEnergy_min = -9.83974765e-01
density_min = 9.53818299e-01

success = 1
