# Result for min over (Cvac,alpha) at 
kT = 1.0800e+00
mu = -5.7853e-01
Ngrid = 131

Cvac_min = 1.64441296e-04
alpha_min = 6.42187875e+01
freeEnergy_min = -2.27194116e+00
density_min = 9.10845346e-01

success = 1
