# Result for min over (Cvac,alpha) at 
kT = 1.2400e+00
mu = 1.2145e+00
Ngrid = 128

Cvac_min = 1.67757151e-04
alpha_min = 9.58979467e+01
freeEnergy_min = -3.17728278e+00
density_min = 9.76398675e-01

success = 1
