# Result for min over (Cvac,alpha) at 
kT = 8.6000e-01
mu = -4.3544e+00
Ngrid = 131

Cvac_min = 1.80711394e-04
alpha_min = 8.50145302e+01
freeEnergy_min = -3.54813453e-01
density_min = 9.10830524e-01

success = 1
