# Result for min over (Cvac,alpha) at 
kT = 1.5000e+00
mu = 3.9000e+00
Ngrid = 128

Cvac_min = 9.54926639e-05
alpha_min = 7.45499138e+01
freeEnergy_min = -4.85156845e+00
density_min = 9.76469245e-01

success = 1
