# Result for min over (Cvac,alpha) at 
kT = 1.1400e+00
mu = 1.4690e-02
Ngrid = 128

Cvac_min = 1.78519530e-04
alpha_min = 1.06173041e+02
freeEnergy_min = -2.50147132e+00
density_min = 9.76388165e-01

success = 1
