# Result for min over (Cvac,alpha) at 
kT = 1.1200e+00
mu = -2.4029e-01
Ngrid = 128

Cvac_min = 1.77450355e-04
alpha_min = 1.08412617e+02
freeEnergy_min = -2.36345833e+00
density_min = 9.76389209e-01

success = 1
