# Result for min over (Cvac,alpha) at 
kT = 1.5000e+00
mu = 3.9000e+00
Ngrid = 127

Cvac_min = 1.03141210e-04
alpha_min = 9.24190463e+01
freeEnergy_min = -4.84784172e+00
density_min = 9.99709901e-01

success = 1
