# Result for min over (Cvac,alpha) at 
kT = 1.0200e+00
mu = -1.6434e+00
Ngrid = 129

Cvac_min = 1.81537325e-04
alpha_min = 9.98942728e+01
freeEnergy_min = -1.64502192e+00
density_min = 9.53854150e-01

success = 1
