# Result for min over (Cvac,alpha) at 
kT = 1.0200e+00
mu = -1.6434e+00
Ngrid = 130

Cvac_min = 1.97694556e-04
alpha_min = 8.30499983e+01
freeEnergy_min = -1.65211441e+00
density_min = 9.31995959e-01

success = 1
