# Result for min over (Cvac,alpha) at 
kT = 7.0000e-01
mu = -7.8866e+00
Ngrid = 130

Cvac_min = 6.17488527e-05
alpha_min = 1.25924460e+02
freeEnergy_min = 1.08945206e+00
density_min = 9.32122685e-01

success = 1
