# Result for min over (Cvac,alpha) at 
kT = 7.8000e-01
mu = -6.3904e+00
Ngrid = 131

Cvac_min = 2.22128902e-04
alpha_min = 9.48061059e+01
freeEnergy_min = 7.12852482e-01
density_min = 9.10792793e-01

success = 1
