# Result for min over (Cvac,alpha) at 
kT = 1.0200e+00
mu = -1.4434e+00
Ngrid = 130

Cvac_min = 1.50445160e-04
alpha_min = 8.30665953e+01
freeEnergy_min = -1.83851814e+00
density_min = 9.32040004e-01

success = 1
