# Result for min over (Cvac,alpha) at 
kT = 1.2600e+00
mu = 1.6378e+00
Ngrid = 128

Cvac_min = 1.26785762e-04
alpha_min = 9.40229694e+01
freeEnergy_min = -3.50193204e+00
density_min = 9.76438686e-01

success = 1
