# Result for min over (Cvac,alpha) at 
kT = 1.4200e+00
mu = 2.8479e+00
Ngrid = 128

Cvac_min = 1.78742450e-04
alpha_min = 8.04419864e+01
freeEnergy_min = -4.07414562e+00
density_min = 9.76387947e-01

success = 1
