# Result for min over (Cvac,alpha) at 
kT = 1.0000e+00
mu = -2.1480e+00
Ngrid = 130

Cvac_min = 2.55477599e-04
alpha_min = 8.50243615e+01
freeEnergy_min = -1.31234688e+00
density_min = 9.31942095e-01

success = 1
