# Result for min over (Cvac,alpha) at 
kT = 9.0000e-01
mu = -3.8123e+00
Ngrid = 130

Cvac_min = 2.20644914e-04
alpha_min = 9.61078187e+01
freeEnergy_min = -5.09648625e-01
density_min = 9.31974565e-01

success = 1
