# Result for min over (Cvac,alpha) at 
kT = 1.3600e+00
mu = 2.2753e+00
Ngrid = 130

Cvac_min = 2.05294420e-04
alpha_min = 5.62662050e+01
freeEnergy_min = -3.72246440e+00
density_min = 9.31988874e-01

success = 1
