# Result for min over (Cvac,alpha) at 
kT = 1.1600e+00
mu = 2.6664e-01
Ngrid = 131

Cvac_min = 2.10641891e-04
alpha_min = 5.81637638e+01
freeEnergy_min = -2.64374663e+00
density_min = 9.10803257e-01

success = 1
