# Result for min over (Cvac,alpha) at 
kT = 4.0000e-01
mu = -1.1400e+01
Ngrid = 94

Cvac_min = 4.02348002e-06
alpha_min = 1.65559806e+02
freeEnergy_min = 1.94098157e-02
density_min = 8.71769704e-01

success = 1
