# Result for min over (Cvac,alpha) at 
kT = 4.0000e-01
mu = -1.1200e+01
Ngrid = 94

Cvac_min = 4.02806764e-06
alpha_min = 1.65541789e+02
freeEnergy_min = -1.54944107e-01
density_min = 8.71769700e-01

success = 1
