# Physical Properties at the Critical Point
eta = 1.30443884e-01
hsd = 1.01340231e+00
aVdW = -5.77697421e+00
kT = 1.13781559e+00
rho = 2.39375352e-01
mu = -2.82956048e+00
omega = -8.62889362e-02
