# Properties at the triple point
kT    = 7.46410317e-01
rhoV  = 1.54497683e-02
rhoL  = 6.22701345e-01
rhoS  = 8.16036146e-01
mu    = -4.36929507e+00
omega = -1.39171535e-02
