# Result for solid computation at 
kT = 9.0000e-01
mu = -1.5000e+00

Ngrid_min = 9.52023778e+01
Cvac_min = 5.75317053e-04
alpha_min = 5.03471263e+01
freeEnergy_min = -1.36643199e+00
density_min = 8.38671472e-01

success = 1
