# Result for solid computation at 
kT = 1.2000e+00
mu = 3.0000e+00

Ngrid_min = 9.27979874e+01
Cvac_min = 1.72319623e-04
alpha_min = 5.28766088e+01
freeEnergy_min = -4.01166673e+00
density_min = 9.05933561e-01

success = 1
