# Result for solid computation at 
kT = 1.1000e+00
mu = 2.0000e+00

Ngrid_min = 9.32037756e+01
Cvac_min = 1.63566761e-04
alpha_min = 5.56508032e+01
freeEnergy_min = -3.46698777e+00
density_min = 8.94156349e-01

success = 1
