# Result for solid computation at 
kT = 7.0000e-01
mu = -4.5000e+00

Ngrid_min = 9.50778894e+01
Cvac_min = 1.44964891e-04
alpha_min = 7.27750882e+01
freeEnergy_min = -3.25044149e-01
density_min = 8.42333701e-01

success = 1
