# Result for solid computation at 
kT = 6.0000e-01
mu = -6.0000e+00

Ngrid_min = 9.43291668e+01
Cvac_min = 1.89057192e-05
alpha_min = 1.00080694e+02
freeEnergy_min = -2.30613714e-01
density_min = 8.62659217e-01

success = 1
