# Result for min over (Cvac,alpha) at 
kT = 5.0000e-01
mu = -8.0000e+00
Ngrid = 91

Cvac_min = 1.86133511e-06
alpha_min = 2.65373544e+02
freeEnergy_min = -1.88122235e-02
density_min = 9.60865510e-01

success = 1
