# Result for min over (Cvac,alpha) at 
kT = 9.0000e-01
mu = -1.5000e+00
Ngrid = 88

Cvac_min = 1.38662865e-03
alpha_min = 3.38523084e+02
freeEnergy_min = -2.24709208e-01
density_min = 1.06105221e+00

success = 1
