# Result for min over (Cvac,alpha) at 
kT = 7.0000e-01
mu = -4.5000e+00
Ngrid = 90

Cvac_min = 2.31297545e-04
alpha_min = 2.35102082e+02
freeEnergy_min = 2.41306959e-01
density_min = 9.93020132e-01

success = 1
