# Result for min over (Cvac,alpha) at 
kT = 9.0000e-01
mu = -1.5000e+00
Ngrid = 89

Cvac_min = 1.08877581e-03
alpha_min = 2.30034770e+02
freeEnergy_min = -6.20646794e-01
density_min = 1.02598906e+00

success = 1
