# Result for min over (Cvac,alpha) at 
kT = 1.0000e+00
mu = 5.0000e-01
Ngrid = 92

Cvac_min = 3.29064173e-04
alpha_min = 8.47001913e+01
freeEnergy_min = -2.51128434e+00
density_min = 9.29564590e-01

success = 1
