# Result for min over (Cvac,alpha) at 
kT = 7.0000e-01
mu = -4.5000e+00
Ngrid = 89

Cvac_min = 2.96000829e-04
alpha_min = 3.37065623e+02
freeEnergy_min = 5.98461181e-01
density_min = 1.02680332e+00

success = 1
