# Result for min over (Cvac,alpha) at 
kT = 5.0000e-01
mu = -8.0000e+00
Ngrid = 95

Cvac_min = 9.50887780e-07
alpha_min = 1.09073589e+02
freeEnergy_min = -2.03909296e-01
density_min = 8.44529672e-01

success = 1
