# Result for min over (Cvac,alpha) at 
kT = 1.3000e+00
mu = 4.5000e+00
Ngrid = 91

Cvac_min = 1.04831583e-04
alpha_min = 7.26867408e+01
freeEnergy_min = -5.08261976e+00
density_min = 9.60766569e-01

success = 1
