# Result for min over (Cvac,alpha) at 
kT = 8.0000e-01
mu = -3.0000e+00
Ngrid = 95

Cvac_min = 3.97148513e-04
alpha_min = 6.19890020e+01
freeEnergy_min = -7.41893499e-01
density_min = 8.44195071e-01

success = 1
