# Result for min over (Cvac,alpha) at 
kT = 5.0000e-01
mu = -8.0000e+00
Ngrid = 94

Cvac_min = 1.00046462e-06
alpha_min = 1.30608043e+02
freeEnergy_min = -2.43670744e-01
density_min = 8.71772339e-01

success = 1
