# Result for min over (Cvac,alpha) at 
kT = 8.0000e-01
mu = -3.0000e+00
Ngrid = 96

Cvac_min = 4.33819559e-04
alpha_min = 5.16598614e+01
freeEnergy_min = -7.38932389e-01
density_min = 8.18058607e-01

success = 1
