# Result for min over (Cvac,alpha) at 
kT = 7.0000e-01
mu = -4.5000e+00
Ngrid = 93

Cvac_min = 1.45380031e-04
alpha_min = 1.08339327e+02
freeEnergy_min = -2.61774301e-01
density_min = 9.00065130e-01

success = 1
