# Result for min over (Cvac,alpha) at 
kT = 9.0000e-01
mu = -1.5000e+00
Ngrid = 90

Cvac_min = 8.85853277e-04
alpha_min = 1.66036727e+02
freeEnergy_min = -9.03873455e-01
density_min = 9.92369994e-01

success = 1
