# Result for min over (Cvac,alpha) at 
kT = 5.0000e-01
mu = -8.0000e+00
Ngrid = 88

Cvac_min = 5.88991912e-06
alpha_min = 1.00336725e+03
freeEnergy_min = 1.30959355e+00
density_min = 1.06251928e+00

success = 1
