# Result for min over (Cvac,alpha) at 
kT = 1.2000e+00
mu = 3.0000e+00
Ngrid = 93

Cvac_min = 1.64971520e-04
alpha_min = 5.03730030e+01
freeEnergy_min = -4.01112064e+00
density_min = 9.00047488e-01

success = 1
