# Result for min over (Cvac,alpha) at 
kT = 4.0000e-01
mu = -1.1000e+01
Ngrid = 90

Cvac_min = 4.63772856e-08
alpha_min = 5.10793228e+02
freeEnergy_min = 9.64863929e-02
density_min = 9.93249822e-01

success = 1
