# Result for min over (Cvac,alpha) at 
kT = 4.0000e-01
mu = -1.1000e+01
Ngrid = 91

Cvac_min = 2.91384073e-08
alpha_min = 3.49438705e+02
freeEnergy_min = -1.89524578e-01
density_min = 9.60867270e-01

success = 1
