# Result for min over (Cvac,alpha) at 
kT = 1.0000e+00
mu = 5.0000e-01
Ngrid = 94

Cvac_min = 2.45320463e-04
alpha_min = 5.45693413e+01
freeEnergy_min = -2.56817004e+00
density_min = 8.71559347e-01

success = 1
