# Result for min over (Cvac,alpha) at 
kT = 7.0000e-01
mu = -4.5000e+00
Ngrid = 96

Cvac_min = 1.57925897e-04
alpha_min = 6.19528987e+01
freeEnergy_min = -3.14464801e-01
density_min = 8.18284403e-01

success = 1
