# Result for min over (Cvac,alpha) at 
kT = 1.3000e+00
mu = 4.5000e+00
Ngrid = 93

Cvac_min = 5.16740222e-05
alpha_min = 4.34907717e+01
freeEnergy_min = -5.07060705e+00
density_min = 9.00149430e-01

success = 1
