# Result for min over (Cvac,alpha) at 
kT = 6.0000e-01
mu = -6.0000e+00
Ngrid = 90

Cvac_min = 3.76637320e-05
alpha_min = 2.90178692e+02
freeEnergy_min = 3.06398899e-01
density_min = 9.93212458e-01

success = 1
