# Result for min over (Cvac,alpha) at 
kT = 1.1000e+00
mu = 2.0000e+00
Ngrid = 92

Cvac_min = 2.13964367e-04
alpha_min = 7.35940257e+01
freeEnergy_min = -3.44555961e+00
density_min = 9.29671618e-01

success = 1
