# Result for min over (Cvac,alpha) at 
kT = 5.0000e-01
mu = -8.0000e+00
Ngrid = 93

Cvac_min = 1.13644442e-06
alpha_min = 1.59641297e+02
freeEnergy_min = -2.39343150e-01
density_min = 9.00194977e-01

success = 1
