# Result for min over (Cvac,alpha) at 
kT = 8.0000e-01
mu = -3.0000e+00
Ngrid = 90

Cvac_min = 6.02428537e-04
alpha_min = 1.95669294e+02
freeEnergy_min = -2.05492988e-01
density_min = 9.92651506e-01

success = 1
