# Result for min over (Cvac,alpha) at 
kT = 1.2000e+00
mu = 3.0000e+00
Ngrid = 92

Cvac_min = 2.08079400e-04
alpha_min = 6.40695523e+01
freeEnergy_min = -4.00314569e+00
density_min = 9.29677091e-01

success = 1
