# Result for min over (Cvac,alpha) at 
kT = 1.2000e+00
mu = 3.0000e+00
Ngrid = 91

Cvac_min = 2.66667399e-04
alpha_min = 8.27906977e+01
freeEnergy_min = -3.95870295e+00
density_min = 9.60611066e-01

success = 1
