# Result for fluid-solid coexistence at 
kT = 5.8000e-01

fluidType = vapour

muCoex = -6.59613610e+00
freeEnergyCoex = -2.11821793e-03
densitySolidCoex = 8.60997332e-01
NgridCoex = 1.33508664e+02
CvacCoex = 1.64419760e-05
alphaCoex = 1.02825913e+02
densityFluidCoex = 1.40529038e-03

success = 1
