# Result for fluid-solid coexistence at 
kT = 7.0000e-01

fluidType = vapour

muCoex = -4.87023054e+00
freeEnergyCoex = -8.13730342e-03
densitySolidCoex = 8.30261298e-01
NgridCoex = 1.35103718e+02
CvacCoex = 2.60170377e-04
alphaCoex = 6.70465408e+01
densityFluidCoex = 8.67180412e-03

success = 1
