# Result for fluid-solid coexistence at 
kT = 4.8000e-01

fluidType = vapour

muCoex = -8.77954730e+00
freeEnergyCoex = -8.37556551e-04
densitySolidCoex = 8.81415832e-01
NgridCoex = 1.32463275e+02
CvacCoex = 3.13307009e-06
alphaCoex = 1.45618399e+02
densityFluidCoex = 1.54964897e-04

success = 1
