# Result for fluid-solid coexistence at 
kT = 7.4000e-01

fluidType = vapour

muCoex = -4.43399680e+00
freeEnergyCoex = -1.29722916e-02
densitySolidCoex = 8.18003797e-01
NgridCoex = 1.35760784e+02
CvacCoex = 5.79705963e-04
alphaCoex = 5.74357003e+01
densityFluidCoex = 1.43095927e-02

success = 1
