# Result for fluid-solid coexistence at 
kT = 5.4000e-01

fluidType = vapour

muCoex = -7.36343833e+00
freeEnergyCoex = -6.25569956e-04
densitySolidCoex = 8.69030252e-01
NgridCoex = 1.33075323e+02
CvacCoex = 5.38360527e-06
alphaCoex = 1.17679715e+02
densityFluidCoex = 6.42157521e-04

success = 1
