# Result for fluid-solid coexistence at 
kT = 5.6000e-01

fluidType = vapour

muCoex = -6.96479047e+00
freeEnergyCoex = -9.85897657e-04
densitySolidCoex = 8.64981636e-01
NgridCoex = 1.33283364e+02
CvacCoex = 9.53452743e-06
alphaCoex = 1.09928894e+02
densityFluidCoex = 9.61846324e-04

success = 1
