# Result for fluid-solid coexistence at 
kT = 6.4000e-01

fluidType = vapour

muCoex = -5.64235762e+00
freeEnergyCoex = -3.63857707e-03
densitySolidCoex = 8.46539335e-01
NgridCoex = 1.34240501e+02
CvacCoex = 7.16106971e-05
alphaCoex = 8.33654172e+01
densityFluidCoex = 3.76417574e-03

success = 1
