# Result for fluid-solid coexistence at 
kT = 7.2000e-01

fluidType = vapour

muCoex = -4.64536051e+00
freeEnergyCoex = -1.03329740e-02
densitySolidCoex = 8.24723519e-01
NgridCoex = 1.35399472e+02
CvacCoex = 3.90187177e-04
alphaCoex = 6.22963661e+01
densityFluidCoex = 1.11829611e-02

success = 1
