# Result for fluid computation at 
kT = 5.4000e-01
mu = -7.3958e+00

freeEnergyVapour = -6.17559694e-04
freeEnergyLiquid = 6.67366659e-01
densityVapour    = 6.21328998e-04
densityLiquid    = 6.78963988e-01
supercritical = 0

success = 1
