# Result for fluid computation at 
kT = 8.0000e-01
mu = -3.8495e+00

freeEnergyVapour = -2.50025294e-02
freeEnergyLiquid = -1.35095539e-01
densityVapour    = 3.03750953e-02
densityLiquid    = 6.15402919e-01
supercritical = 0

success = 1
