# Result for fluid computation at 
kT = 5.4000e-01
mu = -7.7958e+00

freeEnergyVapour = -4.13132983e-04
freeEnergyLiquid = 9.31514573e-01
densityVapour    = 4.14813164e-04
densityLiquid    = 6.38359231e-01
supercritical = 0

success = 1
