# Result for fluid computation at 
kT = 4.8000e-01
mu = -8.9409e+00

freeEnergyVapour = -1.31116440e-04
freeEnergyLiquid = 1.07271411e+00
densityVapour    = 1.31310488e-04
densityLiquid    = 6.94113375e-01
supercritical = 0

success = 1
