# Result for fluid computation at 
kT = 5.0000e-01
mu = -8.1795e+00

freeEnergyVapour = -2.81176157e-04
freeEnergyLiquid = 7.85256143e-01
densityVapour    = 2.82028600e-04
densityLiquid    = 7.02841948e-01
supercritical = 0

success = 1
