# Result for solid computation at 
kT = 6.4000e-01
mu = -5.7372e+00

Ngrid_min = 1.34367364e+02
Cvac_min = 8.25983468e-05
alpha_min = 8.20609926e+01
freeEnergy_min = 7.65843445e-02
freeEnergy_err = 2.93986234e-05
density_min = 8.44135410e-01

success = 1
