# Result for fluid computation at 
kT = 4.2000e-01
mu = -1.1588e+01

freeEnergyVapour = -9.28249454e-06
freeEnergyLiquid = 2.03413818e+00
densityVapour    = 9.28362999e-06
densityLiquid    = 6.54132356e-01
supercritical = 0

success = 1
