# Result for fluid computation at 
kT = 4.2000e-01
mu = -1.0988e+01

freeEnergyVapour = -1.69155091e-05
freeEnergyLiquid = 1.62134185e+00
densityVapour    = 1.69192804e-05
densityLiquid    = 7.12747009e-01
supercritical = 0

success = 1
