# Result for solid computation at 
kT = 6.0000e-01
mu = -6.1961e+00

Ngrid_min = 1.33667786e+02
Cvac_min = 2.52789390e-05
alpha_min = 9.67500492e+01
freeEnergy_min = -5.16546906e-02
freeEnergy_err = 2.38023048e-05
density_min = 8.57510086e-01

success = 1
