# Result for fluid computation at 
kT = 4.4000e-01
mu = -1.0236e+01

freeEnergyVapour = -3.58737412e-05
freeEnergyLiquid = 1.41843781e+00
densityVapour    = 3.58898107e-05
densityLiquid    = 7.06107503e-01
supercritical = 0

success = 1
