# Result for fluid computation at 
kT = 6.2000e-01
mu = -6.2542e+00

freeEnergyVapour = -1.95382832e-03
freeEnergyLiquid = 5.30878050e-01
densityVapour    = 1.98629117e-03
densityLiquid    = 6.19465668e-01
supercritical = 0

success = 1
