# Result for fluid computation at 
kT = 5.0000e-01
mu = -8.3795e+00

freeEnergyVapour = -2.30081193e-04
freeEnergyLiquid = 9.24448702e-01
densityVapour    = 2.30651356e-04
densityLiquid    = 6.88719055e-01
supercritical = 0

success = 1
