# Result for fluid computation at 
kT = 4.0000e-01
mu = -1.0300e+01

freeEnergyVapour = -3.36488833e-05
freeEnergyLiquid = 6.97504231e-01
densityVapour    = 3.36646860e-05
densityLiquid    = 7.84467820e-01
supercritical = 0

success = 1
