# Result for solid computation at 
kT = 8.0000e-01
mu = -3.8495e+00

Ngrid_min = 1.36934028e+02
Cvac_min = 2.44788466e-03
alpha_min = 4.40628587e+01
freeEnergy_min = -4.34448737e-02
freeEnergy_err = 8.69245639e-08
density_min = 7.95667953e-01

success = 1
