# Result for fluid computation at 
kT = 6.8000e-01
mu = -5.3670e+00

freeEnergyVapour = -4.83944604e-03
freeEnergyLiquid = 3.06618200e-01
densityVapour    = 5.02393820e-03
densityLiquid    = 6.08272670e-01
supercritical = 0

success = 1
