# Result for fluid computation at 
kT = 4.6000e-01
mu = -9.1570e+00

freeEnergyVapour = -1.05611537e-04
freeEnergyLiquid = 9.51412417e-01
densityVapour    = 1.05743906e-04
densityLiquid    = 7.24662596e-01
supercritical = 0

success = 1
