# Result for solid computation at 
kT = 7.8000e-01
mu = -4.2359e+00

Ngrid_min = 1.37081804e+02
Cvac_min = 1.81788160e-03
alpha_min = 4.50211213e+01
freeEnergy_min = 1.29296010e-01
freeEnergy_err = 1.67160546e-07
density_min = 7.93597361e-01

success = 1
