# Result for solid computation at 
kT = 4.2000e-01
mu = -1.0988e+01

Ngrid_min = 1.32146408e+02
Cvac_min = 4.45588505e-06
alpha_min = 1.75505685e+02
freeEnergy_min = 3.12761255e-01
freeEnergy_err = 4.15830607e-06
density_min = 8.87486308e-01

success = 1
