# Result for fluid computation at 
kT = 6.0000e-01
mu = -6.1961e+00

freeEnergyVapour = -2.07418404e-03
freeEnergyLiquid = 3.60122415e-01
densityVapour    = 2.11243323e-03
densityLiquid    = 6.66354627e-01
supercritical = 0

success = 1
