# Result for solid computation at 
kT = 4.4000e-01
mu = -9.8360e+00

Ngrid_min = 1.32027200e+02
Cvac_min = 4.16248115e-06
alpha_min = 1.69964818e+02
freeEnergy_min = -1.07640595e-01
freeEnergy_err = 2.55197678e-08
density_min = 8.89893129e-01

success = 1
