# Result for solid computation at 
kT = 6.8000e-01
mu = -5.3670e+00

Ngrid_min = 1.35230471e+02
Cvac_min = 2.56341318e-04
alpha_min = 6.84912210e+01
freeEnergy_min = 2.07336900e-01
freeEnergy_err = 5.78331532e-06
density_min = 8.27931781e-01

success = 1
