# Result for solid computation at 
kT = 5.8000e-01
mu = -6.5648e+00

Ngrid_min = 1.33456820e+02
Cvac_min = 1.56724090e-05
alpha_min = 1.03267712e+02
freeEnergy_min = -2.84643414e-02
freeEnergy_err = 7.41731160e-05
density_min = 8.61589031e-01

success = 1
