# Result for fluid computation at 
kT = 5.4000e-01
mu = -7.1958e+00

freeEnergyVapour = -7.55311171e-04
freeEnergyLiquid = 5.30049095e-01
densityVapour    = 7.60964759e-04
densityLiquid    = 6.93826546e-01
supercritical = 0

success = 1
