# Result for fluid computation at 
kT = 6.6000e-01
mu = -5.4424e+00

freeEnergyVapour = -4.48206084e-03
freeEnergyLiquid = 2.50837881e-01
densityVapour    = 4.64599676e-03
densityLiquid    = 6.36247313e-01
supercritical = 0

success = 1
