# Result for min over (Cvac,alpha) at 
kT = 4.8000e-01
mu = -9.1409e+00
Ngrid = 131

Cvac_min = 4.83683586e-06
alpha_min = 1.80763478e+02
freeEnergy_min = 3.59595877e-01
freeEnergy_err = 0.00000000e+00
density_min = 9.10990745e-01

success = 1
