# Result for min over (Cvac,alpha) at 
kT = 7.6000e-01
mu = -4.2340e+00
Ngrid = 137

Cvac_min = 9.75936441e-04
alpha_min = 4.74164361e+01
freeEnergy_min = -1.46728309e-02
freeEnergy_err = 0.00000000e+00
density_min = 7.95690550e-01

success = 1
