# Result for min over (Cvac,alpha) at 
kT = 4.6000e-01
mu = -9.5570e+00
Ngrid = 133

Cvac_min = 3.14318092e-06
alpha_min = 1.41633729e+02
freeEnergy_min = 1.95890060e-01
freeEnergy_err = 0.00000000e+00
density_min = 8.70509799e-01

success = 1
