# Result for min over (Cvac,alpha) at 
kT = 7.8000e-01
mu = -3.8359e+00
Ngrid = 134

Cvac_min = 7.26489084e-04
alpha_min = 6.68611121e+01
freeEnergy_min = -1.74642082e-01
freeEnergy_err = 0.00000000e+00
density_min = 8.50550163e-01

success = 1
