# Result for min over (Cvac,alpha) at 
kT = 7.2000e-01
mu = -4.6702e+00
Ngrid = 136

Cvac_min = 4.31088125e-04
alpha_min = 5.78900696e+01
freeEnergy_min = 1.17944105e-02
freeEnergy_err = 0.00000000e+00
density_min = 8.13815520e-01

success = 1
