# Result for min over (Cvac,alpha) at 
kT = 5.2000e-01
mu = -8.2660e+00
Ngrid = 133

Cvac_min = 5.55390010e-06
alpha_min = 1.23951619e+02
freeEnergy_min = 4.09127569e-01
freeEnergy_err = 0.00000000e+00
density_min = 8.70507701e-01

success = 1
