# Result for min over (Cvac,alpha) at 
kT = 8.0000e-01
mu = -3.8495e+00
Ngrid = 139

Cvac_min = 2.91100170e-03
alpha_min = 3.35595882e+01
freeEnergy_min = -3.29971829e-02
freeEnergy_err = 0.00000000e+00
density_min = 7.60360374e-01

success = 1
