# Result for min over (Cvac,alpha) at 
kT = 4.0000e-01
mu = -1.1300e+01
Ngrid = 134

Cvac_min = 2.98719440e-06
alpha_min = 1.44464133e+02
freeEnergy_min = 3.98055476e-03
freeEnergy_err = 0.00000000e+00
density_min = 8.51165986e-01

success = 1
