# Result for min over (Cvac,alpha) at 
kT = 4.6000e-01
mu = -9.3570e+00
Ngrid = 133

Cvac_min = 3.13912482e-06
alpha_min = 1.41638246e+02
freeEnergy_min = 2.17880984e-02
freeEnergy_err = 0.00000000e+00
density_min = 8.70509803e-01

success = 1
