# Result for min over (Cvac,alpha) at 
kT = 6.8000e-01
mu = -5.1670e+00
Ngrid = 137

Cvac_min = 2.41338080e-04
alpha_min = 5.54371431e+01
freeEnergy_min = 6.28079207e-02
freeEnergy_err = 0.00000000e+00
density_min = 7.96275634e-01

success = 1
