# Result for min over (Cvac,alpha) at 
kT = 6.6000e-01
mu = -5.6424e+00
Ngrid = 136

Cvac_min = 1.91179057e-04
alpha_min = 6.48592940e+01
freeEnergy_min = 2.32114835e-01
freeEnergy_err = 0.00000000e+00
density_min = 8.14010845e-01

success = 1
