# Result for min over (Cvac,alpha) at 
kT = 6.4000e-01
mu = -5.9372e+00
Ngrid = 133

Cvac_min = 1.03046207e-04
alpha_min = 9.77849725e+01
freeEnergy_min = 2.64370834e-01
freeEnergy_err = 0.00000000e+00
density_min = 8.70422833e-01

success = 1
