# Result for min over (Cvac,alpha) at 
kT = 5.2000e-01
mu = -7.8660e+00
Ngrid = 131

Cvac_min = 4.76776827e-06
alpha_min = 1.65273501e+02
freeEnergy_min = 1.06908097e-01
freeEnergy_err = 0.00000000e+00
density_min = 9.10990808e-01

success = 1
