# Result for min over (Cvac,alpha) at 
kT = 6.4000e-01
mu = -5.9372e+00
Ngrid = 137

Cvac_min = 1.47972933e-04
alpha_min = 5.99884771e+01
freeEnergy_min = 2.74032438e-01
freeEnergy_err = 0.00000000e+00
density_min = 7.96349996e-01

success = 1
