# Result for min over (Cvac,alpha) at 
kT = 4.0000e-01
mu = -1.0900e+01
Ngrid = 132

Cvac_min = 5.24281153e-06
alpha_min = 1.88953930e+02
freeEnergy_min = -4.32992603e-01
freeEnergy_err = 0.00000000e+00
density_min = 8.90442503e-01

success = 1
