# Result for min over (Cvac,alpha) at 
kT = 4.0000e-01
mu = -1.0300e+01
Ngrid = 129

Cvac_min = 1.40105779e-05
alpha_min = 3.24213724e+02
freeEnergy_min = -8.69760054e-01
freeEnergy_err = 0.00000000e+00
density_min = 9.54013975e-01

success = 1
