# Result for min over (Cvac,alpha) at 
kT = 6.2000e-01
mu = -6.0542e+00
Ngrid = 135

Cvac_min = 5.59448993e-05
alpha_min = 7.89403802e+01
freeEnergy_min = 1.02221455e-01
freeEnergy_err = 0.00000000e+00
density_min = 8.32346868e-01

success = 1
