# Result for min over (Cvac,alpha) at 
kT = 6.4000e-01
mu = -5.5372e+00
Ngrid = 133

Cvac_min = 6.06335144e-05
alpha_min = 9.77953948e+01
freeEnergy_min = -8.38062650e-02
freeEnergy_err = 0.00000000e+00
density_min = 8.70459753e-01

success = 1
