# Result for min over (Cvac,alpha) at 
kT = 4.4000e-01
mu = -1.0036e+01
Ngrid = 130

Cvac_min = 7.38265078e-06
alpha_min = 2.36729295e+02
freeEnergy_min = 1.51529491e-01
freeEnergy_err = 0.00000000e+00
density_min = 9.32173364e-01

success = 1
