# Result for min over (Cvac,alpha) at 
kT = 7.0000e-01
mu = -5.1102e+00
Ngrid = 136

Cvac_min = 4.04262909e-04
alpha_min = 6.00965690e+01
freeEnergy_min = 1.91526949e-01
freeEnergy_err = 0.00000000e+00
density_min = 8.13837360e-01

success = 1
