# Result for min over (Cvac,alpha) at 
kT = 5.6000e-01
mu = -6.9634e+00
Ngrid = 135

Cvac_min = 9.68953344e-06
alpha_min = 8.89350024e+01
freeEnergy_min = 2.35574371e-02
freeEnergy_err = 0.00000000e+00
density_min = 8.32385370e-01

success = 1
