# Result for min over (Cvac,alpha) at 
kT = 4.0000e-01
mu = -1.0700e+01
Ngrid = 130

Cvac_min = 8.89988947e-06
alpha_min = 2.63793164e+02
freeEnergy_min = -5.79398909e-01
freeEnergy_err = 0.00000000e+00
density_min = 9.32171950e-01

success = 1
