# Result for min over (Cvac,alpha) at 
kT = 5.8000e-01
mu = -6.9648e+00
Ngrid = 136

Cvac_min = 3.30660210e-05
alpha_min = 7.59641316e+01
freeEnergy_min = 3.44919278e-01
freeEnergy_err = 0.00000000e+00
density_min = 8.14139576e-01

success = 1
