# Result for min over (Cvac,alpha) at 
kT = 4.6000e-01
mu = -9.9570e+00
Ngrid = 132

Cvac_min = 3.94269553e-06
alpha_min = 1.62637670e+02
freeEnergy_min = 5.49675956e-01
freeEnergy_err = 0.00000000e+00
density_min = 8.90443661e-01

success = 1
