# Result for min over (Cvac,alpha) at 
kT = 7.4000e-01
mu = -4.4454e+00
Ngrid = 138

Cvac_min = 8.48473510e-04
alpha_min = 4.35965071e+01
freeEnergy_min = 1.38910363e-02
freeEnergy_err = 0.00000000e+00
density_min = 7.78617301e-01

success = 1
