# Result for min over (Cvac,alpha) at 
kT = 8.0000e-01
mu = -3.6495e+00
Ngrid = 134

Cvac_min = 9.81548504e-04
alpha_min = 6.45547527e+01
freeEnergy_min = -1.80824399e-01
freeEnergy_err = 0.00000000e+00
density_min = 8.50333065e-01

success = 1
