# Result for min over (Cvac,alpha) at 
kT = 7.0000e-01
mu = -4.9102e+00
Ngrid = 133

Cvac_min = 2.48349285e-04
alpha_min = 8.77323209e+01
freeEnergy_min = 5.35207854e-02
freeEnergy_err = 0.00000000e+00
density_min = 8.70296344e-01

success = 1
