# Result for min over (Cvac,alpha) at 
kT = 5.8000e-01
mu = -6.7648e+00
Ngrid = 135

Cvac_min = 2.20227719e-05
alpha_min = 8.54067395e+01
freeEnergy_min = 1.57358517e-01
freeEnergy_err = 0.00000000e+00
density_min = 8.32375104e-01

success = 1
