# Result for min over (Cvac,alpha) at 
kT = 7.8000e-01
mu = -4.0359e+00
Ngrid = 134

Cvac_min = 9.46370717e-04
alpha_min = 6.68075822e+01
freeEnergy_min = -4.55007129e-03
freeEnergy_err = 0.00000000e+00
density_min = 8.50363007e-01

success = 1
