# Result for min over (Cvac,alpha) at 
kT = 4.8000e-01
mu = -8.7409e+00
Ngrid = 133

Cvac_min = 2.86526443e-06
alpha_min = 1.35279658e+02
freeEnergy_min = -2.95486499e-02
freeEnergy_err = 0.00000000e+00
density_min = 8.70510041e-01

success = 1
