# Result for min over (Cvac,alpha) at 
kT = 6.6000e-01
mu = -5.6424e+00
Ngrid = 135

Cvac_min = 1.70915139e-04
alpha_min = 7.31432204e+01
freeEnergy_min = 2.25879771e-01
freeEnergy_err = 0.00000000e+00
density_min = 8.32251167e-01

success = 1
