# Result for min over (Cvac,alpha) at 
kT = 5.2000e-01
mu = -8.2660e+00
Ngrid = 135

Cvac_min = 5.64213249e-06
alpha_min = 9.67012320e+01
freeEnergy_min = 4.35368307e-01
freeEnergy_err = 0.00000000e+00
density_min = 8.32388740e-01

success = 1
