# Result for min over (Cvac,alpha) at 
kT = 7.2000e-01
mu = -4.8702e+00
Ngrid = 137

Cvac_min = 6.67914281e-04
alpha_min = 5.12472415e+01
freeEnergy_min = 1.79665231e-01
freeEnergy_err = 0.00000000e+00
density_min = 7.95935879e-01

success = 1
