# Result for min over (Cvac,alpha) at 
kT = 5.4000e-01
mu = -7.7958e+00
Ngrid = 132

Cvac_min = 1.00644144e-05
alpha_min = 1.36344001e+02
freeEnergy_min = 3.96479389e-01
freeEnergy_err = 0.00000000e+00
density_min = 8.90438210e-01

success = 1
