# Result for min over (Cvac,alpha) at 
kT = 6.2000e-01
mu = -6.2542e+00
Ngrid = 136

Cvac_min = 8.33867583e-05
alpha_min = 7.01158314e+01
freeEnergy_min = 2.81959451e-01
freeEnergy_err = 0.00000000e+00
density_min = 8.14098606e-01

success = 1
