# Result for min over (Cvac,alpha) at 
kT = 6.0000e-01
mu = -6.1961e+00
Ngrid = 136

Cvac_min = 2.86075138e-05
alpha_min = 7.29613598e+01
freeEnergy_min = -1.38130413e-02
freeEnergy_err = 0.00000000e+00
density_min = 8.14143206e-01

success = 1
