# Result for min over (Cvac,alpha) at 
kT = 7.2000e-01
mu = -4.4702e+00
Ngrid = 137

Cvac_min = 3.68993444e-04
alpha_min = 5.12888007e+01
freeEnergy_min = -1.38760972e-01
freeEnergy_err = 0.00000000e+00
density_min = 7.96173960e-01

success = 1
