# Result for min over (Cvac,alpha) at 
kT = 5.4000e-01
mu = -7.1958e+00
Ngrid = 131

Cvac_min = 5.70550179e-06
alpha_min = 1.58366743e+02
freeEnergy_min = -1.02591256e-01
freeEnergy_err = 0.00000000e+00
density_min = 9.10989953e-01

success = 1
