# Result for min over (Cvac,alpha) at 
kT = 4.0000e-01
mu = -1.0500e+01
Ngrid = 128

Cvac_min = 4.59753706e-05
alpha_min = 4.14053343e+02
freeEnergy_min = -5.24854405e-01
freeEnergy_err = 0.00000000e+00
density_min = 9.76517602e-01

success = 1
