# Result for min over (Cvac,alpha) at 
kT = 4.4000e-01
mu = -1.0036e+01
Ngrid = 131

Cvac_min = 5.60076855e-06
alpha_min = 1.98863090e+02
freeEnergy_min = 9.10870317e-02
freeEnergy_err = 0.00000000e+00
density_min = 9.10990049e-01

success = 1
