# Result for min over (Cvac,alpha) at 
kT = 6.6000e-01
mu = -5.4424e+00
Ngrid = 136

Cvac_min = 1.42282107e-04
alpha_min = 6.48692189e+01
freeEnergy_min = 6.93085067e-02
freeEnergy_err = 0.00000000e+00
density_min = 8.14050656e-01

success = 1
