# Result for min over (Cvac,alpha) at 
kT = 4.0000e-01
mu = -1.0700e+01
Ngrid = 133

Cvac_min = 3.93140273e-06
alpha_min = 1.64173924e+02
freeEnergy_min = -5.71913081e-01
freeEnergy_err = 0.00000000e+00
density_min = 8.70509113e-01

success = 1
