# Result for min over (Cvac,alpha) at 
kT = 4.4000e-01
mu = -1.0236e+01
Ngrid = 134

Cvac_min = 2.81287968e-06
alpha_min = 1.30688530e+02
freeEnergy_min = 2.86914773e-01
freeEnergy_err = 0.00000000e+00
density_min = 8.51166134e-01

success = 1
