# Result for min over (Cvac,alpha) at 
kT = 5.4000e-01
mu = -7.3958e+00
Ngrid = 135

Cvac_min = 5.49202824e-06
alpha_min = 9.26914060e+01
freeEnergy_min = 6.05151552e-02
freeEnergy_err = 0.00000000e+00
density_min = 8.32388864e-01

success = 1
