# Result for min over (Cvac,alpha) at 
kT = 4.4000e-01
mu = -9.8360e+00
Ngrid = 130

Cvac_min = 7.37934616e-06
alpha_min = 2.36804484e+02
freeEnergy_min = -3.49050779e-02
freeEnergy_err = 0.00000000e+00
density_min = 9.32173367e-01

success = 1
