# Result for min over (Cvac,alpha) at 
kT = 5.2000e-01
mu = -8.0660e+00
Ngrid = 133

Cvac_min = 4.31514582e-06
alpha_min = 1.23951497e+02
freeEnergy_min = 2.35025917e-01
freeEnergy_err = 0.00000000e+00
density_min = 8.70508779e-01

success = 1
