# Result for min over (Cvac,alpha) at 
kT = 4.0000e-01
mu = -1.0500e+01
Ngrid = 133

Cvac_min = 3.96071951e-06
alpha_min = 1.64185284e+02
freeEnergy_min = -7.46014811e-01
freeEnergy_err = 0.00000000e+00
density_min = 8.70509088e-01

success = 1
