# Result for min over (Cvac,alpha) at 
kT = 4.4000e-01
mu = -9.8360e+00
Ngrid = 132

Cvac_min = 4.19252089e-06
alpha_min = 1.70647511e+02
freeEnergy_min = -1.07629005e-01
freeEnergy_err = 0.00000000e+00
density_min = 8.90443438e-01

success = 1
