# Result for min over (Cvac,alpha) at 
kT = 5.0000e-01
mu = -8.7795e+00
Ngrid = 134

Cvac_min = 3.04482655e-06
alpha_min = 1.13903775e+02
freeEnergy_min = 4.57093457e-01
freeEnergy_err = 0.00000000e+00
density_min = 8.51165936e-01

success = 1
