# Result for min over (Cvac,alpha) at 
kT = 7.0000e-01
mu = -5.1102e+00
Ngrid = 138

Cvac_min = 5.70227783e-04
alpha_min = 4.72787849e+01
freeEnergy_min = 2.14148962e-01
freeEnergy_err = 0.00000000e+00
density_min = 7.78834131e-01

success = 1
