# Result for min over (Cvac,alpha) at 
kT = 4.0000e-01
mu = -1.0300e+01
Ngrid = 131

Cvac_min = 6.95614763e-06
alpha_min = 2.20741112e+02
freeEnergy_min = -9.81048461e-01
freeEnergy_err = 0.00000000e+00
density_min = 9.10988814e-01

success = 1
