# Result for min over (Cvac,alpha) at 
kT = 5.0000e-01
mu = -8.1795e+00
Ngrid = 135

Cvac_min = 1.17927405e-06
alpha_min = 1.00995574e+02
freeEnergy_min = -1.59067224e-02
freeEnergy_err = 0.00000000e+00
density_min = 8.32392454e-01

success = 1
