# Result for min over (Cvac,alpha) at 
kT = 4.4000e-01
mu = -1.0436e+01
Ngrid = 134

Cvac_min = 2.82183296e-06
alpha_min = 1.30690574e+02
freeEnergy_min = 4.57148003e-01
freeEnergy_err = 0.00000000e+00
density_min = 8.51166126e-01

success = 1
