# Result for min over (Cvac,alpha) at 
kT = 6.4000e-01
mu = -5.5372e+00
Ngrid = 132

Cvac_min = 6.21618890e-05
alpha_min = 1.12172824e+02
freeEnergy_min = -5.64794718e-02
freeEnergy_err = 0.00000000e+00
density_min = 8.90391820e-01

success = 1
