# Result for min over (Cvac,alpha) at 
kT = 6.2000e-01
mu = -6.2542e+00
Ngrid = 132

Cvac_min = 6.83116745e-05
alpha_min = 1.16425547e+02
freeEnergy_min = 3.13290456e-01
freeEnergy_err = 0.00000000e+00
density_min = 8.90386344e-01

success = 1
