# Result for min over (Cvac,alpha) at 
kT = 6.2000e-01
mu = -6.2542e+00
Ngrid = 135

Cvac_min = 7.48595159e-05
alpha_min = 7.89375429e+01
freeEnergy_min = 2.68689331e-01
freeEnergy_err = 0.00000000e+00
density_min = 8.32331123e-01

success = 1
