# Result for min over (Cvac,alpha) at 
kT = 4.2000e-01
mu = -1.1188e+01
Ngrid = 133

Cvac_min = 3.45803047e-06
alpha_min = 1.56030003e+02
freeEnergy_min = 4.98836419e-01
freeEnergy_err = 0.00000000e+00
density_min = 8.70509525e-01

success = 1
