# Result for min over (Cvac,alpha) at 
kT = 4.4000e-01
mu = -1.0036e+01
Ngrid = 133

Cvac_min = 3.37587927e-06
alpha_min = 1.48500207e+02
freeEnergy_min = 8.12864968e-02
freeEnergy_err = 0.00000000e+00
density_min = 8.70509597e-01

success = 1
