# Result for min over (Cvac,alpha) at 
kT = 5.6000e-01
mu = -7.1634e+00
Ngrid = 135

Cvac_min = 1.32190051e-05
alpha_min = 8.89350391e+01
freeEnergy_min = 1.90034234e-01
freeEnergy_err = 0.00000000e+00
density_min = 8.32382433e-01

success = 1
