# Result for min over (Cvac,alpha) at 
kT = 5.6000e-01
mu = -7.1634e+00
Ngrid = 133

Cvac_min = 1.26139138e-05
alpha_min = 1.14111947e+02
freeEnergy_min = 1.72788353e-01
freeEnergy_err = 0.00000000e+00
density_min = 8.70501555e-01

success = 1
