# Result for min over (Cvac,alpha) at 
kT = 4.8000e-01
mu = -8.9409e+00
Ngrid = 135

Cvac_min = 1.19488903e-06
alpha_min = 1.05607404e+02
freeEnergy_min = 2.04899845e-01
freeEnergy_err = 0.00000000e+00
density_min = 8.32392441e-01

success = 1
