# Result for min over (Cvac,alpha) at 
kT = 4.0000e-01
mu = -1.0500e+01
Ngrid = 130

Cvac_min = 8.88947540e-06
alpha_min = 2.63708291e+02
freeEnergy_min = -7.65833337e-01
freeEnergy_err = 0.00000000e+00
density_min = 9.32171959e-01

success = 1
