# Result for min over (Cvac,alpha) at 
kT = 7.2000e-01
mu = -4.8702e+00
Ngrid = 135

Cvac_min = 5.12075143e-04
alpha_min = 6.54537067e+01
freeEnergy_min = 1.77639488e-01
freeEnergy_err = 0.00000000e+00
density_min = 8.31967188e-01

success = 1
