# Result for min over (Cvac,alpha) at 
kT = 6.0000e-01
mu = -6.3961e+00
Ngrid = 132

Cvac_min = 3.39875459e-05
alpha_min = 1.20952648e+02
freeEnergy_min = 1.51751900e-01
freeEnergy_err = 0.00000000e+00
density_min = 8.90416907e-01

success = 1
