# Result for min over (Cvac,alpha) at 
kT = 5.8000e-01
mu = -6.5648e+00
Ngrid = 131

Cvac_min = 1.78113540e-05
alpha_min = 1.45932809e+02
freeEnergy_min = 3.67530901e-02
freeEnergy_err = 0.00000000e+00
density_min = 9.10978925e-01

success = 1
