# Result for min over (Cvac,alpha) at 
kT = 6.2000e-01
mu = -5.8542e+00
Ngrid = 132

Cvac_min = 4.08166302e-05
alpha_min = 1.16435343e+02
freeEnergy_min = -4.28693526e-02
freeEnergy_err = 0.00000000e+00
density_min = 8.90410826e-01

success = 1
