# Result for min over (Cvac,alpha) at 
kT = 5.2000e-01
mu = -7.8660e+00
Ngrid = 135

Cvac_min = 2.94888807e-06
alpha_min = 9.67018708e+01
freeEnergy_min = 1.02412318e-01
freeEnergy_err = 0.00000000e+00
density_min = 8.32390981e-01

success = 1
