# Result for min over (Cvac,alpha) at 
kT = 7.6000e-01
mu = -4.0340e+00
Ngrid = 134

Cvac_min = 5.32495168e-04
alpha_min = 6.92344094e+01
freeEnergy_min = -1.67433462e-01
freeEnergy_err = 0.00000000e+00
density_min = 8.50715285e-01

success = 1
