# Result for min over (Cvac,alpha) at 
kT = 4.8000e-01
mu = -9.1409e+00
Ngrid = 135

Cvac_min = 1.39396300e-06
alpha_min = 1.05607456e+02
freeEnergy_min = 3.71378318e-01
freeEnergy_err = 0.00000000e+00
density_min = 8.32392276e-01

success = 1
