# Result for min over (Cvac,alpha) at 
kT = 6.6000e-01
mu = -5.2424e+00
Ngrid = 132

Cvac_min = 9.27578858e-05
alpha_min = 1.08146976e+02
freeEnergy_min = -6.79142082e-02
freeEnergy_err = 0.00000000e+00
density_min = 8.90364575e-01

success = 1
