# Result for min over (Cvac,alpha) at 
kT = 5.2000e-01
mu = -7.6660e+00
Ngrid = 132

Cvac_min = 3.43943963e-06
alpha_min = 1.42206290e+02
freeEnergy_min = -1.07887447e-01
freeEnergy_err = 0.00000000e+00
density_min = 8.90444109e-01

success = 1
