# Result for min over (Cvac,alpha) at 
kT = 4.2000e-01
mu = -1.1588e+01
Ngrid = 132

Cvac_min = 4.66830873e-06
alpha_min = 1.79340021e+02
freeEnergy_min = 8.47379320e-01
freeEnergy_err = 0.00000000e+00
density_min = 8.90443015e-01

success = 1
