# Result for min over (Cvac,alpha) at 
kT = 5.6000e-01
mu = -6.9634e+00
Ngrid = 131

Cvac_min = 1.11545555e-05
alpha_min = 1.51937622e+02
freeEnergy_min = 5.64109072e-02
freeEnergy_err = 0.00000000e+00
density_min = 9.10984989e-01

success = 1
