# Result for min over (Cvac,alpha) at 
kT = 5.0000e-01
mu = -8.3795e+00
Ngrid = 131

Cvac_min = 4.22654749e-06
alpha_min = 1.72713696e+02
freeEnergy_min = 1.39600375e-01
freeEnergy_err = 0.00000000e+00
density_min = 9.10991301e-01

success = 1
