# Result for min over (Cvac,alpha) at 
kT = 7.8000e-01
mu = -4.2359e+00
Ngrid = 137

Cvac_min = 1.78951953e-03
alpha_min = 4.54942960e+01
freeEnergy_min = 1.29315687e-01
freeEnergy_err = 0.00000000e+00
density_min = 7.95042557e-01

success = 1
