# Result for min over (Cvac,alpha) at 
kT = 4.2000e-01
mu = -1.0588e+01
Ngrid = 132

Cvac_min = 4.65486302e-06
alpha_min = 1.79321912e+02
freeEnergy_min = -4.30637166e-02
freeEnergy_err = 0.00000000e+00
density_min = 8.90443027e-01

success = 1
