# Result for min over (Cvac,alpha) at 
kT = 4.6000e-01
mu = -9.3570e+00
Ngrid = 130

Cvac_min = 7.01424432e-06
alpha_min = 2.24942780e+02
freeEnergy_min = 1.01463467e-01
freeEnergy_err = 0.00000000e+00
density_min = 9.32173707e-01

success = 1
