# Result for min over (Cvac,alpha) at 
kT = 7.2000e-01
mu = -4.6702e+00
Ngrid = 137

Cvac_min = 4.97823313e-04
alpha_min = 5.12699484e+01
freeEnergy_min = 2.04640056e-02
freeEnergy_err = 0.00000000e+00
density_min = 7.96071351e-01

success = 1
