# Result for min over (Cvac,alpha) at 
kT = 5.4000e-01
mu = -7.3958e+00
Ngrid = 134

Cvac_min = 5.42337088e-06
alpha_min = 1.04604854e+02
freeEnergy_min = 3.58730186e-02
freeEnergy_err = 0.00000000e+00
density_min = 8.51163912e-01

success = 1
