# Result for min over (Cvac,alpha) at 
kT = 6.0000e-01
mu = -6.5961e+00
Ngrid = 133

Cvac_min = 4.35328082e-05
alpha_min = 1.05463754e+02
freeEnergy_min = 2.99926617e-01
freeEnergy_err = 0.00000000e+00
density_min = 8.70474640e-01

success = 1
