# Result for min over (Cvac,alpha) at 
kT = 5.2000e-01
mu = -7.6660e+00
Ngrid = 131

Cvac_min = 4.21730728e-06
alpha_min = 1.65274803e+02
freeEnergy_min = -7.52901167e-02
freeEnergy_err = 0.00000000e+00
density_min = 9.10991309e-01

success = 1
