# Result for min over (Cvac,alpha) at 
kT = 6.6000e-01
mu = -5.4424e+00
Ngrid = 133

Cvac_min = 1.18330230e-04
alpha_min = 9.42577461e+01
freeEnergy_min = 7.63321155e-02
freeEnergy_err = 0.00000000e+00
density_min = 8.70409528e-01

success = 1
