# Result for min over (Cvac,alpha) at 
kT = 5.8000e-01
mu = -6.9648e+00
Ngrid = 132

Cvac_min = 2.75698477e-05
alpha_min = 1.25756619e+02
freeEnergy_min = 3.48805697e-01
freeEnergy_err = 0.00000000e+00
density_min = 8.90422622e-01

success = 1
