# Result for min over (Cvac,alpha) at 
kT = 5.4000e-01
mu = -7.3958e+00
Ngrid = 133

Cvac_min = 5.65068999e-06
alpha_min = 1.18865837e+02
freeEnergy_min = 2.75910322e-02
freeEnergy_err = 0.00000000e+00
density_min = 8.70507617e-01

success = 1
