# Result for min over (Cvac,alpha) at 
kT = 5.2000e-01
mu = -7.6660e+00
Ngrid = 135

Cvac_min = 2.08986604e-06
alpha_min = 9.67016570e+01
freeEnergy_min = -6.40659533e-02
freeEnergy_err = 0.00000000e+00
density_min = 8.32391696e-01

success = 1
