# Result for min over (Cvac,alpha) at 
kT = 7.0000e-01
mu = -4.7102e+00
Ngrid = 136

Cvac_min = 2.26055675e-04
alpha_min = 6.01279522e+01
freeEnergy_min = -1.34039564e-01
freeEnergy_err = 0.00000000e+00
density_min = 8.13982450e-01

success = 1
