# Result for min over (Cvac,alpha) at 
kT = 4.2000e-01
mu = -1.0988e+01
Ngrid = 132

Cvac_min = 4.65866226e-06
alpha_min = 1.79337914e+02
freeEnergy_min = 3.13113494e-01
freeEnergy_err = 0.00000000e+00
density_min = 8.90443023e-01

success = 1
