# Result for min over (Cvac,alpha) at 
kT = 6.4000e-01
mu = -5.7372e+00
Ngrid = 136

Cvac_min = 9.46315703e-05
alpha_min = 6.74261955e+01
freeEnergy_min = 9.28262727e-02
freeEnergy_err = 0.00000000e+00
density_min = 8.14089451e-01

success = 1
