# Result for min over (Cvac,alpha) at 
kT = 4.4000e-01
mu = -1.0636e+01
Ngrid = 135

Cvac_min = 1.98895098e-06
alpha_min = 1.15954024e+02
freeEnergy_min = 6.70424874e-01
freeEnergy_err = 0.00000000e+00
density_min = 8.32391780e-01

success = 1
