# Result for min over (Cvac,alpha) at 
kT = 7.4000e-01
mu = -4.6454e+00
Ngrid = 134

Cvac_min = 6.59489974e-04
alpha_min = 7.16531645e+01
freeEnergy_min = 1.81631936e-01
freeEnergy_err = 0.00000000e+00
density_min = 8.50607191e-01

success = 1
