# Result for min over (Cvac,alpha) at 
kT = 4.0000e-01
mu = -1.0900e+01
Ngrid = 129

Cvac_min = 1.39804084e-05
alpha_min = 3.24278101e+02
freeEnergy_min = -2.97351642e-01
freeEnergy_err = 0.00000000e+00
density_min = 9.54014004e-01

success = 1
