# Result for min over (Cvac,alpha) at 
kT = 7.0000e-01
mu = -4.7102e+00
Ngrid = 133

Cvac_min = 1.91067499e-04
alpha_min = 8.77449410e+01
freeEnergy_min = -1.20543709e-01
freeEnergy_err = 0.00000000e+00
density_min = 8.70346209e-01

success = 1
