# Result for min over (Cvac,alpha) at 
kT = 7.2000e-01
mu = -4.4702e+00
Ngrid = 136

Cvac_min = 3.23181252e-04
alpha_min = 5.79077719e+01
freeEnergy_min = -1.50977837e-01
freeEnergy_err = 0.00000000e+00
density_min = 8.13903374e-01

success = 1
