# Result for min over (Cvac,alpha) at 
kT = 4.2000e-01
mu = -1.0588e+01
Ngrid = 134

Cvac_min = 2.97182964e-06
alpha_min = 1.37241578e+02
freeEnergy_min = 2.15295023e-02
freeEnergy_err = 0.00000000e+00
density_min = 8.51165999e-01

success = 1
