# Result for min over (Cvac,alpha) at 
kT = 4.2000e-01
mu = -1.1188e+01
Ngrid = 130

Cvac_min = 8.15948674e-06
alpha_min = 2.49514908e+02
freeEnergy_min = 5.83692298e-01
freeEnergy_err = 0.00000000e+00
density_min = 9.32172640e-01

success = 1
