# Result for min over (Cvac,alpha) at 
kT = 6.4000e-01
mu = -5.7372e+00
Ngrid = 133

Cvac_min = 7.92405726e-05
alpha_min = 9.77865009e+01
freeEnergy_min = 9.02841277e-02
freeEnergy_err = 0.00000000e+00
density_min = 8.70443556e-01

success = 1
