# Result for min over (Cvac,alpha) at 
kT = 4.4000e-01
mu = -1.0636e+01
Ngrid = 132

Cvac_min = 4.18304970e-06
alpha_min = 1.70624684e+02
freeEnergy_min = 6.04725737e-01
freeEnergy_err = 0.00000000e+00
density_min = 8.90443447e-01

success = 1
