# Result for min over (Cvac,alpha) at 
kT = 7.4000e-01
mu = -4.6454e+00
Ngrid = 138

Cvac_min = 1.14021953e-03
alpha_min = 4.35534796e+01
freeEnergy_min = 1.69592843e-01
freeEnergy_err = 0.00000000e+00
density_min = 7.78389949e-01

success = 1
