# Result for min over (Cvac,alpha) at 
kT = 4.2000e-01
mu = -1.0588e+01
Ngrid = 131

Cvac_min = 6.27508517e-06
alpha_min = 2.09414901e+02
freeEnergy_min = -3.00377711e-02
freeEnergy_err = 0.00000000e+00
density_min = 9.10989435e-01

success = 1
