# Result for min over (Cvac,alpha) at 
kT = 4.6000e-01
mu = -9.5570e+00
Ngrid = 130

Cvac_min = 7.00493646e-06
alpha_min = 2.24999808e+02
freeEnergy_min = 2.87898162e-01
freeEnergy_err = 0.00000000e+00
density_min = 9.32173716e-01

success = 1
