# Result for min over (Cvac,alpha) at 
kT = 5.0000e-01
mu = -8.5795e+00
Ngrid = 132

Cvac_min = 3.48460540e-06
alpha_min = 1.48507305e+02
freeEnergy_min = 2.83709478e-01
freeEnergy_err = 0.00000000e+00
density_min = 8.90444069e-01

success = 1
