# Result for min over (Cvac,alpha) at 
kT = 6.4000e-01
mu = -5.7372e+00
Ngrid = 134

Cvac_min = 8.11511339e-05
alpha_min = 8.59417182e+01
freeEnergy_min = 7.75732119e-02
freeEnergy_err = 0.00000000e+00
density_min = 8.51099455e-01

success = 1
