# Result for min over (Cvac,alpha) at 
kT = 5.2000e-01
mu = -8.2660e+00
Ngrid = 132

Cvac_min = 6.00030561e-06
alpha_min = 1.42204895e+02
freeEnergy_min = 4.26378456e-01
freeEnergy_err = 0.00000000e+00
density_min = 8.90441829e-01

success = 1
