# Result for min over (Cvac,alpha) at 
kT = 4.0000e-01
mu = -1.0300e+01
Ngrid = 132

Cvac_min = 5.24343939e-06
alpha_min = 1.88840809e+02
freeEnergy_min = -9.67258169e-01
freeEnergy_err = 0.00000000e+00
density_min = 8.90442503e-01

success = 1
