# Result for min over (Cvac,alpha) at 
kT = 5.6000e-01
mu = -6.9634e+00
Ngrid = 132

Cvac_min = 1.01789859e-05
alpha_min = 1.30876117e+02
freeEnergy_min = 1.46421875e-02
freeEnergy_err = 0.00000000e+00
density_min = 8.90438108e-01

success = 1
