# Result for min over (Cvac,alpha) at 
kT = 7.4000e-01
mu = -4.6454e+00
Ngrid = 135

Cvac_min = 7.16493745e-04
alpha_min = 6.30969794e+01
freeEnergy_min = 1.65169107e-01
freeEnergy_err = 0.00000000e+00
density_min = 8.31797031e-01

success = 1
