# Result for min over (Cvac,alpha) at 
kT = 5.2000e-01
mu = -8.2660e+00
Ngrid = 131

Cvac_min = 6.77055452e-06
alpha_min = 1.65272148e+02
freeEnergy_min = 4.71304094e-01
freeEnergy_err = 0.00000000e+00
density_min = 9.10988983e-01

success = 1
