# Result for min over (Cvac,alpha) at 
kT = 7.6000e-01
mu = -4.4340e+00
Ngrid = 139

Cvac_min = 2.04007403e-03
alpha_min = 3.67383726e+01
freeEnergy_min = 1.59264470e-01
freeEnergy_err = 0.00000000e+00
density_min = 7.61024527e-01

success = 1
