# Result for min over (Cvac,alpha) at 
kT = 6.6000e-01
mu = -5.2424e+00
Ngrid = 136

Cvac_min = 1.05780532e-04
alpha_min = 6.48765402e+01
freeEnergy_min = -9.35047389e-02
freeEnergy_err = 0.00000000e+00
density_min = 8.14080374e-01

success = 1
