# Result for min over (Cvac,alpha) at 
kT = 6.0000e-01
mu = -6.3961e+00
Ngrid = 134

Cvac_min = 3.35670395e-05
alpha_min = 9.27483758e+01
freeEnergy_min = 1.19412519e-01
freeEnergy_err = 0.00000000e+00
density_min = 8.51139957e-01

success = 1
