# Result for min over (Cvac,alpha) at 
kT = 6.4000e-01
mu = -5.7372e+00
Ngrid = 135

Cvac_min = 8.60292949e-05
alpha_min = 7.59707120e+01
freeEnergy_min = 7.95169513e-02
freeEnergy_err = 0.00000000e+00
density_min = 8.32321826e-01

success = 1
