# Result for min over (Cvac,alpha) at 
kT = 5.8000e-01
mu = -6.5648e+00
Ngrid = 135

Cvac_min = 1.62867540e-05
alpha_min = 8.54069209e+01
freeEnergy_min = -9.11700504e-03
freeEnergy_err = 0.00000000e+00
density_min = 8.32379879e-01

success = 1
