# Result for min over (Cvac,alpha) at 
kT = 7.2000e-01
mu = -4.4702e+00
Ngrid = 134

Cvac_min = 2.76507255e-04
alpha_min = 7.43028376e+01
freeEnergy_min = -1.48910473e-01
freeEnergy_err = 0.00000000e+00
density_min = 8.50933174e-01

success = 1
