# Result for min over (Cvac,alpha) at 
kT = 4.2000e-01
mu = -1.0988e+01
Ngrid = 130

Cvac_min = 8.15316161e-06
alpha_min = 2.49463203e+02
freeEnergy_min = 3.97257827e-01
freeEnergy_err = 0.00000000e+00
density_min = 9.32172646e-01

success = 1
