# Result for min over (Cvac,alpha) at 
kT = 4.8000e-01
mu = -8.7409e+00
Ngrid = 134

Cvac_min = 2.03306662e-06
alpha_min = 1.19075547e+02
freeEnergy_min = -4.41917506e-03
freeEnergy_err = 0.00000000e+00
density_min = 8.51166798e-01

success = 1
