# Physical Properties at the Critical Point
eta = 1.30443884e-01
hsd = 1.01888794e+00
aVdW = -5.87129664e+00
kT = 5.05118734e-01
rho = 2.35529787e-01
mu = -2.84575592e+00
omega = -8.49027042e-02
