# Result for fluid-solid coexistence at 
kT = 8.0000e-01

fluidType = fluid

muCoex = 2.67112992e+00
freeEnergyCoex = -2.66919940e+00
densitySolidCoex = 1.15861564e+00
NgridCoex = 1.20897916e+02
CvacCoex = 3.07220872e-04
alphaCoex = 9.26685434e+02
densityFluidCoex = 7.13265341e-01

success = 1
