# Result for fluid-solid coexistence at 
kT = 5.6000e-01

fluidType = fluid

muCoex = -2.26566909e+00
freeEnergyCoex = -2.23627547e-01
densitySolidCoex = 1.15746386e+00
NgridCoex = 1.20872276e+02
CvacCoex = 1.94088233e-03
alphaCoex = 1.25718659e+03
densityFluidCoex = 4.07078982e-01

success = 1
