# Result for fluid-solid coexistence at 
kT = 5.8000e-01

fluidType = fluid

muCoex = -1.77405230e+00
freeEnergyCoex = -4.08209154e-01
densitySolidCoex = 1.15789819e+00
NgridCoex = 1.20858829e+02
CvacCoex = 1.89968674e-03
alphaCoex = 1.22845542e+03
densityFluidCoex = 4.80133834e-01

success = 1
