# Result for fluid-solid coexistence at 
kT = 4.2000e-01

fluidType = fluid

muCoex = -5.70007527e+00
freeEnergyCoex = -3.40557528e-03
densitySolidCoex = 1.15502717e+00
NgridCoex = 1.20955142e+02
CvacCoex = 1.99029574e-03
alphaCoex = 1.32759526e+03
densityFluidCoex = 3.46353049e-03

success = 1
