# Result for fluid-solid coexistence at 
kT = 6.8000e-01

fluidType = fluid

muCoex = 4.84312593e-01
freeEnergyCoex = -1.46300358e+00
densitySolidCoex = 1.16049674e+00
NgridCoex = 1.20827362e+02
CvacCoex = 4.35135066e-04
alphaCoex = 1.08858467e+03
densityFluidCoex = 6.32438629e-01

success = 1
