# Result for fluid-solid coexistence at 
kT = 7.8000e-01

fluidType = fluid

muCoex = 2.34348675e+00
freeEnergyCoex = -2.47973734e+00
densitySolidCoex = 1.15901408e+00
NgridCoex = 1.20883312e+02
CvacCoex = 3.25531892e-04
alphaCoex = 9.52869136e+02
densityFluidCoex = 7.02837794e-01

success = 1
