# Result for fluid-solid coexistence at 
kT = 8.6000e-01

fluidType = fluid

muCoex = 3.57743508e+00
freeEnergyCoex = -3.20762206e+00
densitySolidCoex = 1.15781103e+00
NgridCoex = 1.20929399e+02
CvacCoex = 2.22651263e-04
alphaCoex = 8.58081649e+02
densityFluidCoex = 7.40092559e-01

success = 1
