# Result for fluid-solid coexistence at 
kT = 6.2000e-01

fluidType = fluid

muCoex = -8.26153900e-01
freeEnergyCoex = -8.19229984e-01
densitySolidCoex = 1.16009192e+00
NgridCoex = 1.20840239e+02
CvacCoex = 4.64739564e-04
alphaCoex = 1.16915292e+03
densityFluidCoex = 5.61419541e-01

success = 1
