# Result for fluid-solid coexistence at 
kT = 5.0000e-01

fluidType = fluid

muCoex = -3.59833910e+00
freeEnergyCoex = -3.09576977e-02
densitySolidCoex = 1.15646009e+00
NgridCoex = 1.20903597e+02
CvacCoex = 2.03052493e-03
alphaCoex = 1.33798197e+03
densityFluidCoex = 3.55417962e-02

success = 1
