# Result for fluid-solid coexistence at 
kT = 4.6000e-01

fluidType = fluid

muCoex = -4.56462839e+00
freeEnergyCoex = -1.09410130e-02
densitySolidCoex = 1.15581450e+00
NgridCoex = 1.20926812e+02
CvacCoex = 2.01233839e-03
alphaCoex = 1.33243882e+03
densityFluidCoex = 1.14973237e-02

success = 1
