# Result for fluid-solid coexistence at 
kT = 3.6000e-01

fluidType = fluid

muCoex = -7.86618143e+00
freeEnergyCoex = -3.85091124e-04
densitySolidCoex = 1.15354968e+00
NgridCoex = 1.21008343e+02
CvacCoex = 1.94980601e-03
alphaCoex = 1.32427684e+03
densityFluidCoex = 3.86019159e-04

success = 1
