# Result for fluid-solid coexistence at 
kT = 8.4000e-01

fluidType = fluid

muCoex = 3.28725365e+00
freeEnergyCoex = -3.03296368e+00
densitySolidCoex = 1.15819217e+00
NgridCoex = 1.20916127e+02
CvacCoex = 2.22814232e-04
alphaCoex = 8.80737807e+02
densityFluidCoex = 7.31787433e-01

success = 1
