# Result for fluid-solid coexistence at 
kT = 5.2000e-01

fluidType = fluid

muCoex = -3.16041416e+00
freeEnergyCoex = -5.16857366e-02
densitySolidCoex = 1.15676176e+00
NgridCoex = 1.20893410e+02
CvacCoex = 2.02274187e-03
alphaCoex = 1.32933517e+03
densityFluidCoex = 6.61618046e-02

success = 1
