# Result for solid computation at 
kT = 9.2000e-01
mu = 4.3246e+00

Ngrid_min = 1.20980810e+02
Cvac_min = 2.35979777e-04
alpha_min = 7.92878896e+02
freeEnergy_min = -3.63584091e+00
density_min = 1.15631997e+00

success = 1
