# Result for solid computation at 
kT = 5.8000e-01
mu = -2.0657e+00

Ngrid_min = 1.20883588e+02
Cvac_min = 1.88412162e-03
alpha_min = 1.22096433e+03
freeEnergy_min = -7.06318946e-02
density_min = 1.15720426e+00

success = 1
