# Result for solid computation at 
kT = 7.8000e-01
mu = 2.0019e+00

Ngrid_min = 1.20933528e+02
Cvac_min = 3.25724742e-04
alpha_min = 9.37771103e+02
freeEnergy_min = -2.08411695e+00
density_min = 1.15757154e+00

success = 1
