# Result for solid computation at 
kT = 6.0000e-01
mu = -1.7741e+00

Ngrid_min = 1.20893335e+02
Cvac_min = 4.18033836e-04
alpha_min = 1.18921913e+03
freeEnergy_min = -5.41209369e-02
density_min = 1.15861893e+00

success = 1
