# Result for solid computation at 
kT = 3.8000e-01
mu = -7.2662e+00

Ngrid_min = 1.20996361e+02
Cvac_min = 1.95877678e-03
alpha_min = 1.32454135e+03
freeEnergy_min = 2.27040961e-01
density_min = 1.15388238e+00

success = 1
