# Result for solid computation at 
kT = 6.2000e-01
mu = -1.0963e+00

Ngrid_min = 1.20866401e+02
Cvac_min = 4.33006034e-04
alpha_min = 1.16273888e+03
freeEnergy_min = -5.05900491e-01
density_min = 1.15937585e+00

success = 1
