# Result for solid computation at 
kT = 4.2000e-01
mu = -6.3505e+00

Ngrid_min = 1.20981213e+02
Cvac_min = 1.97079021e-03
alpha_min = 1.32580147e+03
freeEnergy_min = 7.47674991e-01
density_min = 1.15430242e+00

success = 1
