# Result for solid computation at 
kT = 7.4000e-01
mu = 1.6744e+00

Ngrid_min = 1.20848920e+02
Cvac_min = 3.91212557e-04
alpha_min = 1.01159072e+03
freeEnergy_min = -2.11923663e+00
density_min = 1.15992699e+00

success = 1
