# Result for solid computation at 
kT = 3.8000e-01
mu = -7.4662e+00

Ngrid_min = 1.21003240e+02
Cvac_min = 1.95364160e-03
alpha_min = 1.32438853e+03
freeEnergy_min = 4.57798328e-01
density_min = 1.15369134e+00

success = 1
