# Result for solid computation at 
kT = 5.6000e-01
mu = -2.7367e+00

Ngrid_min = 1.20908643e+02
Cvac_min = 1.91417402e-03
alpha_min = 1.25029447e+03
freeEnergy_min = 3.21349244e-01
density_min = 1.15644968e+00

success = 1
