# Result for solid computation at 
kT = 3.0000e-01
mu = -1.1200e+01

Ngrid_min = 1.21068668e+02
Cvac_min = 1.90171006e-03
alpha_min = 1.32287805e+03
freeEnergy_min = 3.49236966e-01
density_min = 1.15188007e+00

success = 1
