# Result for solid computation at 
kT = 8.8000e-01
mu = 3.5774e+00

Ngrid_min = 1.20993655e+02
Cvac_min = 2.81419168e-04
alpha_min = 8.22986608e+02
freeEnergy_min = -3.05482394e+00
density_min = 1.15589914e+00

success = 1
