# Result for solid computation at 
kT = 3.2000e-01
mu = -1.0097e+01

Ngrid_min = 1.21046938e+02
Cvac_min = 1.94877580e-03
alpha_min = 1.32339838e+03
freeEnergy_min = 3.88334534e-01
density_min = 1.15244755e+00

success = 1
