# Result for solid computation at 
kT = 7.8000e-01
mu = 2.2019e+00

Ngrid_min = 1.20904082e+02
Cvac_min = 3.18914118e-04
alpha_min = 9.46608530e+02
freeEnergy_min = -2.31571685e+00
density_min = 1.15842485e+00

success = 1
