# Result for solid computation at 
kT = 3.0000e-01
mu = -1.1800e+01

Ngrid_min = 1.21076992e+02
Cvac_min = 1.94376350e-03
alpha_min = 1.32266938e+03
freeEnergy_min = 1.04078978e+00
density_min = 1.15159504e+00

success = 1
