# Result for solid computation at 
kT = 4.0000e-01
mu = -7.0687e+00

Ngrid_min = 1.20998086e+02
Cvac_min = 1.95754308e-03
alpha_min = 1.32455063e+03
freeEnergy_min = 8.27120732e-01
density_min = 1.15383441e+00

success = 1
