# Result for solid computation at 
kT = 6.0000e-01
mu = -1.1741e+00

Ngrid_min = 1.20839847e+02
Cvac_min = 4.79568182e-04
alpha_min = 1.20054965e+03
freeEnergy_min = -7.49733092e-01
density_min = 1.16008606e+00

success = 1
