# Result for solid computation at 
kT = 3.6000e-01
mu = -8.5572e+00

Ngrid_min = 1.21030356e+02
Cvac_min = 1.93279297e-03
alpha_min = 1.32378557e+03
freeEnergy_min = 7.96569349e-01
density_min = 1.15293944e+00

success = 1
