# Result for solid computation at 
kT = 3.6000e-01
mu = -8.3572e+00

Ngrid_min = 1.21023999e+02
Cvac_min = 1.93778055e-03
alpha_min = 1.32392994e+03
freeEnergy_min = 5.65963857e-01
density_min = 1.15311553e+00

success = 1
