# Result for solid computation at 
kT = 3.2000e-01
mu = -9.6968e+00

Ngrid_min = 1.21042549e+02
Cvac_min = 1.92310175e-03
alpha_min = 1.32350535e+03
freeEnergy_min = -7.29632308e-02
density_min = 1.15260192e+00

success = 1
