# Result for solid computation at 
kT = 4.4000e-01
mu = -5.1001e+00

Ngrid_min = 1.20939974e+02
Cvac_min = 2.00233590e-03
alpha_min = 1.32987966e+03
freeEnergy_min = -1.48883484e-02
density_min = 1.15544835e+00

success = 1
