# Result for solid computation at 
kT = 3.0000e-01
mu = -1.1400e+01

Ngrid_min = 1.21073638e+02
Cvac_min = 1.89760539e-03
alpha_min = 1.32275983e+03
freeEnergy_min = 5.79598755e-01
density_min = 1.15174282e+00

success = 1
