# Result for solid computation at 
kT = 7.8000e-01
mu = 2.4019e+00

Ngrid_min = 1.20874744e+02
Cvac_min = 3.29949729e-04
alpha_min = 9.55455338e+02
freeEnergy_min = -2.54748549e+00
density_min = 1.15925525e+00

success = 1
