# Result for solid computation at 
kT = 3.6000e-01
mu = -8.7572e+00

Ngrid_min = 1.21036703e+02
Cvac_min = 1.92778374e-03
alpha_min = 1.32364119e+03
freeEnergy_min = 1.02713971e+00
density_min = 1.15276367e+00

success = 1
