# Result for solid computation at 
kT = 3.4000e-01
mu = -9.7600e+00

Ngrid_min = 1.21050326e+02
Cvac_min = 1.94822417e-03
alpha_min = 1.32331814e+03
freeEnergy_min = 1.15579159e+00
density_min = 1.15235140e+00

success = 1
