# Result for solid computation at 
kT = 4.8000e-01
mu = -4.3646e+00

Ngrid_min = 1.20930273e+02
Cvac_min = 2.01071996e-03
alpha_min = 1.33335185e+03
freeEnergy_min = 3.29080470e-01
density_min = 1.15571704e+00

success = 1
