# Result for solid computation at 
kT = 4.8000e-01
mu = -3.9646e+00

Ngrid_min = 1.20909486e+02
Cvac_min = 2.02542798e-03
alpha_min = 1.33574524e+03
freeEnergy_min = -1.33322177e-01
density_min = 1.15629680e+00

success = 1
