# Result for solid computation at 
kT = 3.4000e-01
mu = -9.3600e+00

Ngrid_min = 1.21038409e+02
Cvac_min = 1.95014947e-03
alpha_min = 1.32359820e+03
freeEnergy_min = 6.94783394e-01
density_min = 1.15268970e+00

success = 1
