# Result for solid computation at 
kT = 4.2000e-01
mu = -5.7505e+00

Ngrid_min = 1.20957170e+02
Cvac_min = 1.98881864e-03
alpha_min = 1.32746028e+03
freeEnergy_min = 5.48932876e-02
density_min = 1.15497073e+00

success = 1
