# Result for solid computation at 
kT = 3.4000e-01
mu = -9.5600e+00

Ngrid_min = 1.21044369e+02
Cvac_min = 1.94919182e-03
alpha_min = 1.32345889e+03
freeEnergy_min = 9.25304409e-01
density_min = 1.15252048e+00

success = 1
