# Result for solid computation at 
kT = 3.0000e-01
mu = -1.1000e+01

Ngrid_min = 1.21063700e+02
Cvac_min = 1.90587721e-03
alpha_min = 1.32299924e+03
freeEnergy_min = 1.18847241e-01
density_min = 1.15201721e+00

success = 1
