# Result for min over (Cvac,alpha) at 
kT = 6.2000e-01
mu = -6.9632e-01
Ngrid = 122

Cvac_min = 1.97285951e-04
alpha_min = 8.37707571e+02
freeEnergy_min = -7.74518044e-01
density_min = 1.12762520e+00

success = 1
