# Result for min over (Cvac,alpha) at 
kT = 8.6000e-01
mu = 3.4873e+00
Ngrid = 120

Cvac_min = 3.05544754e-04
alpha_min = 1.15448784e+03
freeEnergy_min = -3.02959032e+00
density_min = 1.18482306e+00

success = 1
