# Result for min over (Cvac,alpha) at 
kT = 7.2000e-01
mu = 8.8744e-01
Ngrid = 121

Cvac_min = 2.63579857e-04
alpha_min = 9.88178573e+02
freeEnergy_min = -1.43220676e+00
density_min = 1.15573790e+00

success = 1
