# Result for min over (Cvac,alpha) at 
kT = 9.2000e-01
mu = 4.5246e+00
Ngrid = 121

Cvac_min = 2.01787533e-04
alpha_min = 7.88135209e+02
freeEnergy_min = -3.86697100e+00
density_min = 1.15580933e+00

success = 1
