# Result for min over (Cvac,alpha) at 
kT = 8.4000e-01
mu = 3.1854e+00
Ngrid = 120

Cvac_min = 3.18372666e-04
alpha_min = 1.18068189e+03
freeEnergy_min = -2.84130110e+00
density_min = 1.18480785e+00

success = 1
