# Result for min over (Cvac,alpha) at 
kT = 6.2000e-01
mu = -8.9632e-01
Ngrid = 121

Cvac_min = 3.05717329e-04
alpha_min = 1.13172106e+03
freeEnergy_min = -7.34504383e-01
density_min = 1.15568919e+00

success = 1
