# Result for min over (Cvac,alpha) at 
kT = 9.0000e-01
mu = 4.2564e+00
Ngrid = 120

Cvac_min = 2.73175767e-04
alpha_min = 1.10474053e+03
freeEnergy_min = -3.62727675e+00
density_min = 1.18486142e+00

success = 1
