# Result for min over (Cvac,alpha) at 
kT = 9.2000e-01
mu = 4.3246e+00
Ngrid = 122

Cvac_min = 3.16150016e-04
alpha_min = 5.85900019e+02
freeEnergy_min = -3.55691317e+00
density_min = 1.12749114e+00

success = 1
