# Result for min over (Cvac,alpha) at 
kT = 8.8000e-01
mu = 3.7774e+00
Ngrid = 122

Cvac_min = 3.25596394e-04
alpha_min = 6.10172546e+02
freeEnergy_min = -3.19911562e+00
density_min = 1.12748048e+00

success = 1
