# Result for min over (Cvac,alpha) at 
kT = 8.6000e-01
mu = 3.2873e+00
Ngrid = 121

Cvac_min = 2.80773233e-04
alpha_min = 8.38994961e+02
freeEnergy_min = -2.87183403e+00
density_min = 1.15571802e+00

success = 1
