# Result for min over (Cvac,alpha) at 
kT = 7.2000e-01
mu = 1.2874e+00
Ngrid = 122

Cvac_min = 2.67785770e-04
alpha_min = 7.32172255e+02
freeEnergy_min = -1.75658208e+00
density_min = 1.12754568e+00

success = 1
