# Result for min over (Cvac,alpha) at 
kT = 4.0000e-01
mu = -6.8687e+00
Ngrid = 122

Cvac_min = 4.11036048e-04
alpha_min = 1.22690632e+03
freeEnergy_min = 9.78422698e-01
density_min = 1.12738412e+00

success = 1
