# Result for min over (Cvac,alpha) at 
kT = 8.0000e-01
mu = 2.7435e+00
Ngrid = 122

Cvac_min = 2.73359167e-04
alpha_min = 6.65487005e+02
freeEnergy_min = -2.63990622e+00
density_min = 1.12753940e+00

success = 1
