# Result for min over (Cvac,alpha) at 
kT = 7.8000e-01
mu = 2.2019e+00
Ngrid = 121

Cvac_min = 2.36833423e-04
alpha_min = 9.18292289e+02
freeEnergy_min = -2.31485167e+00
density_min = 1.15576882e+00

success = 1
