# Result for min over (Cvac,alpha) at 
kT = 7.6000e-01
mu = 2.0458e+00
Ngrid = 120

Cvac_min = 1.91577310e-03
alpha_min = 1.29269319e+03
freeEnergy_min = -2.26392187e+00
density_min = 1.18291464e+00

success = 1
