# Result for min over (Cvac,alpha) at 
kT = 8.0000e-01
mu = 2.3435e+00
Ngrid = 122

Cvac_min = 4.03483321e-04
alpha_min = 6.65346573e+02
freeEnergy_min = -2.18891795e+00
density_min = 1.12739264e+00

success = 1
