# Result for min over (Cvac,alpha) at 
kT = 6.0000e-01
mu = -1.5741e+00
Ngrid = 122

Cvac_min = 2.43367827e-04
alpha_min = 8.62641712e+02
freeEnergy_min = -9.07550480e-02
density_min = 1.12757322e+00

success = 1
