# Result for min over (Cvac,alpha) at 
kT = 8.8000e-01
mu = 3.9774e+00
Ngrid = 121

Cvac_min = 2.04468319e-04
alpha_min = 8.21404680e+02
freeEnergy_min = -3.51712696e+00
density_min = 1.15580623e+00

success = 1
