# Result for min over (Cvac,alpha) at 
kT = 5.4000e-01
mu = -3.1604e+00
Ngrid = 122

Cvac_min = 2.25574963e-04
alpha_min = 9.47660739e+02
freeEnergy_min = 6.32289583e-01
density_min = 1.12759329e+00

success = 1
