# Result for min over (Cvac,alpha) at 
kT = 5.2000e-01
mu = -3.5983e+00
Ngrid = 121

Cvac_min = 1.94212604e-03
alpha_min = 1.31369238e+03
freeEnergy_min = 4.56096080e-01
density_min = 1.15379743e+00

success = 1
