# Result for min over (Cvac,alpha) at 
kT = 6.8000e-01
mu = 6.4496e-02
Ngrid = 121

Cvac_min = 2.63360507e-04
alpha_min = 1.04114916e+03
freeEnergy_min = -9.74370609e-01
density_min = 1.15573815e+00

success = 1
