# Result for min over (Cvac,alpha) at 
kT = 7.6000e-01
mu = 1.6458e+00
Ngrid = 121

Cvac_min = 2.70972877e-04
alpha_min = 9.40438142e+02
freeEnergy_min = -1.87196966e+00
density_min = 1.15572935e+00

success = 1
