# Result for min over (Cvac,alpha) at 
kT = 6.2000e-01
mu = -1.2963e+00
Ngrid = 121

Cvac_min = 3.06078899e-04
alpha_min = 1.13084123e+03
freeEnergy_min = -2.72228592e-01
density_min = 1.15568877e+00

success = 1
