# Result for min over (Cvac,alpha) at 
kT = 9.0000e-01
mu = 4.0564e+00
Ngrid = 120

Cvac_min = 2.76923978e-04
alpha_min = 1.10464522e+03
freeEnergy_min = -3.39030482e+00
density_min = 1.18485698e+00

success = 1
