# Result for min over (Cvac,alpha) at 
kT = 5.8000e-01
mu = -2.0657e+00
Ngrid = 122

Cvac_min = 2.24176279e-04
alpha_min = 8.89264972e+02
freeEnergy_min = 1.34728587e-01
density_min = 1.12759487e+00

success = 1
