# Result for min over (Cvac,alpha) at 
kT = 3.8000e-01
mu = -7.2662e+00
Ngrid = 122

Cvac_min = 4.62355216e-04
alpha_min = 1.27938090e+03
freeEnergy_min = 6.33773774e-01
density_min = 1.12732624e+00

success = 1
