# Result for min over (Cvac,alpha) at 
kT = 6.2000e-01
mu = -1.2963e+00
Ngrid = 122

Cvac_min = 3.11771467e-04
alpha_min = 8.37610035e+02
freeEnergy_min = -9.79762597e-02
density_min = 1.12749607e+00

success = 1
