# Result for min over (Cvac,alpha) at 
kT = 9.4000e-01
mu = 4.3827e+00
Ngrid = 120

Cvac_min = 2.86883908e-04
alpha_min = 1.05898065e+03
freeEnergy_min = -3.49314281e+00
density_min = 1.18484517e+00

success = 1
