# Result for min over (Cvac,alpha) at 
kT = 6.0000e-01
mu = -1.3741e+00
Ngrid = 121

Cvac_min = 3.19287026e-04
alpha_min = 1.16460939e+03
freeEnergy_min = -5.14636007e-01
density_min = 1.15567350e+00

success = 1
