# Result for min over (Cvac,alpha) at 
kT = 9.0000e-01
mu = 4.0564e+00
Ngrid = 121

Cvac_min = 2.37353044e-04
alpha_min = 8.04388812e+02
freeEnergy_min = -3.46353436e+00
density_min = 1.15576822e+00

success = 1
