# Result for min over (Cvac,alpha) at 
kT = 8.8000e-01
mu = 3.7774e+00
Ngrid = 121

Cvac_min = 2.38684399e-04
alpha_min = 8.21357380e+02
freeEnergy_min = -3.28596943e+00
density_min = 1.15576668e+00

success = 1
