# Result for min over (Cvac,alpha) at 
kT = 7.0000e-01
mu = 4.8431e-01
Ngrid = 120

Cvac_min = 1.95632628e-03
alpha_min = 1.32460085e+03
freeEnergy_min = -1.12203584e+00
density_min = 1.18286658e+00

success = 1
