# Result for min over (Cvac,alpha) at 
kT = 3.8000e-01
mu = -7.8662e+00
Ngrid = 122

Cvac_min = 4.63103903e-04
alpha_min = 1.28082938e+03
freeEnergy_min = 1.31016357e+00
density_min = 1.12732539e+00

success = 1
