# Result for min over (Cvac,alpha) at 
kT = 6.2000e-01
mu = -1.0963e+00
Ngrid = 122

Cvac_min = 2.62220580e-04
alpha_min = 8.37652180e+02
freeEnergy_min = -3.23481239e-01
density_min = 1.12755196e+00

success = 1
