# Result for min over (Cvac,alpha) at 
kT = 5.0000e-01
mu = -3.8639e+00
Ngrid = 122

Cvac_min = 2.48942842e-04
alpha_min = 1.01393147e+03
freeEnergy_min = 5.61565673e-01
density_min = 1.12756694e+00

success = 1
