# Result for min over (Cvac,alpha) at 
kT = 3.6000e-01
mu = -7.9572e+00
Ngrid = 122

Cvac_min = 4.68189942e-04
alpha_min = 1.28119081e+03
freeEnergy_min = 5.30059882e-01
density_min = 1.12731966e+00

success = 1
