# Result for min over (Cvac,alpha) at 
kT = 6.8000e-01
mu = 6.6450e-01
Ngrid = 122

Cvac_min = 2.15926275e-04
alpha_min = 7.70982409e+02
freeEnergy_min = -1.50775837e+00
density_min = 1.12760417e+00

success = 1
