# Result for min over (Cvac,alpha) at 
kT = 8.4000e-01
mu = 2.9854e+00
Ngrid = 121

Cvac_min = 2.79852816e-04
alpha_min = 8.57508008e+02
freeEnergy_min = -2.68352592e+00
density_min = 1.15571909e+00

success = 1
