# Result for min over (Cvac,alpha) at 
kT = 9.8000e-01
mu = 5.2705e+00
Ngrid = 122

Cvac_min = 2.47578948e-04
alpha_min = 5.53058130e+02
freeEnergy_min = -4.27942965e+00
density_min = 1.12756847e+00

success = 1
