# Result for min over (Cvac,alpha) at 
kT = 7.4000e-01
mu = 1.2744e+00
Ngrid = 122

Cvac_min = 3.95779977e-04
alpha_min = 7.14047919e+02
freeEnergy_min = -1.53530045e+00
density_min = 1.12740133e+00

success = 1
