# Result for min over (Cvac,alpha) at 
kT = 7.6000e-01
mu = 1.8458e+00
Ngrid = 121

Cvac_min = 2.37093593e-04
alpha_min = 9.40462228e+02
freeEnergy_min = -2.10311983e+00
density_min = 1.15576852e+00

success = 1
