# Result for min over (Cvac,alpha) at 
kT = 6.2000e-01
mu = -6.9632e-01
Ngrid = 121

Cvac_min = 3.05277237e-04
alpha_min = 1.13073909e+03
freeEnergy_min = -9.65642526e-01
density_min = 1.15568970e+00

success = 1
