# Result for min over (Cvac,alpha) at 
kT = 1.0000e+00
mu = 5.3012e+00
Ngrid = 120

Cvac_min = 2.46226465e-04
alpha_min = 9.97038517e+02
freeEnergy_min = -4.20343084e+00
density_min = 1.18489336e+00

success = 1
