# Result for min over (Cvac,alpha) at 
kT = 4.2000e-01
mu = -6.3505e+00
Ngrid = 122

Cvac_min = 3.59109261e-04
alpha_min = 1.17899616e+03
freeEnergy_min = 1.10808668e+00
density_min = 1.12744268e+00

success = 1
