# Result for min over (Cvac,alpha) at 
kT = 5.4000e-01
mu = -2.5604e+00
Ngrid = 122

Cvac_min = 2.24303593e-04
alpha_min = 9.47147180e+02
freeEnergy_min = -4.42669030e-02
density_min = 1.12759473e+00

success = 1
