# Result for min over (Cvac,alpha) at 
kT = 9.8000e-01
mu = 5.0705e+00
Ngrid = 122

Cvac_min = 3.03003761e-04
alpha_min = 5.53030039e+02
freeEnergy_min = -4.05392194e+00
density_min = 1.12750596e+00

success = 1
