# Result for min over (Cvac,alpha) at 
kT = 6.6000e-01
mu = 2.2769e-01
Ngrid = 122

Cvac_min = 2.09723754e-04
alpha_min = 7.91997632e+02
freeEnergy_min = -1.26467193e+00
density_min = 1.12761117e+00

success = 1
