# Result for min over (Cvac,alpha) at 
kT = 6.4000e-01
mu = -6.2615e-01
Ngrid = 122

Cvac_min = 2.79383152e-04
alpha_min = 8.14151556e+02
freeEnergy_min = -5.68389990e-01
density_min = 1.12753260e+00

success = 1
