# Result for min over (Cvac,alpha) at 
kT = 9.4000e-01
mu = 4.7827e+00
Ngrid = 121

Cvac_min = 2.00052154e-04
alpha_min = 7.72569622e+02
freeEnergy_min = -4.03413222e+00
density_min = 1.15581134e+00

success = 1
