# Result for min over (Cvac,alpha) at 
kT = 5.2000e-01
mu = -2.9983e+00
Ngrid = 122

Cvac_min = 2.34121017e-04
alpha_min = 9.79545383e+02
freeEnergy_min = 3.53261670e-02
density_min = 1.12758365e+00

success = 1
