# Result for min over (Cvac,alpha) at 
kT = 5.6000e-01
mu = -2.1367e+00
Ngrid = 121

Cvac_min = 1.84358213e-03
alpha_min = 1.23412765e+03
freeEnergy_min = -3.69484943e-01
density_min = 1.15391135e+00

success = 1
