# Result for min over (Cvac,alpha) at 
kT = 4.2000e-01
mu = -5.5505e+00
Ngrid = 122

Cvac_min = 3.57773095e-04
alpha_min = 1.17814830e+03
freeEnergy_min = 2.06131502e-01
density_min = 1.12744419e+00

success = 1
