# Result for min over (Cvac,alpha) at 
kT = 5.6000e-01
mu = -2.5367e+00
Ngrid = 122

Cvac_min = 2.16019054e-04
alpha_min = 9.17600262e+02
freeEnergy_min = 3.11585572e-01
density_min = 1.12760407e+00

success = 1
