# Result for min over (Cvac,alpha) at 
kT = 9.8000e-01
mu = 5.0705e+00
Ngrid = 121

Cvac_min = 2.31373219e-04
alpha_min = 7.43008072e+02
freeEnergy_min = -4.12260999e+00
density_min = 1.15577513e+00

success = 1
