# Result for min over (Cvac,alpha) at 
kT = 7.2000e-01
mu = 8.8744e-01
Ngrid = 122

Cvac_min = 3.89155828e-04
alpha_min = 7.32056984e+02
freeEnergy_min = -1.30558907e+00
density_min = 1.12740880e+00

success = 1
