# Result for min over (Cvac,alpha) at 
kT = 5.5000e-01
mu = -2.3000e+00
Ngrid = 86

Cvac_min = 2.71352666e-04
alpha_min = 1.04514622e+03
freeEnergy_min = -2.58125895e-01
density_min = 1.13808125e+00

success = 1
