# Result for min over (Cvac,alpha) at 
kT = 5.5000e-01
mu = -2.3000e+00
Ngrid = 85

Cvac_min = 1.95292263e-03
alpha_min = 1.32783174e+03
freeEnergy_min = -3.37187695e-01
density_min = 1.17674125e+00

success = 1
