a0 = -4.96953181e+00
a1 = 5.78179111e+01
a2 = -2.30457940e+02
a3 = 4.85318672e+02
a4 = -5.71227111e+02
a5 = 3.56287765e+02
a6 = -9.21000016e+01
