a0 = -2.48560506e-01
a1 = 2.32970326e+00
a2 = -9.00511755e+00
a3 = 1.83807385e+01
a4 = -2.09651019e+01
a5 = 1.28100658e+01
a6 = -3.36912823e+00
