a0 = -4.39691688e+01
a1 = 2.38162787e+02
a2 = -5.27848230e+02
a3 = 6.20996411e+02
a4 = -4.08122682e+02
a5 = 1.41971154e+02
a6 = -2.04178940e+01
