a0 = 1.12271376e+02
a1 = -7.70931965e+02
a2 = 1.89480512e+03
a3 = -2.34754927e+03
a4 = 1.59655712e+03
a5 = -5.69815402e+02
a6 = 8.36497610e+01
