a0 = 6.70664459e+00
a1 = -3.09635936e+01
a2 = 6.83089910e+01
a3 = -7.99042604e+01
a4 = 5.23226713e+01
a5 = -1.81527835e+01
a6 = 2.60408087e+00
