a0 = -7.51820496e+01
a1 = 3.57867662e+02
a2 = -8.73735404e+02
a3 = 1.27011260e+03
a4 = -1.10656463e+03
a5 = 5.35595583e+02
a6 = -1.11187709e+02
