a0 = 1.35350839e+00
a1 = -1.28506546e+01
a2 = 5.05787774e+01
a3 = -1.05685346e+02
a4 = 1.23787031e+02
a5 = -7.72502127e+01
a6 = 2.01740501e+01
