a0 = -1.43451526e+02
a1 = 8.36025040e+02
a2 = -1.94309197e+03
a3 = 2.34599016e+03
a4 = -1.57187025e+03
a5 = 5.55546121e+02
a6 = -8.09916003e+01
