# Result for solid computation at 
kT = 1.1000e+00
mu = 2.0000e+00

Ngrid_min = 9.32039247e+01
Cvac_min = 1.62967912e-04
alpha_min = 5.56446850e+01
freeEnergy_min = -3.46697059e+00
density_min = 8.94152592e-01

success = 1
