# Result for solid computation at 
kT = 9.0000e-01
mu = -1.5000e+00

Ngrid_min = 9.52022047e+01
Cvac_min = 5.75456126e-04
alpha_min = 5.03482654e+01
freeEnergy_min = -1.36644930e+00
density_min = 8.38675926e-01

success = 1
