# Result for solid computation at 
kT = 1.3000e+00
mu = 4.5000e+00

Ngrid_min = 9.18149056e+01
Cvac_min = 7.65419513e-05
alpha_min = 5.86283435e+01
freeEnergy_min = -5.09342778e+00
density_min = 9.35436548e-01

success = 1
