# Result for solid computation at 
kT = 6.0000e-01
mu = -6.0000e+00

Ngrid_min = 9.43290796e+01
Cvac_min = 1.85268833e-05
alpha_min = 1.00080551e+02
freeEnergy_min = -2.30631421e-01
density_min = 8.62661936e-01

success = 1
