# Result for solid computation at 
kT = 8.0000e-01
mu = -3.0000e+00

Ngrid_min = 9.53678120e+01
Cvac_min = 4.05895858e-04
alpha_min = 5.78869731e+01
freeEnergy_min = -7.43405874e-01
density_min = 8.34454775e-01

success = 1
