# Result for solid computation at 
kT = 5.0000e-01
mu = -8.0000e+00

Ngrid_min = 9.35983409e+01
Cvac_min = 3.04540888e-06
alpha_min = 1.41355328e+02
freeEnergy_min = -2.47206315e-01
density_min = 8.83044995e-01

success = 1
