# Result for min over (Cvac,alpha) at 
kT = 1.3000e+00
mu = 4.5000e+00
Ngrid = 88

Cvac_min = 2.51979484e-04
alpha_min = 1.84800641e+02
freeEnergy_min = -4.73895412e+00
density_min = 1.06225781e+00

success = 1
