# Result for min over (Cvac,alpha) at 
kT = 1.0000e+00
mu = 5.0000e-01
Ngrid = 92

Cvac_min = 3.29176938e-04
alpha_min = 8.46958429e+01
freeEnergy_min = -2.51127197e+00
density_min = 9.29564486e-01

success = 1
