# Result for min over (Cvac,alpha) at 
kT = 7.0000e-01
mu = -4.5000e+00
Ngrid = 90

Cvac_min = 2.31051982e-04
alpha_min = 2.35111539e+02
freeEnergy_min = 2.41375936e-01
density_min = 9.93020376e-01

success = 1
