# Result for min over (Cvac,alpha) at 
kT = 5.0000e-01
mu = -8.0000e+00
Ngrid = 90

Cvac_min = 2.46712436e-05
alpha_min = 3.72931943e+02
freeEnergy_min = 2.50265858e-01
density_min = 9.93225363e-01

success = 1
