# Result for min over (Cvac,alpha) at 
kT = 6.0000e-01
mu = -6.0000e+00
Ngrid = 93

Cvac_min = 2.01959544e-05
alpha_min = 1.29974701e+02
freeEnergy_min = -1.96577861e-01
density_min = 9.00177820e-01

success = 1
