# Result for min over (Cvac,alpha) at 
kT = 7.0000e-01
mu = -4.5000e+00
Ngrid = 88

Cvac_min = 4.03262406e-04
alpha_min = 5.25353371e+02
freeEnergy_min = 1.10221224e+00
density_min = 1.06209706e+00

success = 1
