# Result for min over (Cvac,alpha) at 
kT = 1.1000e+00
mu = 2.0000e+00
Ngrid = 89

Cvac_min = 4.27751974e-04
alpha_min = 1.70238180e+02
freeEnergy_min = -3.08941170e+00
density_min = 1.02666800e+00

success = 1
