# Result for min over (Cvac,alpha) at 
kT = 9.0000e-01
mu = -1.5000e+00
Ngrid = 90

Cvac_min = 8.83396796e-04
alpha_min = 1.66049050e+02
freeEnergy_min = -9.03951841e-01
density_min = 9.92372434e-01

success = 1
