# Result for min over (Cvac,alpha) at 
kT = 1.2000e+00
mu = 3.0000e+00
Ngrid = 91

Cvac_min = 2.65920465e-04
alpha_min = 8.27857443e+01
freeEnergy_min = -3.95869722e+00
density_min = 9.60611784e-01

success = 1
