# Result for min over (Cvac,alpha) at 
kT = 1.1000e+00
mu = 2.0000e+00
Ngrid = 88

Cvac_min = 5.49517736e-04
alpha_min = 2.43069087e+02
freeEnergy_min = -2.81820385e+00
density_min = 1.06194166e+00

success = 1
