# Result for min over (Cvac,alpha) at 
kT = 1.1000e+00
mu = 2.0000e+00
Ngrid = 94

Cvac_min = 1.42701361e-04
alpha_min = 4.67330042e+01
freeEnergy_min = -3.45759898e+00
density_min = 8.71648796e-01

success = 1
