# Result for min over (Cvac,alpha) at 
kT = 6.0000e-01
mu = -6.0000e+00
Ngrid = 88

Cvac_min = 1.61104303e-04
alpha_min = 6.98222244e+02
freeEnergy_min = 1.25226026e+00
density_min = 1.06235436e+00

success = 1
