# Result for min over (Cvac,alpha) at 
kT = 4.0000e-01
mu = -1.1000e+01
Ngrid = 91

Cvac_min = 2.14142401e-05
alpha_min = 3.49096519e+02
freeEnergy_min = -1.89290947e-01
density_min = 9.60846722e-01

success = 1
