# Result for min over (Cvac,alpha) at 
kT = 5.0000e-01
mu = -8.0000e+00
Ngrid = 91

Cvac_min = 9.13110939e-06
alpha_min = 2.65418750e+02
freeEnergy_min = -1.87933601e-02
density_min = 9.60858524e-01

success = 1
