# Result for min over (Cvac,alpha) at 
kT = 1.3000e+00
mu = 4.5000e+00
Ngrid = 91

Cvac_min = 1.03884323e-04
alpha_min = 7.26890273e+01
freeEnergy_min = -5.08264417e+00
density_min = 9.60767479e-01

success = 1
