# Result for min over (Cvac,alpha) at 
kT = 1.3000e+00
mu = 4.5000e+00
Ngrid = 92

Cvac_min = 7.14353764e-05
alpha_min = 5.58494908e+01
freeEnergy_min = -5.09287145e+00
density_min = 9.29804151e-01

success = 1
