# Result for min over (Cvac,alpha) at 
kT = 6.0000e-01
mu = -6.0000e+00
Ngrid = 91

Cvac_min = 2.86813805e-05
alpha_min = 2.11710043e+02
freeEnergy_min = 4.91361529e-02
density_min = 9.60839739e-01

success = 1
