# Result for min over (Cvac,alpha) at 
kT = 5.0000e-01
mu = -8.0000e+00
Ngrid = 88

Cvac_min = 3.12804349e-04
alpha_min = 1.00195581e+03
freeEnergy_min = 1.30924053e+00
density_min = 1.06219318e+00

success = 1
