# Result for min over (Cvac,alpha) at 
kT = 7.0000e-01
mu = -4.5000e+00
Ngrid = 89

Cvac_min = 2.96853302e-04
alpha_min = 3.37119212e+02
freeEnergy_min = 5.98449464e-01
density_min = 1.02680245e+00

success = 1
