# Result for min over (Cvac,alpha) at 
kT = 6.0000e-01
mu = -6.0000e+00
Ngrid = 90

Cvac_min = 3.79957158e-05
alpha_min = 2.90213945e+02
freeEnergy_min = 3.06258788e-01
density_min = 9.93212129e-01

success = 1
