# Result for min over (Cvac,alpha) at 
kT = 1.0000e+00
mu = 5.0000e-01
Ngrid = 93

Cvac_min = 2.79805041e-04
alpha_min = 6.75101387e+01
freeEnergy_min = -2.55634810e+00
density_min = 8.99944121e-01

success = 1
