# Result for min over (Cvac,alpha) at 
kT = 6.0000e-01
mu = -6.0000e+00
Ngrid = 89

Cvac_min = 6.18067824e-05
alpha_min = 4.28236921e+02
freeEnergy_min = 6.92875494e-01
density_min = 1.02704387e+00

success = 1
