# Result for min over (Cvac,alpha) at 
kT = 5.0000e-01
mu = -8.0000e+00
Ngrid = 94

Cvac_min = 2.64979640e-06
alpha_min = 1.30595895e+02
freeEnergy_min = -2.43649782e-01
density_min = 8.71770901e-01

success = 1
