# Result for min over (Cvac,alpha) at 
kT = 9.0000e-01
mu = -1.5000e+00
Ngrid = 94

Cvac_min = 5.66096039e-04
alpha_min = 6.37453073e+01
freeEnergy_min = -1.35200482e+00
density_min = 8.71279704e-01

success = 1
