# Result for min over (Cvac,alpha) at 
kT = 5.0000e-01
mu = -8.0000e+00
Ngrid = 89

Cvac_min = 1.15585931e-04
alpha_min = 5.73837273e+02
freeEnergy_min = 6.74116074e-01
density_min = 1.02698863e+00

success = 1
