# Result for min over (Cvac,alpha) at 
kT = 6.0000e-01
mu = -6.0000e+00
Ngrid = 95

Cvac_min = 1.86147393e-05
alpha_min = 8.88628022e+01
freeEnergy_min = -2.21953762e-01
density_min = 8.44514754e-01

success = 1
