# Result for min over (Cvac,alpha) at 
kT = 5.0000e-01
mu = -8.0000e+00
Ngrid = 95

Cvac_min = 1.37970767e-06
alpha_min = 1.09067445e+02
freeEnergy_min = -2.03895499e-01
density_min = 8.44529310e-01

success = 1
