# Result for min over (Cvac,alpha) at 
kT = 1.1000e+00
mu = 2.0000e+00
Ngrid = 90

Cvac_min = 3.39274401e-04
alpha_min = 1.24750687e+02
freeEnergy_min = -3.27136774e+00
density_min = 9.92912884e-01

success = 1
