# Result for min over (Cvac,alpha) at 
kT = 9.0000e-01
mu = -1.5000e+00
Ngrid = 88

Cvac_min = 1.38397657e-03
alpha_min = 3.38612302e+02
freeEnergy_min = -2.24994544e-01
density_min = 1.06105503e+00

success = 1
