# Result for min over (Cvac,alpha) at 
kT = 4.0000e-01
mu = -1.1000e+01
Ngrid = 93

Cvac_min = 6.11271095e-06
alpha_min = 2.03322902e+02
freeEnergy_min = -3.68357128e-01
density_min = 9.00190497e-01

success = 1
