# Result for min over (Cvac,alpha) at 
kT = 9.0000e-01
mu = -1.5000e+00
Ngrid = 95

Cvac_min = 5.69304525e-04
alpha_min = 5.23776814e+01
freeEnergy_min = -1.36604067e+00
density_min = 8.44049679e-01

success = 1
