# Result for min over (Cvac,alpha) at 
kT = 1.2000e+00
mu = 3.0000e+00
Ngrid = 88

Cvac_min = 5.35901021e-04
alpha_min = 2.10687740e+02
freeEnergy_min = -3.47707082e+00
density_min = 1.06195613e+00

success = 1
