# Result for min over (Cvac,alpha) at 
kT = 9.0000e-01
mu = -1.5000e+00
Ngrid = 91

Cvac_min = 7.44733191e-04
alpha_min = 1.25407704e+02
freeEnergy_min = -1.10042285e+00
density_min = 9.60151708e-01

success = 1
