# Result for min over (Cvac,alpha) at 
kT = 8.0000e-01
mu = -3.0000e+00
Ngrid = 88

Cvac_min = 9.74682618e-04
alpha_min = 4.14659838e+02
freeEnergy_min = 5.65780265e-01
density_min = 1.06148992e+00

success = 1
