# Result for min over (Cvac,alpha) at 
kT = 7.0000e-01
mu = -4.5000e+00
Ngrid = 94

Cvac_min = 1.39748729e-04
alpha_min = 8.87501627e+01
freeEnergy_min = -3.10549022e-01
density_min = 8.71651382e-01

success = 1
