# Result for min over (Cvac,alpha) at 
kT = 9.0000e-01
mu = -1.5000e+00
Ngrid = 93

Cvac_min = 5.93283423e-04
alpha_min = 7.83544984e+01
freeEnergy_min = -1.31040421e+00
density_min = 8.99661929e-01

success = 1
