# Result for min over (Cvac,alpha) at 
kT = 7.0000e-01
mu = -4.5000e+00
Ngrid = 95

Cvac_min = 1.43933779e-04
alpha_min = 7.38029477e+01
freeEnergy_min = -3.24937660e-01
density_min = 8.44408918e-01

success = 1
