# Result for min over (Cvac,alpha) at 
kT = 8.0000e-01
mu = -3.0000e+00
Ngrid = 95

Cvac_min = 3.95388653e-04
alpha_min = 6.19884148e+01
freeEnergy_min = -7.41891134e-01
density_min = 8.44196557e-01

success = 1
