# Result for min over (Cvac,alpha) at 
kT = 5.0000e-01
mu = -8.0000e+00
Ngrid = 92

Cvac_min = 5.80594015e-06
alpha_min = 2.01217510e+02
freeEnergy_min = -1.72450449e-01
density_min = 9.29865179e-01

success = 1
