# Result for fluid-solid coexistence at 
kT = 6.6000e-01

fluidType = vapour

muCoex = -6.51994824e+00
freeEnergyCoex = -1.49593556e-03
densitySolidCoex = 9.47632730e-01
NgridCoex = 1.29285158e+02
alphaCoex = 1.50025264e+02
densityFluidCoex = 1.51608229e-03

success = 1
