# Result for fluid-solid coexistence at 
kT = 7.4000e-01

fluidType = vapour

muCoex = -5.36723485e+00
freeEnergyCoex = -4.85012554e-03
densitySolidCoex = 9.25576875e-01
NgridCoex = 1.30304044e+02
alphaCoex = 1.11807227e+02
densityFluidCoex = 5.04305071e-03

success = 1
