# Result for fluid-solid coexistence at 
kT = 9.0000e-01

fluidType = vapour

muCoex = -3.75591385e+00
freeEnergyCoex = -2.79688815e-02
densitySolidCoex = 8.52591017e-01
NgridCoex = 1.33927570e+02
alphaCoex = 4.81461972e+01
densityFluidCoex = 3.48513465e-02

success = 1
