# Result for fluid-solid coexistence at 
kT = 7.0000e-01

fluidType = vapour

muCoex = -5.90586596e+00
freeEnergyCoex = -2.79122157e-03
densitySolidCoex = 9.37009459e-01
NgridCoex = 1.29772055e+02
alphaCoex = 1.30008111e+02
densityFluidCoex = 2.85780100e-03

success = 1
