# Result for fluid-solid coexistence at 
kT = 5.0000e-01

fluidType = vapour

muCoex = -1.00778742e+01
freeEnergyCoex = -4.20130639e-05
densitySolidCoex = 9.83033379e-01
NgridCoex = 1.27714330e+02
alphaCoex = 2.66937748e+02
densityFluidCoex = 4.20642685e-05

success = 1
