# Result for fluid-solid coexistence at 
kT = 8.8000e-01

fluidType = vapour

muCoex = -3.91865934e+00
freeEnergyCoex = -2.30896867e-02
densitySolidCoex = 8.67342792e-01
NgridCoex = 1.33162103e+02
alphaCoex = 5.67204192e+01
densityFluidCoex = 2.76053680e-02

success = 1
