# Result for fluid-solid coexistence at 
kT = 8.2000e-01

fluidType = vapour

muCoex = -4.46741607e+00
freeEnergyCoex = -1.25169118e-02
densitySolidCoex = 8.97759299e-01
NgridCoex = 1.31640700e+02
alphaCoex = 8.01966693e+01
densityFluidCoex = 1.37669529e-02

success = 1
