# Result for fluid-solid coexistence at 
kT = 6.2000e-01

fluidType = vapour

muCoex = -7.22164617e+00
freeEnergyCoex = -7.36069882e-04
densitySolidCoex = 9.57178087e-01
NgridCoex = 1.28854045e+02
alphaCoex = 1.72680992e+02
densityFluidCoex = 7.41259265e-04

success = 1
