# Result for fluid-solid coexistence at 
kT = 7.8000e-01

fluidType = vapour

muCoex = -4.89036469e+00
freeEnergyCoex = -7.97212705e-03
densitySolidCoex = 9.12439380e-01
NgridCoex = 1.30930714e+02
alphaCoex = 9.54200498e+01
densityFluidCoex = 8.48053366e-03

success = 1
