# Result for fluid-solid coexistence at 
kT = 5.6000e-01

fluidType = vapour

muCoex = -8.48458409e+00
freeEnergyCoex = -2.07515568e-04
densitySolidCoex = 9.70645365e-01
NgridCoex = 1.28255278e+02
alphaCoex = 2.13345288e+02
densityFluidCoex = 2.07964918e-04

success = 1
