# Result for fluid-solid coexistence at 
kT = 8.6000e-01

fluidType = vapour

muCoex = -4.09141350e+00
freeEnergyCoex = -1.89524900e-02
densitySolidCoex = 8.79757471e-01
NgridCoex = 1.32532569e+02
alphaCoex = 6.50427970e+01
densityFluidCoex = 2.19025992e-02

success = 1
