# Result for fluid-solid coexistence at 
kT = 7.6000e-01

fluidType = vapour

muCoex = -5.12134655e+00
freeEnergyCoex = -6.25932332e-03
densitySolidCoex = 9.19360322e-01
NgridCoex = 1.30596719e+02
alphaCoex = 1.03681085e+02
densityFluidCoex = 6.57594641e-03

success = 1
