# Result for fluid-solid coexistence at 
kT = 5.4000e-01

fluidType = vapour

muCoex = -8.97332453e+00
freeEnergyCoex = -1.27186538e-04
densitySolidCoex = 9.74669556e-01
NgridCoex = 1.28078548e+02
alphaCoex = 2.29761045e+02
densityFluidCoex = 1.27384312e-04

success = 1
