# Result for fluid-solid coexistence at 
kT = 8.0000e-01

fluidType = vapour

muCoex = -4.67298871e+00
freeEnergyCoex = -1.00364866e-02
densitySolidCoex = 9.05442118e-01
NgridCoex = 1.31267653e+02
alphaCoex = 8.77112436e+01
densityFluidCoex = 1.08385321e-02

success = 1
