# Result for solid computation at 
kT = 8.2000e-01
mu = -4.6730e+00

Ngrid_min = 1.32118655e+02
Cvac_min = 6.85505598e-310
alpha_min = 7.39874868e+01
freeEnergy_min = 1.71040531e-01
density_min = 8.88049763e-01

success = 1
