# Result for solid computation at 
kT = 7.4000e-01
mu = -5.6280e+00

Ngrid_min = 1.30668630e+02
Cvac_min = 6.18947227e-310
alpha_min = 1.05298665e+02
freeEnergy_min = 2.36250481e-01
density_min = 9.17843006e-01

success = 1
