# Result for solid computation at 
kT = 8.2000e-01
mu = -4.2730e+00

Ngrid_min = 1.31266799e+02
Cvac_min = 6.45802514e-310
alpha_min = 8.53191218e+01
freeEnergy_min = -1.88292074e-01
density_min = 9.05459783e-01

success = 1
