# Result for solid computation at 
kT = 8.0000e-01
mu = -4.8904e+00

Ngrid_min = 1.31688214e+02
Cvac_min = 6.27704540e-310
alpha_min = 8.17373837e+01
freeEnergy_min = 1.86368284e-01
density_min = 8.96787945e-01

success = 1
