# Result for solid computation at 
kT = 5.8000e-01
mu = -7.8846e+00

Ngrid_min = 1.28336867e+02
Cvac_min = 6.16392777e-310
alpha_min = 2.02809031e+02
freeEnergy_min = -1.43276817e-01
density_min = 9.68794347e-01

success = 1
