# Result for solid computation at 
kT = 8.4000e-01
mu = -4.0674e+00

Ngrid_min = 1.31596058e+02
Cvac_min = 1.13450658e-310
alpha_min = 7.84137680e+01
freeEnergy_min = -2.00078677e-01
density_min = 8.98673526e-01

success = 1
