# Result for solid computation at 
kT = 5.8000e-01
mu = -8.4846e+00

Ngrid_min = 1.28773697e+02
Cvac_min = 3.56082284e-311
alpha_min = 1.87344338e+02
freeEnergy_min = 4.36448152e-01
density_min = 9.58970978e-01

success = 1
