# Result for solid computation at 
kT = 5.4000e-01
mu = -9.5027e+00

Ngrid_min = 1.28387407e+02
Cvac_min = 1.04352503e-310
alpha_min = 2.16118249e+02
freeEnergy_min = 5.14015275e-01
density_min = 9.67650570e-01

success = 1
