# Result for solid computation at 
kT = 7.2000e-01
mu = -5.5059e+00

Ngrid_min = 1.29894366e+02
Cvac_min = 7.75849415e-312
alpha_min = 1.23821314e+02
freeEnergy_min = -1.17636360e-01
density_min = 9.34363328e-01

success = 1
