# Result for solid computation at 
kT = 8.8000e-01
mu = -3.6914e+00

Ngrid_min = 1.32411439e+02
Cvac_min = 1.17700821e-310
alpha_min = 6.45190879e+01
freeEnergy_min = -2.22326974e-01
density_min = 8.82171025e-01

success = 1
