# Result for solid computation at 
kT = 5.0000e-01
mu = -9.8000e+00

Ngrid_min = 1.27556867e+02
Cvac_min = 1.36532677e-310
alpha_min = 2.76069230e+02
freeEnergy_min = -2.73694994e-01
density_min = 9.86678627e-01

success = 1
