# Result for solid computation at 
kT = 7.6000e-01
mu = -4.9672e+00

Ngrid_min = 1.30375729e+02
Cvac_min = 5.97138486e-310
alpha_min = 1.07484935e+02
freeEnergy_min = -1.48823207e-01
density_min = 9.24050348e-01

success = 1
