# Result for solid computation at 
kT = 7.8000e-01
mu = -4.9213e+00

Ngrid_min = 1.30983115e+02
Cvac_min = 1.98219281e-313
alpha_min = 9.45780887e+01
freeEnergy_min = 2.02880482e-02
density_min = 9.11346763e-01

success = 1
