# Result for solid computation at 
kT = 8.6000e-01
mu = -3.8740e+00

Ngrid_min = 1.32009707e+02
Cvac_min = 6.55133235e-314
alpha_min = 7.10700497e+01
freeEnergy_min = -2.11373059e-01
density_min = 8.90250720e-01

success = 1
