# Result for solid computation at 
kT = 8.8000e-01
mu = -3.8914e+00

Ngrid_min = 1.33060725e+02
Cvac_min = 6.92730646e-310
alpha_min = 5.77147035e+01
freeEnergy_min = -4.67770147e-02
density_min = 8.69321018e-01

success = 1
