# Result for min over alpha at 
kT = 6.0000e-01
mu = -7.6325e+00
Ngrid = 130

alpha_min = 1.46068609e+02
freeEnergy_min = 4.40194830e-02
density_min = 9.32087028e-01

success = 1
