# Result for min over alpha at 
kT = 6.2000e-01
mu = -7.4116e+00
Ngrid = 129

alpha_min = 1.68123938e+02
freeEnergy_min = 1.80742186e-01
density_min = 9.53931939e-01

success = 1
