# Result for min over alpha at 
kT = 5.2000e-01
mu = -9.4779e+00
Ngrid = 128

alpha_min = 2.41768991e+02
freeEnergy_min = -2.41123175e-02
density_min = 9.76464844e-01

success = 1
