# Result for min over alpha at 
kT = 6.8000e-01
mu = -6.1199e+00
Ngrid = 129

alpha_min = 1.53677721e+02
freeEnergy_min = -7.83993104e-02
density_min = 9.53931939e-01

success = 1
