# Result for min over alpha at 
kT = 9.0000e-01
mu = -3.7187e+00
Ngrid = 131

alpha_min = 8.00389936e+01
freeEnergy_min = -3.73447048e-02
density_min = 9.10995151e-01

success = 1
