# Result for min over alpha at 
kT = 5.0000e-01
mu = -1.0200e+01
Ngrid = 128

alpha_min = 2.51399972e+02
freeEnergy_min = 1.20892001e-01
density_min = 9.76464844e-01

success = 1
