# Result for min over alpha at 
kT = 6.0000e-01
mu = -7.4325e+00
Ngrid = 127

alpha_min = 2.57361751e+02
freeEnergy_min = -1.34792466e-01
density_min = 9.99713042e-01

success = 1
