# Result for min over alpha at 
kT = 5.2000e-01
mu = -9.4779e+00
Ngrid = 127

alpha_min = 2.98544854e+02
freeEnergy_min = -8.82312552e-03
density_min = 9.99713042e-01

success = 1
