# Result for min over alpha at 
kT = 6.2000e-01
mu = -7.4116e+00
Ngrid = 130

alpha_min = 1.41574550e+02
freeEnergy_min = 1.93451128e-01
density_min = 9.32087028e-01

success = 1
