# Result for min over alpha at 
kT = 5.4000e-01
mu = -8.9027e+00
Ngrid = 127

alpha_min = 2.87107780e+02
freeEnergy_min = -4.81380331e-02
density_min = 9.99713042e-01

success = 1
