# Result for min over alpha at 
kT = 6.4000e-01
mu = -7.2216e+00
Ngrid = 130

alpha_min = 1.36683794e+02
freeEnergy_min = 3.48337821e-01
density_min = 9.32087028e-01

success = 1
