# Result for min over alpha at 
kT = 5.0000e-01
mu = -1.0000e+01
Ngrid = 123

alpha_min = 1.07510132e+03
freeEnergy_min = 7.49252126e-01
density_min = 1.10012204e+00

success = 1
