# Result for min over alpha at 
kT = 5.0000e-01
mu = -1.0000e+01
Ngrid = 124

alpha_min = 7.24613882e+02
freeEnergy_min = 3.71369227e-01
density_min = 1.07393508e+00

success = 1
