# Result for min over alpha at 
kT = 9.0000e-01
mu = -3.7187e+00
Ngrid = 133

alpha_min = 5.67561452e+01
freeEnergy_min = -5.88984696e-02
density_min = 8.70512536e-01

success = 1
