# Result for min over alpha at 
kT = 8.2000e-01
mu = -4.6730e+00
Ngrid = 133

alpha_min = 6.38126493e+01
freeEnergy_min = 1.74449076e-01
density_min = 8.70512536e-01

success = 1
