# Result for min over alpha at 
kT = 8.4000e-01
mu = -4.0674e+00
Ngrid = 131

alpha_min = 8.68815056e+01
freeEnergy_min = -1.98571641e-01
density_min = 9.10995151e-01

success = 1
