# Result for min over alpha at 
kT = 6.4000e-01
mu = -6.8216e+00
Ngrid = 128

alpha_min = 1.96556798e+02
freeEnergy_min = -2.24169790e-02
density_min = 9.76464844e-01

success = 1
