# Result for min over alpha at 
kT = 5.2000e-01
mu = -1.0078e+01
Ngrid = 127

alpha_min = 2.98544854e+02
freeEnergy_min = 5.91004700e-01
density_min = 9.99713042e-01

success = 1
