# Result for min over alpha at 
kT = 9.0000e-01
mu = -3.9187e+00
Ngrid = 132

alpha_min = 6.73995901e+01
freeEnergy_min = 1.25715463e-01
density_min = 8.90447171e-01

success = 1
