# Result for min over alpha at 
kT = 5.8000e-01
mu = -8.2846e+00
Ngrid = 130

alpha_min = 1.50705324e+02
freeEnergy_min = 2.70722706e-01
density_min = 9.32087028e-01

success = 1
