# Result for min over alpha at 
kT = 6.8000e-01
mu = -6.3199e+00
Ngrid = 131

alpha_min = 1.08973822e+02
freeEnergy_min = 1.25722270e-01
density_min = 9.10904051e-01

success = 1
