# Result for min over alpha at 
kT = 8.0000e-01
mu = -4.6904e+00
Ngrid = 132

alpha_min = 7.75764527e+01
freeEnergy_min = 8.70683624e-03
density_min = 8.90447171e-01

success = 1
