# Result for min over alpha at 
kT = 5.8000e-01
mu = -7.8846e+00
Ngrid = 129

alpha_min = 1.79667458e+02
freeEnergy_min = -1.35206339e-01
density_min = 9.53931939e-01

success = 1
