# Result for min over alpha at 
kT = 5.6000e-01
mu = -8.9733e+00
Ngrid = 129

alpha_min = 1.86096236e+02
freeEnergy_min = 4.76483880e-01
density_min = 9.53931939e-01

success = 1
