# Result for min over alpha at 
kT = 7.8000e-01
mu = -5.1213e+00
Ngrid = 132

alpha_min = 7.97269511e+01
freeEnergy_min = 2.04757549e-01
density_min = 8.90447171e-01

success = 1
