# Result for min over alpha at 
kT = 8.0000e-01
mu = -4.8904e+00
Ngrid = 133

alpha_min = 6.58382803e+01
freeEnergy_min = 1.93944326e-01
density_min = 8.70512536e-01

success = 1
