# Result for min over alpha at 
kT = 8.4000e-01
mu = -4.0674e+00
Ngrid = 133

alpha_min = 6.18493405e+01
freeEnergy_min = -1.91717933e-01
density_min = 8.70512536e-01

success = 1
