# Result for min over alpha at 
kT = 5.0000e-01
mu = -1.0000e+01
Ngrid = 128

alpha_min = 2.51399972e+02
freeEnergy_min = -7.44009676e-02
density_min = 9.76464844e-01

success = 1
