# Result for min over alpha at 
kT = 8.8000e-01
mu = -3.6914e+00
Ngrid = 132

alpha_min = 6.92679755e+01
freeEnergy_min = -2.21614420e-01
density_min = 8.90447171e-01

success = 1
