# Result for min over alpha at 
kT = 8.2000e-01
mu = -4.4730e+00
Ngrid = 131

alpha_min = 8.92899497e+01
freeEnergy_min = -5.66727773e-03
density_min = 9.10995151e-01

success = 1
