# Result for min over alpha at 
kT = 8.8000e-01
mu = -3.8914e+00
Ngrid = 133

alpha_min = 5.83294835e+01
freeEnergy_min = -4.67663563e-02
density_min = 8.70512536e-01

success = 1
