# Result for min over alpha at 
kT = 6.8000e-01
mu = -6.5199e+00
Ngrid = 130

alpha_min = 1.28905095e+02
freeEnergy_min = 2.96344828e-01
density_min = 9.32087028e-01

success = 1
