# Result for min over alpha at 
kT = 5.2000e-01
mu = -9.8779e+00
Ngrid = 128

alpha_min = 2.41768991e+02
freeEnergy_min = 3.66473620e-01
density_min = 9.76464844e-01

success = 1
