# Result for min over alpha at 
kT = 8.6000e-01
mu = -4.0740e+00
Ngrid = 132

alpha_min = 7.11881546e+01
freeEnergy_min = -3.32832265e-02
density_min = 8.90447171e-01

success = 1
