# Result for min over alpha at 
kT = 7.0000e-01
mu = -6.0028e+00
Ngrid = 130

alpha_min = 1.24939102e+02
freeEnergy_min = 8.80157856e-02
density_min = 9.32087028e-01

success = 1
