# Result for min over alpha at 
kT = 6.0000e-01
mu = -7.6325e+00
Ngrid = 128

alpha_min = 2.10052539e+02
freeEnergy_min = 2.52400968e-02
density_min = 9.76464844e-01

success = 1
