# Result for min over alpha at 
kT = 8.6000e-01
mu = -4.2740e+00
Ngrid = 133

alpha_min = 6.01810601e+01
freeEnergy_min = 1.40974495e-01
density_min = 8.70512536e-01

success = 1
