# Result for min over alpha at 
kT = 6.6000e-01
mu = -6.6586e+00
Ngrid = 129

alpha_min = 1.57937824e+02
freeEnergy_min = 1.31920435e-01
density_min = 9.53931939e-01

success = 1
