# Result for min over alpha at 
kT = 5.8000e-01
mu = -8.0846e+00
Ngrid = 129

alpha_min = 1.79667458e+02
freeEnergy_min = 5.55800491e-02
density_min = 9.53931939e-01

success = 1
