# Result for min over alpha at 
kT = 6.6000e-01
mu = -6.6586e+00
Ngrid = 128

alpha_min = 1.90509381e+02
freeEnergy_min = 1.54830499e-01
density_min = 9.76464844e-01

success = 1
