# Result for min over alpha at 
kT = 5.2000e-01
mu = -1.0278e+01
Ngrid = 129

alpha_min = 2.00433533e+02
freeEnergy_min = 7.63527589e-01
density_min = 9.53931939e-01

success = 1
