# Result for min over alpha at 
kT = 6.4000e-01
mu = -7.0216e+00
Ngrid = 129

alpha_min = 1.62951309e+02
freeEnergy_min = 1.54533780e-01
density_min = 9.53931939e-01

success = 1
