# Result for min over alpha at 
kT = 5.6000e-01
mu = -8.9733e+00
Ngrid = 127

alpha_min = 2.77189513e+02
freeEnergy_min = 5.18091650e-01
density_min = 9.99713042e-01

success = 1
