# Result for min over alpha at 
kT = 5.8000e-01
mu = -7.8846e+00
Ngrid = 128

alpha_min = 2.16720323e+02
freeEnergy_min = -1.41194164e-01
density_min = 9.76464844e-01

success = 1
