# Result for min over alpha at 
kT = 5.6000e-01
mu = -8.7733e+00
Ngrid = 128

alpha_min = 2.24474909e+02
freeEnergy_min = 2.82957102e-01
density_min = 9.76464844e-01

success = 1
