# Result for min over alpha at 
kT = 8.6000e-01
mu = -3.8740e+00
Ngrid = 131

alpha_min = 8.45380252e+01
freeEnergy_min = -2.07066505e-01
density_min = 9.10995151e-01

success = 1
