# Result for min over alpha at 
kT = 5.0000e-01
mu = -9.8000e+00
Ngrid = 127

alpha_min = 3.11652547e+02
freeEnergy_min = -2.67376546e-01
density_min = 9.99713042e-01

success = 1
