# Result for min over alpha at 
kT = 8.4000e-01
mu = -4.2674e+00
Ngrid = 132

alpha_min = 7.31615629e+01
freeEnergy_min = -2.12971173e-02
density_min = 8.90447171e-01

success = 1
