# Result for min over alpha at 
kT = 8.0000e-01
mu = -4.6904e+00
Ngrid = 130

alpha_min = 1.08548973e+02
freeEnergy_min = 1.60104236e-02
density_min = 9.32087028e-01

success = 1
