# Result for min over alpha at 
kT = 6.0000e-01
mu = -7.4325e+00
Ngrid = 128

alpha_min = 2.10052539e+02
freeEnergy_min = -1.70052872e-01
density_min = 9.76464844e-01

success = 1
