# Result for min over alpha at 
kT = 5.2000e-01
mu = -9.4779e+00
Ngrid = 129

alpha_min = 2.00433533e+02
freeEnergy_min = 3.82037700e-04
density_min = 9.53931939e-01

success = 1
