# Result for min over alpha at 
kT = 5.0000e-01
mu = -1.0000e+01
Ngrid = 129

alpha_min = 2.07605353e+02
freeEnergy_min = -4.04740491e-02
density_min = 9.53931939e-01

success = 1
