# Result for min over alpha at 
kT = 5.4000e-01
mu = -9.1027e+00
Ngrid = 129

alpha_min = 1.92755045e+02
freeEnergy_min = 1.39787382e-01
density_min = 9.53931939e-01

success = 1
