# Result for min over alpha at 
kT = 6.8000e-01
mu = -6.1199e+00
Ngrid = 128

alpha_min = 1.84648023e+02
freeEnergy_min = -5.56471161e-02
density_min = 9.76464844e-01

success = 1
