# Result for min over alpha at 
kT = 6.2000e-01
mu = -7.4116e+00
Ngrid = 128

alpha_min = 2.02796180e+02
freeEnergy_min = 1.94262853e-01
density_min = 9.76464844e-01

success = 1
