# Result for min over alpha at 
kT = 8.4000e-01
mu = -4.2674e+00
Ngrid = 131

alpha_min = 8.68815056e+01
freeEnergy_min = -1.63726112e-02
density_min = 9.10995151e-01

success = 1
