# Result for min over alpha at 
kT = 6.6000e-01
mu = -6.4586e+00
Ngrid = 130

alpha_min = 1.32996982e+02
freeEnergy_min = -5.21793782e-02
density_min = 9.32087028e-01

success = 1
