# Result for min over alpha at 
kT = 5.0000e-01
mu = -9.8000e+00
Ngrid = 129

alpha_min = 2.07605353e+02
freeEnergy_min = -2.31260437e-01
density_min = 9.53931939e-01

success = 1
