# Result for min over alpha at 
kT = 8.8000e-01
mu = -3.8914e+00
Ngrid = 131

alpha_min = 8.22577562e+01
freeEnergy_min = -3.17423938e-02
density_min = 9.10995151e-01

success = 1
