# Result for min over alpha at 
kT = 8.8000e-01
mu = -4.0914e+00
Ngrid = 135

alpha_min = 4.08799178e+01
freeEnergy_min = 1.28282072e-01
density_min = 8.32393436e-01

success = 1
