# Result for min over alpha at 
kT = 9.0000e-01
mu = -3.9187e+00
Ngrid = 133

alpha_min = 5.67561452e+01
freeEnergy_min = 1.15204037e-01
density_min = 8.70512536e-01

success = 1
