# Result for min over alpha at 
kT = 7.0000e-01
mu = -6.0028e+00
Ngrid = 131

alpha_min = 1.05621050e+02
freeEnergy_min = 9.90110958e-02
density_min = 9.10904051e-01

success = 1
