# Result for min over alpha at 
kT = 6.6000e-01
mu = -6.8586e+00
Ngrid = 130

alpha_min = 1.32996982e+02
freeEnergy_min = 3.20655433e-01
density_min = 9.32087028e-01

success = 1
