# Result for min over alpha at 
kT = 6.6000e-01
mu = -6.8586e+00
Ngrid = 131

alpha_min = 1.12433022e+02
freeEnergy_min = 3.37281210e-01
density_min = 9.10904051e-01

success = 1
