# Result for min over alpha at 
kT = 6.2000e-01
mu = -7.6116e+00
Ngrid = 128

alpha_min = 2.02796180e+02
freeEnergy_min = 3.89555821e-01
density_min = 9.76464844e-01

success = 1
