# Result for min over alpha at 
kT = 5.4000e-01
mu = -8.9027e+00
Ngrid = 128

alpha_min = 2.33416973e+02
freeEnergy_min = -6.89261560e-02
density_min = 9.76464844e-01

success = 1
