# Result for min over alpha at 
kT = 5.2000e-01
mu = -9.8779e+00
Ngrid = 127

alpha_min = 2.98544854e+02
freeEnergy_min = 3.91062091e-01
density_min = 9.99713042e-01

success = 1
