# Result for min over alpha at 
kT = 6.0000e-01
mu = -8.0325e+00
Ngrid = 129

alpha_min = 1.74139671e+02
freeEnergy_min = 4.02874996e-01
density_min = 9.53931939e-01

success = 1
