# Result for min over alpha at 
kT = 9.0000e-01
mu = -3.7187e+00
Ngrid = 135

alpha_min = 3.94677028e+01
freeEnergy_min = -5.68678047e-02
density_min = 8.32393436e-01

success = 1
