# Result for min over alpha at 
kT = 6.2000e-01
mu = -7.2116e+00
Ngrid = 130

alpha_min = 1.41574550e+02
freeEnergy_min = 7.03372216e-03
density_min = 9.32087028e-01

success = 1
