# Result for min over alpha at 
kT = 8.2000e-01
mu = -4.6730e+00
Ngrid = 131

alpha_min = 8.92899497e+01
freeEnergy_min = 1.76531752e-01
density_min = 9.10995151e-01

success = 1
