# Result for min over alpha at 
kT = 7.2000e-01
mu = -5.5059e+00
Ngrid = 130

alpha_min = 1.21569083e+02
freeEnergy_min = -1.17538117e-01
density_min = 9.32087028e-01

success = 1
