# Result for min over alpha at 
kT = 5.4000e-01
mu = -9.5027e+00
Ngrid = 128

alpha_min = 2.33416973e+02
freeEnergy_min = 5.16952750e-01
density_min = 9.76464844e-01

success = 1
