# Result for min over alpha at 
kT = 5.4000e-01
mu = -8.9027e+00
Ngrid = 129

alpha_min = 1.92755045e+02
freeEnergy_min = -5.09990062e-02
density_min = 9.53931939e-01

success = 1
