a0 = -1.41714341e-01
a1 = 1.55203626e+00
a2 = -6.96922047e+00
a3 = 1.64113275e+01
a4 = -2.14223856e+01
a5 = 1.48653338e+01
a6 = -4.43628800e+00
