a0 = -5.28689164e+01
a1 = 3.33937811e+02
a2 = -8.15930761e+02
a3 = 1.02679722e+03
a4 = -7.21040458e+02
a5 = 2.68130019e+02
a6 = -4.12368905e+01
