# Result for solid computation at 
kT = 5.0000e-01
mu = -8.0000e+00

Ngrid_min = 1.32432585e+02
Cvac_min = 1.08059041e-06
alpha_min = 1.39599372e+02
freeEnergy_min = -2.34833168e-01
density_min = 8.81747516e-01

success = 1
