# Result for solid computation at 
kT = 1.1000e+00
mu = 2.0000e+00

Ngrid_min = 1.31826938e+02
Cvac_min = 1.70183985e-04
alpha_min = 5.51132067e+01
freeEnergy_min = -3.46189425e+00
density_min = 8.93807203e-01

success = 1
