# Result for min over (Cvac,alpha) at 
kT = 8.0000e-01
mu = -3.0000e+00
Ngrid = 130

Cvac_min = 4.61120832e-04
alpha_min = 1.15815372e+02
freeEnergy_min = -5.59773766e-01
density_min = 9.31750398e-01

success = 1
