# Result for min over (Cvac,alpha) at 
kT = 1.0000e+00
mu = 5.0000e-01
Ngrid = 131

Cvac_min = 3.09881984e-04
alpha_min = 7.27602200e+01
freeEnergy_min = -2.53777921e+00
density_min = 9.10712850e-01

success = 1
