# Result for min over (Cvac,alpha) at 
kT = 9.0000e-01
mu = -1.5000e+00
Ngrid = 129

Cvac_min = 7.57645042e-04
alpha_min = 1.17803700e+02
freeEnergy_min = -1.12410409e+00
density_min = 9.53304528e-01

success = 1
