# Result for min over (Cvac,alpha) at 
kT = 8.0000e-01
mu = -3.0000e+00
Ngrid = 131

Cvac_min = 4.27988390e-04
alpha_min = 9.87235371e+01
freeEnergy_min = -6.34364912e-01
density_min = 9.10605256e-01

success = 1
