# Result for min over (Cvac,alpha) at 
kT = 7.0000e-01
mu = -4.5000e+00
Ngrid = 135

Cvac_min = 1.52998609e-04
alpha_min = 6.79383483e+01
freeEnergy_min = -3.16173875e-01
density_min = 8.32266081e-01

success = 1
