# Result for min over (Cvac,alpha) at 
kT = 9.0000e-01
mu = -1.5000e+00
Ngrid = 130

Cvac_min = 6.87629418e-04
alpha_min = 9.90725839e+01
freeEnergy_min = -1.21418856e+00
density_min = 9.31539251e-01

success = 1
