# Result for min over (Cvac,alpha) at 
kT = 1.0000e+00
mu = 5.0000e-01
Ngrid = 130

Cvac_min = 3.49671207e-04
alpha_min = 8.56511532e+01
freeEnergy_min = -2.49893451e+00
density_min = 9.31854289e-01

success = 1
