# Result for min over (Cvac,alpha) at 
kT = 6.0000e-01
mu = -6.0000e+00
Ngrid = 133

Cvac_min = 1.97564552e-05
alpha_min = 1.05450718e+02
freeEnergy_min = -2.18873929e-01
density_min = 8.70495337e-01

success = 1
