# Result for min over (Cvac,alpha) at 
kT = 6.0000e-01
mu = -6.0000e+00
Ngrid = 131

Cvac_min = 2.23714262e-05
alpha_min = 1.40277493e+02
freeEnergy_min = -1.58439544e-01
density_min = 9.10974771e-01

success = 1
