# Result for min over (Cvac,alpha) at 
kT = 1.1000e+00
mu = 2.0000e+00
Ngrid = 132

Cvac_min = 1.66087498e-04
alpha_min = 5.36158009e+01
freeEnergy_min = -3.46169525e+00
density_min = 8.90299279e-01

success = 1
