# Result for min over (Cvac,alpha) at 
kT = 9.0000e-01
mu = -1.5000e+00
Ngrid = 133

Cvac_min = 5.87646044e-04
alpha_min = 6.28329032e+01
freeEnergy_min = -1.34734270e+00
density_min = 8.70000982e-01

success = 1
