# Result for solid computation at 
kT = 8.0000e-01
mu = 3.0000e+00

Ngrid_min = 8.54360571e+01
Cvac_min = 1.08642141e-04
alpha_min = 9.21907658e+02
freeEnergy_min = -3.07465918e+00
freeEnergy_err = 1.35662277e-02
density_min = 1.16094558e+00

success = 1
