# Result for fluid computation at 
kT = 7.0000e-01
mu = 1.0000e+00

freeEnergyVapour = -1.74778631e+00
freeEnergyLiquid = -1.74778631e+00
densityVapour    = 6.56766568e-01
densityLiquid    = 6.56766568e-01
supercritical = 1

success = 1
