# Result for solid computation at 
kT = 1.0000e+00
mu = 5.5000e+00

Ngrid_min = 8.55187244e+01
Cvac_min = 1.60225409e-04
alpha_min = 7.49128331e+02
freeEnergy_min = -4.49465137e+00
freeEnergy_err = 1.84919063e-02
density_min = 1.15753404e+00

success = 1
