# Result for solid computation at 
kT = 6.0000e-01
mu = -1.0000e+00

Ngrid_min = 8.53489376e+01
Cvac_min = 4.87960072e-05
alpha_min = 1.24827782e+03
freeEnergy_min = -9.96034762e-01
freeEnergy_err = 1.11726846e-02
density_min = 1.16457474e+00

success = 1
