# Result for min over (Cvac,alpha) at 
kT = 6.0000e-01
mu = -1.0000e+00
Ngrid = 87

Cvac_min = 3.36476955e-04
alpha_min = 6.29851611e+02
freeEnergy_min = -3.86022065e-01
freeEnergy_err = 5.46447040e-05
density_min = 1.09921101e+00

success = 1
