# Result for min over (Cvac,alpha) at 
kT = 4.0000e-01
mu = -6.0000e+00
Ngrid = 84

Cvac_min = 1.02849059e-05
alpha_min = 4.75752665e+03
freeEnergy_min = 1.15624858e-01
freeEnergy_err = 1.81143909e-02
density_min = 1.22164221e+00

success = 1
