# Result for min over (Cvac,alpha) at 
kT = 6.0000e-01
mu = -1.0000e+00
Ngrid = 84

Cvac_min = 5.99840391e-05
alpha_min = 2.85271938e+03
freeEnergy_min = -3.24727352e-01
freeEnergy_err = 7.88015487e-03
density_min = 1.22157734e+00

success = 1
