# Result for min over (Cvac,alpha) at 
kT = 1.0000e+00
mu = 5.5000e+00
Ngrid = 86

Cvac_min = 2.03429449e-04
alpha_min = 6.06609710e+02
freeEnergy_min = -4.47295876e+00
freeEnergy_err = 2.38269211e-02
density_min = 1.13815444e+00

success = 1
