# Result for min over (Cvac,alpha) at 
kT = 5.5000e-01
mu = -2.0000e+00
Ngrid = 87

Cvac_min = 1.90468517e-04
alpha_min = 6.81113704e+02
freeEnergy_min = -6.56568062e-02
freeEnergy_err = 4.98693516e-05
density_min = 1.09937156e+00

success = 1
