# Result for min over (Cvac,alpha) at 
kT = 8.0000e-01
mu = 3.0000e+00
Ngrid = 83

Cvac_min = 8.68009589e-04
alpha_min = 4.97943987e+03
freeEnergy_min = -8.94966329e-01
freeEnergy_err = 8.73535978e-03
density_min = 1.26525564e+00

success = 1
