# Result for min over (Cvac,alpha) at 
kT = 1.0000e+00
mu = 5.5000e+00
Ngrid = 87

Cvac_min = 4.08806308e-04
alpha_min = 3.98361284e+02
freeEnergy_min = -4.28915894e+00
freeEnergy_err = 1.47154273e-04
density_min = 1.09913148e+00

success = 1
