# Result for min over (Cvac,alpha) at 
kT = 6.0000e-01
mu = -1.0000e+00
Ngrid = 86

Cvac_min = 8.25010690e-05
alpha_min = 9.66805921e+02
freeEnergy_min = -8.39654113e-01
freeEnergy_err = 4.20683740e-03
density_min = 1.13829210e+00

success = 1
