# Result for min over (Cvac,alpha) at 
kT = 5.5000e-01
mu = -2.0000e+00
Ngrid = 84

Cvac_min = 2.69834335e-05
alpha_min = 3.17094491e+03
freeEnergy_min = -1.09441066e-01
freeEnergy_err = 1.06956183e-02
density_min = 1.22161766e+00

success = 1
