# Result for min over (Cvac,alpha) at 
kT = 5.5000e-01
mu = -2.0000e+00
Ngrid = 86

Cvac_min = 3.97925357e-05
alpha_min = 1.04620415e+03
freeEnergy_min = -6.02933116e-01
freeEnergy_err = 3.02463729e-03
density_min = 1.13834072e+00

success = 1
