# Result for solid computation at 
kT = 8.0000e-01
mu = -3.5000e+00

Ngrid_min = 9.61414845e+01
Cvac_min = 9.21914533e-04
alpha_min = 5.02523194e+01
freeEnergy_min = -3.30143915e-01
density_min = 8.14053394e-01

success = 1
