# Result for min over (Cvac,alpha) at 
kT = 8.0000e-01
mu = -3.1000e+00
Ngrid = 96

Cvac_min = 5.02682666e-04
alpha_min = 5.16427643e+01
freeEnergy_min = -6.57127851e-01
density_min = 8.18002249e-01

success = 1
