# Result for min over (Cvac,alpha) at 
kT = 8.0000e-01
mu = -3.3000e+00
Ngrid = 91

Cvac_min = 7.07640742e-04
alpha_min = 1.46665828e+02
freeEnergy_min = -1.41551574e-01
density_min = 9.60187349e-01

success = 1
