# Result for min over (Cvac,alpha) at 
kT = 8.0000e-01
mu = -3.3000e+00
Ngrid = 88

Cvac_min = 1.33811322e-03
alpha_min = 4.14261324e+02
freeEnergy_min = 8.84172321e-01
density_min = 1.06110376e+00

success = 1
