# Result for min over (Cvac,alpha) at 
kT = 8.0000e-01
mu = -3.3000e+00
Ngrid = 92

Cvac_min = 6.25402717e-04
alpha_min = 1.14307410e+02
freeEnergy_min = -3.00700984e-01
density_min = 9.29289034e-01

success = 1
