# Result for min over (Cvac,alpha) at 
kT = 8.0000e-01
mu = -3.1000e+00
Ngrid = 95

Cvac_min = 4.55943994e-04
alpha_min = 6.19740171e+01
freeEnergy_min = -6.57474007e-01
density_min = 8.44145416e-01

success = 1
