# Result for fluid-solid coexistence at 
kT = 9.4000e-01

fluidType = liquid

muCoex = -1.96934405e+00
freeEnergyCoex = -1.34933940e+00
densitySolidCoex = 9.16425111e-01
NgridCoex = 1.30728703e+02
CvacCoex = 2.83127748e-04
alphaCoex = 8.00940453e+01
densityFluidCoex = 7.53795855e-01

success = 1
