# Result for fluid-solid coexistence at 
kT = 1.1000e+00

fluidType = liquid

muCoex = 3.92059265e-01
freeEnergyCoex = -2.59949496e+00
densitySolidCoex = 9.31506151e-01
NgridCoex = 1.30020935e+02
CvacCoex = 2.41325153e-04
alphaCoex = 7.50897086e+01
densityFluidCoex = 8.01283534e-01

success = 1
