# Result for fluid-solid coexistence at 
kT = 1.3000e+00

fluidType = liquid

muCoex = 2.71418771e+00
freeEnergyCoex = -3.94603174e+00
densitySolidCoex = 9.54288412e-01
NgridCoex = 1.28980901e+02
CvacCoex = 1.70645683e-04
alphaCoex = 7.38654511e+01
densityFluidCoex = 8.45354341e-01

success = 1
