# Result for fluid-solid coexistence at 
kT = 9.6000e-01

fluidType = liquid

muCoex = -1.64288764e+00
freeEnergyCoex = -1.51542757e+00
densitySolidCoex = 9.18067335e-01
NgridCoex = 1.30650799e+02
CvacCoex = 2.80216663e-04
alphaCoex = 7.91868363e+01
densityFluidCoex = 7.60704616e-01

success = 1
