# Result for fluid-solid coexistence at 
kT = 9.8000e-01

fluidType = liquid

muCoex = -1.32623626e+00
freeEnergyCoex = -1.67855700e+00
densitySolidCoex = 9.19799878e-01
NgridCoex = 1.30568792e+02
CvacCoex = 2.77420213e-04
alphaCoex = 7.83740349e+01
densityFluidCoex = 7.67268704e-01

success = 1
