# Result for fluid-solid coexistence at 
kT = 8.2000e-01

fluidType = liquid

muCoex = -4.16386146e+00
freeEnergyCoex = -2.87499135e-01
densitySolidCoex = 9.09025336e-01
NgridCoex = 1.31083107e+02
CvacCoex = 2.62003080e-04
alphaCoex = 8.82171772e+01
densityFluidCoex = 7.00950137e-01

success = 1
