# Result for fluid-solid coexistence at 
kT = 1.0400e+00

fluidType = liquid

muCoex = -4.31520822e-01
freeEnergyCoex = -2.15021569e+00
densitySolidCoex = 9.25445499e-01
NgridCoex = 1.30303238e+02
CvacCoex = 2.61698626e-04
alphaCoex = 7.64291201e+01
densityFluidCoex = 7.85229326e-01

success = 1
