# Result for fluid-solid coexistence at 
kT = 7.8000e-01

fluidType = liquid

muCoex = -4.99848712e+00
freeEnergyCoex = 9.02917977e-02
densitySolidCoex = 9.08310093e-01
NgridCoex = 1.31118567e+02
CvacCoex = 2.37967375e-04
alphaCoex = 9.26886667e+01
densityFluidCoex = 6.74877555e-01

success = 1
