# Result for fluid-solid coexistence at 
kT = 9.2000e-01

fluidType = liquid

muCoex = -2.30475090e+00
freeEnergyCoex = -1.18122999e+00
densitySolidCoex = 9.14807645e-01
NgridCoex = 1.30805719e+02
CvacCoex = 2.83667073e-04
alphaCoex = 8.11045630e+01
densityFluidCoex = 7.46562665e-01

success = 1
