# Result for fluid-solid coexistence at 
kT = 8.6000e-01

fluidType = liquid

muCoex = -3.38315994e+00
freeEnergyCoex = -6.54425983e-01
densitySolidCoex = 9.10724716e-01
NgridCoex = 1.31000969e+02
CvacCoex = 2.77938537e-04
alphaCoex = 8.47731382e+01
densityFluidCoex = 7.21494041e-01

success = 1
