# Result for fluid-solid coexistence at 
kT = 1.0200e+00

fluidType = liquid

muCoex = -7.20510267e-01
freeEnergyCoex = -1.99624069e+00
densitySolidCoex = 9.23520709e-01
NgridCoex = 1.30393524e+02
CvacCoex = 2.67699435e-04
alphaCoex = 7.70307834e+01
densityFluidCoex = 7.79519903e-01

success = 1
