# Result for fluid-solid coexistence at 
kT = 8.8000e-01

fluidType = liquid

muCoex = -3.01191760e+00
freeEnergyCoex = -8.33190545e-01
densitySolidCoex = 9.11891875e-01
NgridCoex = 1.30944950e+02
CvacCoex = 2.81775961e-04
alphaCoex = 8.33664136e+01
densityFluidCoex = 7.30465983e-01

success = 1
