# Result for fluid-solid coexistence at 
kT = 7.4000e-01

fluidType = liquid

muCoex = -5.88890305e+00
freeEnergyCoex = 4.74443766e-01
densitySolidCoex = 9.08821344e-01
NgridCoex = 1.31095584e+02
CvacCoex = 2.02045951e-04
alphaCoex = 9.85218721e+01
densityFluidCoex = 6.36487095e-01

success = 1
