# Result for fluid-solid coexistence at 
kT = 7.6000e-01

fluidType = liquid

muCoex = -5.43686592e+00
freeEnergyCoex = 2.82149184e-01
densitySolidCoex = 9.08386231e-01
NgridCoex = 1.31115683e+02
CvacCoex = 2.20595006e-04
alphaCoex = 9.54058731e+01
densityFluidCoex = 6.58143678e-01

success = 1
