# Result for fluid-solid coexistence at 
kT = 1.1800e+00

fluidType = liquid

muCoex = 1.39268149e+00
freeEnergyCoex = -3.16513230e+00
densitySolidCoex = 9.41171367e-01
NgridCoex = 1.29575747e+02
CvacCoex = 2.10880886e-04
alphaCoex = 7.47270402e+01
densityFluidCoex = 8.20406448e-01

success = 1
