# Result for fluid-solid coexistence at 
kT = 8.4000e-01

fluidType = liquid

muCoex = -3.76694625e+00
freeEnergyCoex = -4.72506058e-01
densitySolidCoex = 9.09766019e-01
NgridCoex = 1.31047237e+02
CvacCoex = 2.70251535e-04
alphaCoex = 8.63799559e+01
densityFluidCoex = 7.11724127e-01

success = 1
