# Result for solid computation at 
kT = 1.3800e+00
mu = 3.4822e+00

Ngrid_min = 1.28563700e+02
Cvac_min = 1.50858210e-04
alpha_min = 7.41838879e+01
freeEnergy_min = -4.41348889e+00
density_min = 9.63629396e-01

success = 1
