# Result for solid computation at 
kT = 1.1200e+00
mu = 5.0567e-01

Ngrid_min = 1.30170154e+02
Cvac_min = 2.90714427e-04
alpha_min = 7.12881094e+01
freeEnergy_min = -2.60804194e+00
density_min = 9.28258857e-01

success = 1
