# Result for solid computation at 
kT = 1.4600e+00
mu = 4.1898e+00

Ngrid_min = 1.28195775e+02
Cvac_min = 1.31814680e-04
alpha_min = 7.39980332e+01
freeEnergy_min = -4.85943749e+00
density_min = 9.71966240e-01

success = 1
