# Result for solid computation at 
kT = 8.8000e-01
mu = -2.6526e+00

Ngrid_min = 1.30334970e+02
Cvac_min = 1.60466152e-04
alpha_min = 9.26312090e+01
freeEnergy_min = -1.16376138e+00
density_min = 9.24861722e-01

success = 1
