# Result for solid computation at 
kT = 1.4400e+00
mu = 4.0183e+00

Ngrid_min = 1.28287000e+02
Cvac_min = 1.36767480e-04
alpha_min = 7.39938174e+01
freeEnergy_min = -4.75019374e+00
density_min = 9.69889049e-01

success = 1
