# Result for solid computation at 
kT = 1.2400e+00
mu = 1.8928e+00

Ngrid_min = 1.29571817e+02
Cvac_min = 2.48040503e-04
alpha_min = 6.99742287e+01
freeEnergy_min = -3.39013949e+00
density_min = 9.41220184e-01

success = 1
