# Result for solid computation at 
kT = 1.3800e+00
mu = 3.6822e+00

Ngrid_min = 1.28288621e+02
Cvac_min = 1.14569917e-04
alpha_min = 7.84642979e+01
freeEnergy_min = -4.60739590e+00
density_min = 9.69873830e-01

success = 1
