# Result for solid computation at 
kT = 1.5000e+00
mu = 4.5000e+00

Ngrid_min = 1.28039834e+02
Cvac_min = 1.27151238e-04
alpha_min = 7.36536647e+01
freeEnergy_min = -5.05166063e+00
density_min = 9.75527096e-01

success = 1
