# Result for solid computation at 
kT = 9.2000e-01
mu = -2.1693e+00

Ngrid_min = 1.30550787e+02
Cvac_min = 2.27510014e-04
alpha_min = 8.48234189e+01
freeEnergy_min = -1.30542160e+00
density_min = 9.20223497e-01

success = 1
