# Result for solid computation at 
kT = 1.2000e+00
mu = 1.4516e+00

Ngrid_min = 1.29790197e+02
Cvac_min = 2.62980756e-04
alpha_min = 7.00509331e+01
freeEnergy_min = -3.13591641e+00
density_min = 9.36462592e-01

success = 1
