# Result for solid computation at 
kT = 7.6000e-01
mu = -5.5985e+00

Ngrid_min = 1.31377919e+02
Cvac_min = 2.86953749e-04
alpha_min = 9.12975197e+01
freeEnergy_min = 4.28559028e-01
density_min = 9.02895685e-01

success = 1
