# Result for solid computation at 
kT = 7.6000e-01
mu = -5.1985e+00

Ngrid_min = 1.30720233e+02
Cvac_min = 1.50169589e-04
alpha_min = 1.01996915e+02
freeEnergy_min = 6.46599067e-02
density_min = 9.16720145e-01

success = 1
