# Result for solid computation at 
kT = 1.4000e+00
mu = 3.6644e+00

Ngrid_min = 1.28463455e+02
Cvac_min = 1.45936348e-04
alpha_min = 7.41455104e+01
freeEnergy_min = -4.52733725e+00
density_min = 9.65888564e-01

success = 1
