# Result for solid computation at 
kT = 1.0800e+00
mu = -7.9407e-03

Ngrid_min = 1.30339583e+02
Cvac_min = 3.02156604e-04
alpha_min = 7.23602944e+01
freeEnergy_min = -2.32896821e+00
density_min = 9.24632482e-01

success = 1
