# Result for solid computation at 
kT = 1.0800e+00
mu = 1.9206e-01

Ngrid_min = 1.30007844e+02
Cvac_min = 2.23455259e-04
alpha_min = 7.70412903e+01
freeEnergy_min = -2.51460855e+00
density_min = 9.31803240e-01

success = 1
