# Result for solid computation at 
kT = 1.2200e+00
mu = 1.6749e+00

Ngrid_min = 1.29683009e+02
Cvac_min = 2.56013119e-04
alpha_min = 6.99765368e+01
freeEnergy_min = -3.26397938e+00
density_min = 9.38793476e-01

success = 1
