# Result for solid computation at 
kT = 7.6000e-01
mu = -4.9985e+00

Ngrid_min = 1.30414219e+02
Cvac_min = 1.10450282e-04
alpha_min = 1.07296707e+02
freeEnergy_min = -1.19967094e-01
density_min = 9.23222705e-01

success = 1
