# Result for solid computation at 
kT = 7.0000e-01
mu = -6.4978e+00

Ngrid_min = 1.30472237e+02
Cvac_min = 9.09639246e-05
alpha_min = 1.15813333e+02
freeEnergy_min = 5.47394396e-01
density_min = 9.22009511e-01

success = 1
