# Result for solid computation at 
kT = 1.3600e+00
mu = 3.1013e+00

Ngrid_min = 1.28994297e+02
Cvac_min = 2.04571503e-04
alpha_min = 6.91868531e+01
freeEnergy_min = -4.11205741e+00
density_min = 9.53958724e-01

success = 1
