# Result for solid computation at 
kT = 1.4600e+00
mu = 4.3898e+00

Ngrid_min = 1.27915733e+02
Cvac_min = 1.00778075e-04
alpha_min = 7.86112012e+01
freeEnergy_min = -5.05447098e+00
density_min = 9.78395539e-01

success = 1
