# Result for solid computation at 
kT = 9.8000e-01
mu = -1.0189e+00

Ngrid_min = 1.30073104e+02
Cvac_min = 1.74284486e-04
alpha_min = 8.57057641e+01
freeEnergy_min = -1.96307815e+00
density_min = 9.30446917e-01

success = 1
