# Result for solid computation at 
kT = 7.8000e-01
mu = -4.5742e+00

Ngrid_min = 1.30423956e+02
Cvac_min = 1.21622210e-04
alpha_min = 1.04183190e+02
freeEnergy_min = -2.98818980e-01
density_min = 9.23005619e-01

success = 1
