# Result for solid computation at 
kT = 1.3000e+00
mu = 2.5178e+00

Ngrid_min = 1.29285877e+02
Cvac_min = 2.26270142e-04
alpha_min = 6.93848094e+01
freeEnergy_min = -3.75926070e+00
density_min = 9.47497105e-01

success = 1
