# Result for solid computation at 
kT = 1.1000e+00
mu = 2.5245e-01

Ngrid_min = 1.30256734e+02
Cvac_min = 2.96356476e-04
alpha_min = 7.17839794e+01
freeEnergy_min = -2.46978204e+00
density_min = 9.26403546e-01

success = 1
