# Result for solid computation at 
kT = 1.2000e+00
mu = 1.6516e+00

Ngrid_min = 1.29435804e+02
Cvac_min = 1.96700100e-04
alpha_min = 7.50178911e+01
freeEnergy_min = -3.32451029e+00
density_min = 9.44235951e-01

success = 1
