# Result for solid computation at 
kT = 9.4000e-01
mu = -1.6429e+00

Ngrid_min = 1.30196770e+02
Cvac_min = 1.71813574e-04
alpha_min = 8.80148133e+01
freeEnergy_min = -1.65066341e+00
density_min = 9.27799923e-01

success = 1
