# Result for solid computation at 
kT = 1.2800e+00
mu = 2.5142e+00

Ngrid_min = 1.29073532e+02
Cvac_min = 1.75334697e-04
alpha_min = 7.40157522e+01
freeEnergy_min = -3.82787888e+00
density_min = 9.52230466e-01

success = 1
