# Result for solid computation at 
kT = 1.5000e+00
mu = 4.3000e+00

Ngrid_min = 1.28325010e+02
Cvac_min = 1.67977033e-04
alpha_min = 6.91885608e+01
freeEnergy_min = -4.85721094e+00
density_min = 9.68997109e-01

success = 1
