# Result for solid computation at 
kT = 1.2000e+00
mu = 1.8516e+00

Ngrid_min = 1.29149715e+02
Cvac_min = 1.48295638e-04
alpha_min = 7.93775467e+01
freeEnergy_min = -3.51398846e+00
density_min = 9.50571727e-01

success = 1
