# Result for solid computation at 
kT = 1.3600e+00
mu = 3.5013e+00

Ngrid_min = 1.28369643e+02
Cvac_min = 1.17498307e-04
alpha_min = 7.86891626e+01
freeEnergy_min = -4.49710742e+00
density_min = 9.68035451e-01

success = 1
