# Result for solid computation at 
kT = 1.1600e+00
mu = 1.3927e+00

Ngrid_min = 1.29317612e+02
Cvac_min = 1.55325618e-04
alpha_min = 8.02139974e+01
freeEnergy_min = -3.25446062e+00
density_min = 9.46866797e-01

success = 1
