# Result for solid computation at 
kT = 1.4200e+00
mu = 3.8430e+00

Ngrid_min = 1.28376503e+02
Cvac_min = 1.41437247e-04
alpha_min = 7.40393426e+01
freeEnergy_min = -4.63930498e+00
density_min = 9.67857084e-01

success = 1
