# Result for solid computation at 
kT = 9.2000e-01
mu = -1.9693e+00

Ngrid_min = 1.30249706e+02
Cvac_min = 1.69451232e-04
alpha_min = 8.93877203e+01
freeEnergy_min = -1.49063458e+00
density_min = 9.26671155e-01

success = 1
