# Result for solid computation at 
kT = 1.3200e+00
mu = 2.7167e+00

Ngrid_min = 1.29191238e+02
Cvac_min = 2.18668541e-04
alpha_min = 6.92574311e+01
freeEnergy_min = -3.87860001e+00
density_min = 9.49588456e-01

success = 1
