# Result for solid computation at 
kT = 1.1400e+00
mu = 9.5234e-01

Ngrid_min = 1.29726223e+02
Cvac_min = 2.10890110e-04
alpha_min = 7.58916986e+01
freeEnergy_min = -2.93090968e+00
density_min = 9.37897808e-01

success = 1
