# Result for solid computation at 
kT = 9.0000e-01
mu = -2.5048e+00

Ngrid_min = 1.30604336e+02
Cvac_min = 2.23180789e-04
alpha_min = 8.62038244e+01
freeEnergy_min = -1.14423344e+00
density_min = 9.19095958e-01

success = 1
