# Result for solid computation at 
kT = 1.1000e+00
mu = 6.5245e-01

Ngrid_min = 1.29572319e+02
Cvac_min = 1.63723824e-04
alpha_min = 8.17751919e+01
freeEnergy_min = -2.84329236e+00
density_min = 9.41288654e-01

success = 1
