# Result for solid computation at 
kT = 1.2400e+00
mu = 2.0928e+00

Ngrid_min = 1.29261078e+02
Cvac_min = 1.86042736e-04
alpha_min = 7.43685590e+01
freeEnergy_min = -3.57957720e+00
density_min = 9.48080765e-01

success = 1
