# Result for solid computation at 
kT = 1.2600e+00
mu = 2.5059e+00

Ngrid_min = 1.28864888e+02
Cvac_min = 1.36726505e-04
alpha_min = 7.88553533e+01
freeEnergy_min = -3.89528634e+00
density_min = 9.56901059e-01

success = 1
