# Result for solid computation at 
kT = 8.4000e-01
mu = -3.7832e+00

Ngrid_min = 1.31076806e+02
Cvac_min = 2.76889132e-04
alpha_min = 8.59307948e+01
freeEnergy_min = -4.57745721e-01
density_min = 9.09142569e-01

success = 1
