# Result for solid computation at 
kT = 1.1000e+00
mu = 4.5245e-01

Ngrid_min = 1.29918040e+02
Cvac_min = 2.20075780e-04
alpha_min = 7.65726528e+01
freeEnergy_min = -2.65579311e+00
density_min = 9.33740386e-01

success = 1
