# Result for solid computation at 
kT = 8.8000e-01
mu = -3.0526e+00

Ngrid_min = 1.31023032e+02
Cvac_min = 2.99795022e-04
alpha_min = 8.22154212e+01
freeEnergy_min = -7.96067596e-01
density_min = 9.10241751e-01

success = 1
