# Result for solid computation at 
kT = 1.4800e+00
mu = 4.3579e+00

Ngrid_min = 1.28102521e+02
Cvac_min = 1.27853378e-04
alpha_min = 7.40619086e+01
freeEnergy_min = -4.96727880e+00
density_min = 9.74094710e-01

success = 1
