# Result for solid computation at 
kT = 1.1200e+00
mu = 7.0567e-01

Ngrid_min = 1.29824323e+02
Cvac_min = 2.14876705e-04
alpha_min = 7.61874012e+01
freeEnergy_min = -2.79444125e+00
density_min = 9.35769207e-01

success = 1
