# Result for solid computation at 
kT = 1.3400e+00
mu = 3.3112e+00

Ngrid_min = 1.28455136e+02
Cvac_min = 1.21362425e-04
alpha_min = 7.88657237e+01
freeEnergy_min = -4.38036967e+00
density_min = 9.66099999e-01

success = 1
