# Result for solid computation at 
kT = 1.4000e+00
mu = 3.8644e+00

Ngrid_min = 1.28198907e+02
Cvac_min = 1.11146491e-04
alpha_min = 7.84098297e+01
freeEnergy_min = -4.72111527e+00
density_min = 9.71915072e-01

success = 1
