# Result for min over (Cvac,alpha) at 
kT = 8.8000e-01
mu = -3.0526e+00
Ngrid = 129

Cvac_min = 2.33469309e-04
alpha_min = 1.17526861e+02
freeEnergy_min = -7.68589226e-01
density_min = 9.53804606e-01

success = 1
