# Result for min over (Cvac,alpha) at 
kT = 9.8000e-01
mu = -1.2189e+00
Ngrid = 129

Cvac_min = 2.11206146e-04
alpha_min = 1.04256579e+02
freeEnergy_min = -1.76428190e+00
density_min = 9.53825845e-01

success = 1
