# Result for min over (Cvac,alpha) at 
kT = 8.0000e-01
mu = -4.3639e+00
Ngrid = 130

Cvac_min = 1.59796435e-04
alpha_min = 1.09110209e+02
freeEnergy_min = -2.88339745e-01
density_min = 9.32031287e-01

success = 1
