# Result for min over (Cvac,alpha) at 
kT = 1.1000e+00
mu = 2.5245e-01
Ngrid = 131

Cvac_min = 3.17963889e-04
alpha_min = 6.24213717e+01
freeEnergy_min = -2.46626217e+00
density_min = 9.10705487e-01

success = 1
