# Result for min over (Cvac,alpha) at 
kT = 1.0800e+00
mu = -7.9407e-03
Ngrid = 131

Cvac_min = 3.22673067e-04
alpha_min = 6.39943306e+01
freeEnergy_min = -2.32613863e+00
density_min = 9.10701197e-01

success = 1
