# Result for min over (Cvac,alpha) at 
kT = 7.8000e-01
mu = -4.5742e+00
Ngrid = 132

Cvac_min = 1.59754666e-04
alpha_min = 8.01229160e+01
freeEnergy_min = -2.82530638e-01
density_min = 8.90304918e-01

success = 1
