# Result for min over (Cvac,alpha) at 
kT = 1.0200e+00
mu = -8.3152e-01
Ngrid = 131

Cvac_min = 3.30988653e-04
alpha_min = 6.89594358e+01
freeEnergy_min = -1.89269686e+00
density_min = 9.10693622e-01

success = 1
