# Result for min over (Cvac,alpha) at 
kT = 1.4600e+00
mu = 4.1898e+00
Ngrid = 127

Cvac_min = 1.43782698e-04
alpha_min = 9.55149852e+01
freeEnergy_min = -4.84772367e+00
density_min = 9.99669267e-01

success = 1
