# Result for min over (Cvac,alpha) at 
kT = 1.2200e+00
mu = 1.6749e+00
Ngrid = 129

Cvac_min = 2.50594706e-04
alpha_min = 8.00063817e+01
freeEnergy_min = -3.26131284e+00
density_min = 9.53788267e-01

success = 1
