# Result for min over (Cvac,alpha) at 
kT = 1.1200e+00
mu = 9.0567e-01
Ngrid = 128

Cvac_min = 1.60948310e-04
alpha_min = 1.08092504e+02
freeEnergy_min = -2.96494266e+00
density_min = 9.76405324e-01

success = 1
