# Result for min over (Cvac,alpha) at 
kT = 1.2000e+00
mu = 1.6516e+00
Ngrid = 128

Cvac_min = 1.96717408e-04
alpha_min = 9.95289091e+01
freeEnergy_min = -3.30859625e+00
density_min = 9.76370393e-01

success = 1
