# Result for min over (Cvac,alpha) at 
kT = 1.0400e+00
mu = -3.4944e-01
Ngrid = 130

Cvac_min = 2.27900476e-04
alpha_min = 8.08542990e+01
freeEnergy_min = -2.22606090e+00
density_min = 9.31967801e-01

success = 1
