# Result for min over (Cvac,alpha) at 
kT = 1.2600e+00
mu = 2.3059e+00
Ngrid = 130

Cvac_min = 1.82785262e-04
alpha_min = 6.28165201e+01
freeEnergy_min = -3.69952416e+00
density_min = 9.32009857e-01

success = 1
