# Result for min over (Cvac,alpha) at 
kT = 8.8000e-01
mu = -2.8526e+00
Ngrid = 130

Cvac_min = 2.01509460e-04
alpha_min = 9.82722430e+01
freeEnergy_min = -9.76500104e-01
density_min = 9.31992403e-01

success = 1
