# Result for min over (Cvac,alpha) at 
kT = 9.4000e-01
mu = -1.6429e+00
Ngrid = 131

Cvac_min = 1.85929392e-04
alpha_min = 7.63702558e+01
freeEnergy_min = -1.64599689e+00
density_min = 9.10825770e-01

success = 1
