# Result for min over (Cvac,alpha) at 
kT = 1.5000e+00
mu = 4.5000e+00
Ngrid = 126

Cvac_min = 1.52228986e-04
alpha_min = 1.14536359e+02
freeEnergy_min = -5.01378893e+00
density_min = 1.02365167e+00

success = 1
