# Result for min over (Cvac,alpha) at 
kT = 1.5000e+00
mu = 4.5000e+00
Ngrid = 124

Cvac_min = 1.93649231e-04
alpha_min = 1.81139184e+02
freeEnergy_min = -4.86793784e+00
density_min = 1.07394190e+00

success = 1
