# Result for min over (Cvac,alpha) at 
kT = 1.5000e+00
mu = 4.3000e+00
Ngrid = 127

Cvac_min = 1.80403701e-04
alpha_min = 9.21441556e+01
freeEnergy_min = -4.84314169e+00
density_min = 9.99632653e-01

success = 1
