# Result for min over (Cvac,alpha) at 
kT = 9.2000e-01
mu = -2.3693e+00
Ngrid = 131

Cvac_min = 3.16380282e-04
alpha_min = 7.83335736e+01
freeEnergy_min = -1.12217728e+00
density_min = 9.10706930e-01

success = 1
