# Result for min over (Cvac,alpha) at 
kT = 1.3800e+00
mu = 3.2822e+00
Ngrid = 129

Cvac_min = 1.99245463e-04
alpha_min = 6.76814512e+01
freeEnergy_min = -4.22145788e+00
density_min = 9.53837256e-01

success = 1
