# Result for min over (Cvac,alpha) at 
kT = 7.8000e-01
mu = -4.7742e+00
Ngrid = 131

Cvac_min = 1.72612392e-04
alpha_min = 9.45811782e+01
freeEnergy_min = -1.13854936e-01
density_min = 9.10837902e-01

success = 1
