# Result for min over (Cvac,alpha) at 
kT = 7.4000e-01
mu = -5.4369e+00
Ngrid = 131

Cvac_min = 1.09602056e-04
alpha_min = 1.00127719e+02
freeEnergy_min = 6.28116952e-02
density_min = 9.10895304e-01

success = 1
