# Result for min over (Cvac,alpha) at 
kT = 1.3200e+00
mu = 2.7167e+00
Ngrid = 128

Cvac_min = 2.20862493e-04
alpha_min = 8.83197407e+01
freeEnergy_min = -3.86862704e+00
density_min = 9.76346814e-01

success = 1
