# Result for min over (Cvac,alpha) at 
kT = 1.4000e+00
mu = 3.4644e+00
Ngrid = 129

Cvac_min = 1.92895473e-04
alpha_min = 6.62911746e+01
freeEnergy_min = -4.33408903e+00
density_min = 9.53843314e-01

success = 1
