# Result for min over (Cvac,alpha) at 
kT = 8.0000e-01
mu = -4.5639e+00
Ngrid = 132

Cvac_min = 2.95980042e-04
alpha_min = 7.78095486e+01
freeEnergy_min = -1.04126236e-01
density_min = 8.90183617e-01

success = 1
