# Result for min over (Cvac,alpha) at 
kT = 1.4000e+00
mu = 3.8644e+00
Ngrid = 129

Cvac_min = 1.05831433e-04
alpha_min = 6.63205712e+01
freeEnergy_min = -4.71564460e+00
density_min = 9.53926376e-01

success = 1
