# Result for min over (Cvac,alpha) at 
kT = 1.2400e+00
mu = 1.8928e+00
Ngrid = 129

Cvac_min = 2.44929592e-04
alpha_min = 7.83286584e+01
freeEnergy_min = -3.38830434e+00
density_min = 9.53793672e-01

success = 1
