# Result for min over (Cvac,alpha) at 
kT = 1.0400e+00
mu = -5.4944e-01
Ngrid = 130

Cvac_min = 2.97184849e-04
alpha_min = 8.08303420e+01
freeEnergy_min = -2.03967351e+00
density_min = 9.31903216e-01

success = 1
