# Result for min over (Cvac,alpha) at 
kT = 9.8000e-01
mu = -1.0189e+00
Ngrid = 131

Cvac_min = 1.88150059e-04
alpha_min = 7.25708372e+01
freeEnergy_min = -1.95708994e+00
density_min = 9.10823747e-01

success = 1
