# Result for min over (Cvac,alpha) at 
kT = 7.6000e-01
mu = -4.9985e+00
Ngrid = 131

Cvac_min = 1.21988526e-04
alpha_min = 9.73000225e+01
freeEnergy_min = -1.17021908e-01
density_min = 9.10884020e-01

success = 1
