# Result for min over (Cvac,alpha) at 
kT = 1.4400e+00
mu = 4.2183e+00
Ngrid = 128

Cvac_min = 1.04508367e-04
alpha_min = 7.86897048e+01
freeEnergy_min = -4.94479698e+00
density_min = 9.76460441e-01

success = 1
