# Result for min over (Cvac,alpha) at 
kT = 1.4200e+00
mu = 3.6430e+00
Ngrid = 130

Cvac_min = 1.90461452e-04
alpha_min = 5.23597014e+01
freeEnergy_min = -4.43474533e+00
density_min = 9.32002701e-01

success = 1
