# Result for min over (Cvac,alpha) at 
kT = 1.1600e+00
mu = 1.3927e+00
Ngrid = 130

Cvac_min = 1.56707585e-04
alpha_min = 7.03849565e+01
freeEnergy_min = -3.25077139e+00
density_min = 9.32034166e-01

success = 1
