# Result for min over (Cvac,alpha) at 
kT = 1.1400e+00
mu = 9.5234e-01
Ngrid = 131

Cvac_min = 2.26727491e-04
alpha_min = 5.94368686e+01
freeEnergy_min = -2.92104505e+00
density_min = 9.10788603e-01

success = 1
