# Result for min over (Cvac,alpha) at 
kT = 1.4400e+00
mu = 4.2183e+00
Ngrid = 127

Cvac_min = 1.14099529e-04
alpha_min = 9.72635755e+01
freeEnergy_min = -4.93634203e+00
density_min = 9.99698945e-01

success = 1
