# Result for min over (Cvac,alpha) at 
kT = 7.8000e-01
mu = -4.5742e+00
Ngrid = 130

Cvac_min = 1.14426691e-04
alpha_min = 1.12114975e+02
freeEnergy_min = -2.97306248e-01
density_min = 9.32073579e-01

success = 1
