# Result for min over (Cvac,alpha) at 
kT = 8.0000e-01
mu = -4.1639e+00
Ngrid = 130

Cvac_min = 1.24546349e-04
alpha_min = 1.09118119e+02
freeEnergy_min = -4.74749432e-01
density_min = 9.32064146e-01

success = 1
