# Result for min over (Cvac,alpha) at 
kT = 9.2000e-01
mu = -2.1693e+00
Ngrid = 131

Cvac_min = 2.40591925e-04
alpha_min = 7.83527340e+01
freeEnergy_min = -1.30432587e+00
density_min = 9.10775973e-01

success = 1
