# Result for min over (Cvac,alpha) at 
kT = 8.8000e-01
mu = -2.8526e+00
Ngrid = 132

Cvac_min = 2.67866138e-04
alpha_min = 6.95169078e+01
freeEnergy_min = -9.68665804e-01
density_min = 8.90208651e-01

success = 1
