# Result for min over (Cvac,alpha) at 
kT = 1.4600e+00
mu = 4.3898e+00
Ngrid = 129

Cvac_min = 9.26603055e-05
alpha_min = 6.23122763e+01
freeEnergy_min = -5.04492367e+00
density_min = 9.53938941e-01

success = 1
