# Result for min over (Cvac,alpha) at 
kT = 7.2000e-01
mu = -5.8889e+00
Ngrid = 130

Cvac_min = 8.11572772e-05
alpha_min = 1.21943017e+02
freeEnergy_min = 2.39480238e-01
density_min = 9.32104593e-01

success = 1
