# Result for min over (Cvac,alpha) at 
kT = 8.6000e-01
mu = -3.4119e+00
Ngrid = 131

Cvac_min = 2.87643045e-04
alpha_min = 8.47691989e+01
freeEnergy_min = -6.28212725e-01
density_min = 9.10733110e-01

success = 1
