# Result for min over (Cvac,alpha) at 
kT = 1.5000e+00
mu = 4.5000e+00
Ngrid = 123

Cvac_min = 2.25275057e-04
alpha_min = 2.32878269e+02
freeEnergy_min = -4.73483172e+00
density_min = 1.10031434e+00

success = 1
