# Result for min over (Cvac,alpha) at 
kT = 1.4000e+00
mu = 3.4644e+00
Ngrid = 130

Cvac_min = 1.97183688e-04
alpha_min = 5.35730050e+01
freeEnergy_min = -4.32483205e+00
density_min = 9.31996435e-01

success = 1
