# Result for min over (Cvac,alpha) at 
kT = 9.2000e-01
mu = -2.1693e+00
Ngrid = 132

Cvac_min = 2.79647558e-04
alpha_min = 6.57848227e+01
freeEnergy_min = -1.29401748e+00
density_min = 8.90198160e-01

success = 1
