# Result for min over (Cvac,alpha) at 
kT = 1.0000e+00
mu = -9.2051e-01
Ngrid = 131

Cvac_min = 2.50479848e-04
alpha_min = 7.07413123e+01
freeEnergy_min = -1.92658249e+00
density_min = 9.10766965e-01

success = 1
