# Result for min over (Cvac,alpha) at 
kT = 1.1200e+00
mu = 9.0567e-01
Ngrid = 130

Cvac_min = 1.63888001e-04
alpha_min = 7.36887757e+01
freeEnergy_min = -2.98065094e+00
density_min = 9.32027473e-01

success = 1
