# Result for min over (Cvac,alpha) at 
kT = 1.3800e+00
mu = 3.6822e+00
Ngrid = 129

Cvac_min = 1.10159009e-04
alpha_min = 6.77124139e+01
freeEnergy_min = -4.60301131e+00
density_min = 9.53922247e-01

success = 1
