# Result for min over (Cvac,alpha) at 
kT = 9.8000e-01
mu = -1.0189e+00
Ngrid = 129

Cvac_min = 1.63956380e-04
alpha_min = 1.04265530e+02
freeEnergy_min = -1.95505179e+00
density_min = 9.53870923e-01

success = 1
