# Result for min over (Cvac,alpha) at 
kT = 9.4000e-01
mu = -2.0429e+00
Ngrid = 130

Cvac_min = 2.84745679e-04
alpha_min = 9.11535501e+01
freeEnergy_min = -1.27759409e+00
density_min = 9.31914811e-01

success = 1
