# Result for min over (Cvac,alpha) at 
kT = 1.4200e+00
mu = 3.6430e+00
Ngrid = 129

Cvac_min = 1.86413622e-04
alpha_min = 6.49278637e+01
freeEnergy_min = -4.44524178e+00
density_min = 9.53849498e-01

success = 1
