# Result for min over (Cvac,alpha) at 
kT = 9.8000e-01
mu = -1.4189e+00
Ngrid = 130

Cvac_min = 2.95095169e-04
alpha_min = 8.68187835e+01
freeEnergy_min = -1.59025402e+00
density_min = 9.31905164e-01

success = 1
