# Result for min over (Cvac,alpha) at 
kT = 1.0000e+00
mu = -7.2051e-01
Ngrid = 130

Cvac_min = 1.73546550e-04
alpha_min = 8.47993830e+01
freeEnergy_min = -2.11554610e+00
density_min = 9.32018469e-01

success = 1
