# Result for min over (Cvac,alpha) at 
kT = 7.8000e-01
mu = -4.9742e+00
Ngrid = 132

Cvac_min = 2.75878683e-04
alpha_min = 8.00884682e+01
freeEnergy_min = 7.35722840e-02
density_min = 8.90201516e-01

success = 1
