# Result for min over (Cvac,alpha) at 
kT = 1.1000e+00
mu = 6.5245e-01
Ngrid = 131

Cvac_min = 1.76104044e-04
alpha_min = 6.24666364e+01
freeEnergy_min = -2.83057267e+00
density_min = 9.10834721e-01

success = 1
