# Result for min over (Cvac,alpha) at 
kT = 1.0600e+00
mu = 1.2498e-01
Ngrid = 130

Cvac_min = 1.71803157e-04
alpha_min = 7.89930529e+01
freeEnergy_min = -2.55789248e+00
density_min = 9.32020094e-01

success = 1
