# Result for min over (Cvac,alpha) at 
kT = 1.3600e+00
mu = 3.5013e+00
Ngrid = 130

Cvac_min = 1.10468535e-04
alpha_min = 5.61021081e+01
freeEnergy_min = -4.47800140e+00
density_min = 9.32077269e-01

success = 1
