# Result for min over (Cvac,alpha) at 
kT = 1.4400e+00
mu = 4.0183e+00
Ngrid = 129

Cvac_min = 1.32015624e-04
alpha_min = 6.36070990e+01
freeEnergy_min = -4.74596192e+00
density_min = 9.53901395e-01

success = 1
