# Result for min over (Cvac,alpha) at 
kT = 8.2000e-01
mu = -3.9669e+00
Ngrid = 130

Cvac_min = 1.71754705e-04
alpha_min = 1.06232759e+02
freeEnergy_min = -4.63966095e-01
density_min = 9.32020139e-01

success = 1
