# Result for min over (Cvac,alpha) at 
kT = 1.3200e+00
mu = 2.9167e+00
Ngrid = 130

Cvac_min = 1.64585576e-04
alpha_min = 5.86935687e+01
freeEnergy_min = -4.06040320e+00
density_min = 9.32026822e-01

success = 1
