# Result for min over (Cvac,alpha) at 
kT = 1.5000e+00
mu = 4.7000e+00
Ngrid = 129

Cvac_min = 8.77023325e-05
alpha_min = 5.97663065e+01
freeEnergy_min = -5.23512389e+00
density_min = 9.53943671e-01

success = 1
