# Result for min over (Cvac,alpha) at 
kT = 1.2200e+00
mu = 1.6749e+00
Ngrid = 131

Cvac_min = 2.80701078e-04
alpha_min = 5.38292797e+01
freeEnergy_min = -3.25406509e+00
density_min = 9.10739434e-01

success = 1
