# Result for min over (Cvac,alpha) at 
kT = 1.1400e+00
mu = 9.5234e-01
Ngrid = 130

Cvac_min = 2.13499034e-04
alpha_min = 7.19961703e+01
freeEnergy_min = -2.93045398e+00
density_min = 9.31981226e-01

success = 1
