# Result for min over (Cvac,alpha) at 
kT = 1.3000e+00
mu = 2.5178e+00
Ngrid = 128

Cvac_min = 2.26606671e-04
alpha_min = 9.00680600e+01
freeEnergy_min = -3.74744021e+00
density_min = 9.76341204e-01

success = 1
