# Result for min over (Cvac,alpha) at 
kT = 1.4400e+00
mu = 4.0183e+00
Ngrid = 128

Cvac_min = 1.39052639e-04
alpha_min = 7.86769385e+01
freeEnergy_min = -4.74950807e+00
density_min = 9.76426706e-01

success = 1
