# Result for min over (Cvac,alpha) at 
kT = 1.1200e+00
mu = 7.0567e-01
Ngrid = 131

Cvac_min = 2.32064674e-04
alpha_min = 6.09212593e+01
freeEnergy_min = -2.78588257e+00
density_min = 9.10783741e-01

success = 1
