# Result for min over (Cvac,alpha) at 
kT = 1.0000e+00
mu = -1.1205e+00
Ngrid = 129

Cvac_min = 2.75338182e-04
alpha_min = 1.01848846e+02
freeEnergy_min = -1.72713657e+00
density_min = 9.53764661e-01

success = 1
