# Result for min over (Cvac,alpha) at 
kT = 1.4400e+00
mu = 4.2183e+00
Ngrid = 129

Cvac_min = 9.65082044e-05
alpha_min = 6.36216539e+01
freeEnergy_min = -4.93674573e+00
density_min = 9.53935270e-01

success = 1
