# Result for min over (Cvac,alpha) at 
kT = 8.6000e-01
mu = -3.0119e+00
Ngrid = 129

Cvac_min = 1.35854214e-04
alpha_min = 1.20533122e+02
freeEnergy_min = -9.81037511e-01
density_min = 9.53897733e-01

success = 1
