# Result for min over (Cvac,alpha) at 
kT = 1.2800e+00
mu = 2.3142e+00
Ngrid = 129

Cvac_min = 2.32360174e-04
alpha_min = 7.51128152e+01
freeEnergy_min = -3.63707309e+00
density_min = 9.53805664e-01

success = 1
