# Result for min over (Cvac,alpha) at 
kT = 1.2800e+00
mu = 2.5142e+00
Ngrid = 130

Cvac_min = 1.76041509e-04
alpha_min = 6.14078123e+01
freeEnergy_min = -3.82169554e+00
density_min = 9.32016143e-01

success = 1
