# Result for min over (Cvac,alpha) at 
kT = 7.4000e-01
mu = -6.0369e+00
Ngrid = 131

Cvac_min = 2.38065776e-04
alpha_min = 1.00095987e+02
freeEnergy_min = 6.09318115e-01
density_min = 9.10778274e-01

success = 1
