# Result for min over (Cvac,alpha) at 
kT = 1.0400e+00
mu = -3.4944e-01
Ngrid = 131

Cvac_min = 2.47522537e-04
alpha_min = 6.72827212e+01
freeEnergy_min = -2.22169095e+00
density_min = 9.10769659e-01

success = 1
