# Result for min over (Cvac,alpha) at 
kT = 8.2000e-01
mu = -4.1669e+00
Ngrid = 131

Cvac_min = 2.59033114e-04
alpha_min = 8.94768304e+01
freeEnergy_min = -2.84644608e-01
density_min = 9.10759173e-01

success = 1
