# Result for min over (Cvac,alpha) at 
kT = 1.2200e+00
mu = 2.0749e+00
Ngrid = 130

Cvac_min = 1.44425432e-04
alpha_min = 6.57410511e+01
freeEnergy_min = -3.63620373e+00
density_min = 9.32045615e-01

success = 1
