# Result for min over (Cvac,alpha) at 
kT = 8.8000e-01
mu = -2.6526e+00
Ngrid = 131

Cvac_min = 1.73877344e-04
alpha_min = 8.25781739e+01
freeEnergy_min = -1.16037849e+00
density_min = 9.10836750e-01

success = 1
