# Result for min over (Cvac,alpha) at 
kT = 9.2000e-01
mu = -2.1693e+00
Ngrid = 129

Cvac_min = 1.97326405e-04
alpha_min = 1.11920199e+02
freeEnergy_min = -1.28835440e+00
density_min = 9.53839087e-01

success = 1
