# Result for min over (Cvac,alpha) at 
kT = 7.2000e-01
mu = -5.8889e+00
Ngrid = 131

Cvac_min = 9.71007298e-05
alpha_min = 1.03085333e+02
freeEnergy_min = 2.42032597e-01
density_min = 9.10906693e-01

success = 1
