# Result for min over (Cvac,alpha) at 
kT = 9.2000e-01
mu = -1.9693e+00
Ngrid = 129

Cvac_min = 1.53259747e-04
alpha_min = 1.11944879e+02
freeEnergy_min = -1.47912653e+00
density_min = 9.53881128e-01

success = 1
