# Result for min over (Cvac,alpha) at 
kT = 1.1200e+00
mu = 5.0567e-01
Ngrid = 131

Cvac_min = 3.12548845e-04
alpha_min = 6.08961608e+01
freeEnergy_min = -2.60373284e+00
density_min = 9.10710421e-01

success = 1
