# Result for min over (Cvac,alpha) at 
kT = 1.2800e+00
mu = 2.7142e+00
Ngrid = 129

Cvac_min = 1.31500317e-04
alpha_min = 7.51464309e+01
freeEnergy_min = -4.01861630e+00
density_min = 9.53901887e-01

success = 1
