# Result for min over (Cvac,alpha) at 
kT = 8.4000e-01
mu = -3.3832e+00
Ngrid = 129

Cvac_min = 1.28336635e-04
alpha_min = 1.23633360e+02
freeEnergy_min = -8.09484586e-01
density_min = 9.53904905e-01

success = 1
