# Result for min over (Cvac,alpha) at 
kT = 1.0200e+00
mu = -4.3152e-01
Ngrid = 130

Cvac_min = 1.73665654e-04
alpha_min = 8.27993257e+01
freeEnergy_min = -2.26468009e+00
density_min = 9.32018358e-01

success = 1
