# Result for min over (Cvac,alpha) at 
kT = 1.3800e+00
mu = 3.2822e+00
Ngrid = 128

Cvac_min = 2.03417624e-04
alpha_min = 8.33260251e+01
freeEnergy_min = -4.21611027e+00
density_min = 9.76363850e-01

success = 1
