# Result for min over (Cvac,alpha) at 
kT = 1.2400e+00
mu = 1.8928e+00
Ngrid = 130

Cvac_min = 2.53033437e-04
alpha_min = 6.42280726e+01
freeEnergy_min = -3.38911049e+00
density_min = 9.31944373e-01

success = 1
