# Result for min over (Cvac,alpha) at 
kT = 1.1800e+00
mu = 1.2230e+00
Ngrid = 130

Cvac_min = 2.72661289e-04
alpha_min = 6.87523633e+01
freeEnergy_min = -3.00597372e+00
density_min = 9.31926076e-01

success = 1
