# Result for min over (Cvac,alpha) at 
kT = 1.3000e+00
mu = 2.5178e+00
Ngrid = 130

Cvac_min = 2.31375144e-04
alpha_min = 6.00153380e+01
freeEnergy_min = -3.75561499e+00
density_min = 9.31964562e-01

success = 1
