# Result for min over (Cvac,alpha) at 
kT = 1.2600e+00
mu = 2.3059e+00
Ngrid = 129

Cvac_min = 1.80935764e-04
alpha_min = 7.67236393e+01
freeEnergy_min = -3.70437838e+00
density_min = 9.53854724e-01

success = 1
