# Result for min over (Cvac,alpha) at 
kT = 7.6000e-01
mu = -4.9985e+00
Ngrid = 129

Cvac_min = 9.15088478e-05
alpha_min = 1.37435081e+02
freeEnergy_min = -1.02800853e-01
density_min = 9.53940040e-01

success = 1
