# Result for min over (Cvac,alpha) at 
kT = 1.2600e+00
mu = 2.1059e+00
Ngrid = 128

Cvac_min = 2.38460594e-04
alpha_min = 9.36947204e+01
freeEnergy_min = -3.49930261e+00
density_min = 9.76329628e-01

success = 1
