# Result for min over (Cvac,alpha) at 
kT = 7.0000e-01
mu = -6.6978e+00
Ngrid = 132

Cvac_min = 1.65733641e-04
alpha_min = 9.02636450e+01
freeEnergy_min = 7.41747977e-01
density_min = 8.90299594e-01

success = 1
