# Result for min over (Cvac,alpha) at 
kT = 7.0000e-01
mu = -6.6978e+00
Ngrid = 130

Cvac_min = 1.06643357e-04
alpha_min = 1.25533336e+02
freeEnergy_min = 7.35855228e-01
density_min = 9.32080835e-01

success = 1
