# Result for min over (Cvac,alpha) at 
kT = 7.2000e-01
mu = -6.2889e+00
Ngrid = 130

Cvac_min = 1.34051332e-04
alpha_min = 1.21929716e+02
freeEnergy_min = 6.12313035e-01
density_min = 9.32055286e-01

success = 1
