# Result for min over (Cvac,alpha) at 
kT = 1.5000e+00
mu = 4.5000e+00
Ngrid = 129

Cvac_min = 1.20960891e-04
alpha_min = 5.97563807e+01
freeEnergy_min = -5.04433816e+00
density_min = 9.53911942e-01

success = 1
