# Result for min over (Cvac,alpha) at 
kT = 1.1000e+00
mu = 2.5245e-01
Ngrid = 129

Cvac_min = 2.74369763e-04
alpha_min = 9.10521064e+01
freeEnergy_min = -2.45971910e+00
density_min = 9.53765585e-01

success = 1
