# Result for min over (Cvac,alpha) at 
kT = 1.2600e+00
mu = 2.5059e+00
Ngrid = 129

Cvac_min = 1.36243272e-04
alpha_min = 7.67390374e+01
freeEnergy_min = -3.89515379e+00
density_min = 9.53897362e-01

success = 1
