# Result for min over (Cvac,alpha) at 
kT = 1.1800e+00
mu = 1.4230e+00
Ngrid = 131

Cvac_min = 2.18046262e-04
alpha_min = 5.65743167e+01
freeEnergy_min = -3.18093087e+00
density_min = 9.10796512e-01

success = 1
