# Result for min over (Cvac,alpha) at 
kT = 1.2400e+00
mu = 2.2928e+00
Ngrid = 128

Cvac_min = 1.44600652e-04
alpha_min = 9.56168327e+01
freeEnergy_min = -3.76299834e+00
density_min = 9.76421288e-01

success = 1
