# Result for min over (Cvac,alpha) at 
kT = 9.0000e-01
mu = -2.3048e+00
Ngrid = 131

Cvac_min = 1.78721110e-04
alpha_min = 8.04382300e+01
freeEnergy_min = -1.32552916e+00
density_min = 9.10832337e-01

success = 1
