# Result for min over (Cvac,alpha) at 
kT = 7.2000e-01
mu = -6.2889e+00
Ngrid = 131

Cvac_min = 1.62640716e-04
alpha_min = 1.03071947e+02
freeEnergy_min = 6.06384364e-01
density_min = 9.10846986e-01

success = 1
