# Result for min over (Cvac,alpha) at 
kT = 1.4600e+00
mu = 3.9898e+00
Ngrid = 129

Cvac_min = 1.72280964e-04
alpha_min = 6.22841426e+01
freeEnergy_min = -4.66336185e+00
density_min = 9.53862981e-01

success = 1
