# Result for min over (Cvac,alpha) at 
kT = 8.0000e-01
mu = -4.5639e+00
Ngrid = 131

Cvac_min = 2.41914019e-04
alpha_min = 9.19685095e+01
freeEnergy_min = -1.09153829e-01
density_min = 9.10774768e-01

success = 1
