# Result for min over (Cvac,alpha) at 
kT = 1.4400e+00
mu = 3.8183e+00
Ngrid = 130

Cvac_min = 1.84542883e-04
alpha_min = 5.11732336e+01
freeEnergy_min = -4.54345075e+00
density_min = 9.32008219e-01

success = 1
