# Result for min over (Cvac,alpha) at 
kT = 1.2000e+00
mu = 1.4516e+00
Ngrid = 130

Cvac_min = 2.65973799e-04
alpha_min = 6.72123392e+01
freeEnergy_min = -3.13566017e+00
density_min = 9.31932310e-01

success = 1
