# Result for min over (Cvac,alpha) at 
kT = 9.6000e-01
mu = -1.3262e+00
Ngrid = 131

Cvac_min = 1.87326348e-04
alpha_min = 7.44402681e+01
freeEnergy_min = -1.80285355e+00
density_min = 9.10824498e-01

success = 1
