# Result for min over (Cvac,alpha) at 
kT = 1.4000e+00
mu = 3.6644e+00
Ngrid = 129

Cvac_min = 1.42795989e-04
alpha_min = 6.63057367e+01
freeEnergy_min = -4.52486267e+00
density_min = 9.53891110e-01

success = 1
