# Result for min over (Cvac,alpha) at 
kT = 8.8000e-01
mu = -3.0526e+00
Ngrid = 130

Cvac_min = 2.59994556e-04
alpha_min = 9.82558120e+01
freeEnergy_min = -7.90106769e-01
density_min = 9.31937884e-01

success = 1
