# Result for min over (Cvac,alpha) at 
kT = 9.0000e-01
mu = -2.3048e+00
Ngrid = 129

Cvac_min = 1.49458809e-04
alpha_min = 1.14704522e+02
freeEnergy_min = -1.31668783e+00
density_min = 9.53884754e-01

success = 1
