# Result for min over (Cvac,alpha) at 
kT = 7.6000e-01
mu = -5.3985e+00
Ngrid = 130

Cvac_min = 1.71600567e-04
alpha_min = 1.15225102e+02
freeEnergy_min = 2.54327383e-01
density_min = 9.32020283e-01

success = 1
