# Result for min over (Cvac,alpha) at 
kT = 9.6000e-01
mu = -1.5262e+00
Ngrid = 130

Cvac_min = 2.23602992e-04
alpha_min = 8.89697742e+01
freeEnergy_min = -1.62159710e+00
density_min = 9.31971807e-01

success = 1
