# Result for min over (Cvac,alpha) at 
kT = 1.0000e+00
mu = -1.1205e+00
Ngrid = 131

Cvac_min = 3.30258119e-04
alpha_min = 7.07149494e+01
freeEnergy_min = -1.74443596e+00
density_min = 9.10694287e-01

success = 1
