# Result for min over (Cvac,alpha) at 
kT = 8.6000e-01
mu = -3.4119e+00
Ngrid = 130

Cvac_min = 2.48739050e-04
alpha_min = 1.00808070e+02
freeEnergy_min = -6.21778623e-01
density_min = 9.31948376e-01

success = 1
