# Result for min over (Cvac,alpha) at 
kT = 7.2000e-01
mu = -6.0889e+00
Ngrid = 131

Cvac_min = 1.25826261e-04
alpha_min = 1.03080803e+02
freeEnergy_min = 4.24211455e-01
density_min = 9.10880524e-01

success = 1
