# Result for min over (Cvac,alpha) at 
kT = 1.4600e+00
mu = 4.1898e+00
Ngrid = 128

Cvac_min = 1.33382178e-04
alpha_min = 7.71834670e+01
freeEnergy_min = -4.85912350e+00
density_min = 9.76432244e-01

success = 1
