# Result for min over (Cvac,alpha) at 
kT = 7.4000e-01
mu = -6.0369e+00
Ngrid = 132

Cvac_min = 2.99739952e-04
alpha_min = 8.49404465e+01
freeEnergy_min = 6.11520292e-01
density_min = 8.90180269e-01

success = 1
