# Result for min over (Cvac,alpha) at 
kT = 7.8000e-01
mu = -4.7742e+00
Ngrid = 130

Cvac_min = 1.47452111e-04
alpha_min = 1.12104793e+02
freeEnergy_min = -1.10894452e-01
density_min = 9.32042794e-01

success = 1
