# Result for min over (Cvac,alpha) at 
kT = 1.0200e+00
mu = -6.3152e-01
Ngrid = 130

Cvac_min = 2.29002215e-04
alpha_min = 8.27855765e+01
freeEnergy_min = -2.07828130e+00
density_min = 9.31966774e-01

success = 1
