# Result for min over (Cvac,alpha) at 
kT = 1.2600e+00
mu = 2.1059e+00
Ngrid = 129

Cvac_min = 2.39243859e-04
alpha_min = 7.66965103e+01
freeEnergy_min = -3.51361268e+00
density_min = 9.53799096e-01

success = 1
