# Result for min over (Cvac,alpha) at 
kT = 7.0000e-01
mu = -6.6978e+00
Ngrid = 129

Cvac_min = 9.07687053e-05
alpha_min = 1.49578631e+02
freeEnergy_min = 7.58035323e-01
density_min = 9.53940746e-01

success = 1
