# Result for min over (Cvac,alpha) at 
kT = 8.4000e-01
mu = -3.3832e+00
Ngrid = 131

Cvac_min = 1.61539549e-04
alpha_min = 8.71046637e+01
freeEnergy_min = -8.22031408e-01
density_min = 9.10847989e-01

success = 1
