# Result for min over (Cvac,alpha) at 
kT = 9.4000e-01
mu = -1.8429e+00
Ngrid = 131

Cvac_min = 2.45381369e-04
alpha_min = 7.63536210e+01
freeEnergy_min = -1.46383690e+00
density_min = 9.10771610e-01

success = 1
