# Result for min over (Cvac,alpha) at 
kT = 8.4000e-01
mu = -3.7832e+00
Ngrid = 132

Cvac_min = 3.30090646e-04
alpha_min = 7.34948238e+01
freeEnergy_min = -4.52712795e-01
density_min = 8.90153243e-01

success = 1
