# Result for min over (Cvac,alpha) at 
kT = 9.6000e-01
mu = -1.3262e+00
Ngrid = 129

Cvac_min = 1.60983111e-04
alpha_min = 1.06735145e+02
freeEnergy_min = -1.79893933e+00
density_min = 9.53873759e-01

success = 1
