# Result for min over (Cvac,alpha) at 
kT = 7.2000e-01
mu = -6.4889e+00
Ngrid = 130

Cvac_min = 1.71467992e-04
alpha_min = 1.21920461e+02
freeEnergy_min = 7.98720791e-01
density_min = 9.32020407e-01

success = 1
