# Result for min over (Cvac,alpha) at 
kT = 7.6000e-01
mu = -5.1985e+00
Ngrid = 132

Cvac_min = 1.93671010e-04
alpha_min = 8.24863496e+01
freeEnergy_min = 7.49517694e-02
density_min = 8.90274718e-01

success = 1
