# Result for min over (Cvac,alpha) at 
kT = 8.8000e-01
mu = -2.6526e+00
Ngrid = 129

Cvac_min = 1.42306934e-04
alpha_min = 1.17557131e+02
freeEnergy_min = -1.15012973e+00
density_min = 9.53891577e-01

success = 1
