# Result for min over (Cvac,alpha) at 
kT = 1.0000e+00
mu = -1.1205e+00
Ngrid = 130

Cvac_min = 2.95919862e-04
alpha_min = 8.47569555e+01
freeEnergy_min = -1.74275976e+00
density_min = 9.31904395e-01

success = 1
