# Result for min over (Cvac,alpha) at 
kT = 1.4600e+00
mu = 3.9898e+00
Ngrid = 127

Cvac_min = 1.87495706e-04
alpha_min = 9.54986539e+01
freeEnergy_min = -4.64779402e+00
density_min = 9.99625563e-01

success = 1
