# Result for min over (Cvac,alpha) at 
kT = 1.3400e+00
mu = 3.3112e+00
Ngrid = 130

Cvac_min = 1.14941147e-04
alpha_min = 5.73922178e+01
freeEnergy_min = -4.36336450e+00
density_min = 9.32073100e-01

success = 1
