# Result for min over (Cvac,alpha) at 
kT = 1.3200e+00
mu = 3.1167e+00
Ngrid = 128

Cvac_min = 1.28894867e-04
alpha_min = 8.83556406e+01
freeEnergy_min = -4.25918527e+00
density_min = 9.76436626e-01

success = 1
