# Result for min over (Cvac,alpha) at 
kT = 1.1000e+00
mu = 4.5245e-01
Ngrid = 131

Cvac_min = 2.37199707e-04
alpha_min = 6.24497842e+01
freeEnergy_min = -2.64841100e+00
density_min = 9.10779063e-01

success = 1
