# Result for min over (Cvac,alpha) at 
kT = 1.2600e+00
mu = 2.5059e+00
Ngrid = 128

Cvac_min = 1.41041323e-04
alpha_min = 9.37392947e+01
freeEnergy_min = -3.88985500e+00
density_min = 9.76424764e-01

success = 1
