# Result for min over (Cvac,alpha) at 
kT = 8.6000e-01
mu = -3.0119e+00
Ngrid = 131

Cvac_min = 1.68647729e-04
alpha_min = 8.47985828e+01
freeEnergy_min = -9.92529673e-01
density_min = 9.10841514e-01

success = 1
