# Result for min over (Cvac,alpha) at 
kT = 1.2000e+00
mu = 1.4516e+00
Ngrid = 129

Cvac_min = 2.57094602e-04
alpha_min = 8.17172072e+01
freeEnergy_min = -3.13228160e+00
density_min = 9.53782066e-01

success = 1
