# Result for min over (Cvac,alpha) at 
kT = 8.6000e-01
mu = -3.4119e+00
Ngrid = 129

Cvac_min = 2.22707514e-04
alpha_min = 1.20501121e+02
freeEnergy_min = -5.99493648e-01
density_min = 9.53814873e-01

success = 1
