# Result for min over (Cvac,alpha) at 
kT = 7.4000e-01
mu = -5.6369e+00
Ngrid = 130

Cvac_min = 1.19339547e-04
alpha_min = 1.18509686e+02
freeEnergy_min = 2.47349491e-01
density_min = 9.32069000e-01

success = 1
