# Result for min over (Cvac,alpha) at 
kT = 1.4000e+00
mu = 3.6644e+00
Ngrid = 127

Cvac_min = 1.58664068e-04
alpha_min = 1.00837923e+02
freeEnergy_min = -4.50892756e+00
density_min = 9.99654389e-01

success = 1
