# Result for min over (Cvac,alpha) at 
kT = 7.8000e-01
mu = -5.1742e+00
Ngrid = 132

Cvac_min = 3.59561885e-04
alpha_min = 8.00692769e+01
freeEnergy_min = 2.51605389e-01
density_min = 8.90127001e-01

success = 1
