# Result for min over (Cvac,alpha) at 
kT = 1.2400e+00
mu = 1.8928e+00
Ngrid = 128

Cvac_min = 2.43175393e-04
alpha_min = 9.55710883e+01
freeEnergy_min = -3.37244778e+00
density_min = 9.76325024e-01

success = 1
