# Result for min over (Cvac,alpha) at 
kT = 1.2400e+00
mu = 2.0928e+00
Ngrid = 130

Cvac_min = 1.88469509e-04
alpha_min = 6.42535729e+01
freeEnergy_min = -3.57550566e+00
density_min = 9.32004558e-01

success = 1
