# Result for min over (Cvac,alpha) at 
kT = 1.5000e+00
mu = 4.7000e+00
Ngrid = 127

Cvac_min = 1.05356180e-04
alpha_min = 9.21747866e+01
freeEnergy_min = -5.24301099e+00
density_min = 9.99707687e-01

success = 1
