# Result for min over (Cvac,alpha) at 
kT = 1.1600e+00
mu = 1.3927e+00
Ngrid = 128

Cvac_min = 1.56874761e-04
alpha_min = 1.03691891e+02
freeEnergy_min = -3.24070604e+00
density_min = 9.76409302e-01

success = 1
