# Result for min over (Cvac,alpha) at 
kT = 1.2200e+00
mu = 1.8749e+00
Ngrid = 130

Cvac_min = 1.94157314e-04
alpha_min = 6.57236396e+01
freeEnergy_min = -3.44979901e+00
density_min = 9.31999256e-01

success = 1
