# Result for min over (Cvac,alpha) at 
kT = 1.2200e+00
mu = 2.0749e+00
Ngrid = 128

Cvac_min = 1.48652992e-04
alpha_min = 9.75513382e+01
freeEnergy_min = -3.63445910e+00
density_min = 9.76417331e-01

success = 1
