# Result for min over (Cvac,alpha) at 
kT = 7.4000e-01
mu = -5.6369e+00
Ngrid = 131

Cvac_min = 1.42082269e-04
alpha_min = 1.00119121e+02
freeEnergy_min = 2.44987887e-01
density_min = 9.10865715e-01

success = 1
