# Result for min over (Cvac,alpha) at 
kT = 1.0200e+00
mu = -6.3152e-01
Ngrid = 129

Cvac_min = 2.15262308e-04
alpha_min = 9.95669022e+01
freeEnergy_min = -2.06815224e+00
density_min = 9.53821976e-01

success = 1
