# Result for min over (Cvac,alpha) at 
kT = 1.3600e+00
mu = 3.5013e+00
Ngrid = 129

Cvac_min = 1.13407946e-04
alpha_min = 6.91338949e+01
freeEnergy_min = -4.49360891e+00
density_min = 9.53919147e-01

success = 1
