# Result for min over (Cvac,alpha) at 
kT = 1.0600e+00
mu = -2.7502e-01
Ngrid = 131

Cvac_min = 3.26164095e-04
alpha_min = 6.55986305e+01
freeEnergy_min = -2.18401330e+00
density_min = 9.10698017e-01

success = 1
