# Result for min over (Cvac,alpha) at 
kT = 1.4400e+00
mu = 3.8183e+00
Ngrid = 128

Cvac_min = 1.83666537e-04
alpha_min = 7.86602423e+01
freeEnergy_min = -4.55422690e+00
density_min = 9.76383138e-01

success = 1
