# Result for min over (Cvac,alpha) at 
kT = 1.3400e+00
mu = 3.3112e+00
Ngrid = 127

Cvac_min = 1.33568347e-04
alpha_min = 1.06567037e+02
freeEnergy_min = -4.36141937e+00
density_min = 9.99679480e-01

success = 1
