# Result for min over (Cvac,alpha) at 
kT = 1.4400e+00
mu = 4.0183e+00
Ngrid = 127

Cvac_min = 1.48684893e-04
alpha_min = 9.72464563e+01
freeEnergy_min = -4.73640560e+00
density_min = 9.99664366e-01

success = 1
