# Result for min over (Cvac,alpha) at 
kT = 1.3600e+00
mu = 3.5013e+00
Ngrid = 128

Cvac_min = 1.20298112e-04
alpha_min = 8.49896434e+01
freeEnergy_min = -4.49590440e+00
density_min = 9.76445021e-01

success = 1
