# Result for min over (Cvac,alpha) at 
kT = 1.1200e+00
mu = 9.0567e-01
Ngrid = 131

Cvac_min = 1.71513179e-04
alpha_min = 6.09392047e+01
freeEnergy_min = -2.96804504e+00
density_min = 9.10838903e-01

success = 1
