# Result for min over (Cvac,alpha) at 
kT = 1.4800e+00
mu = 4.7579e+00
Ngrid = 127

Cvac_min = 8.07645630e-05
alpha_min = 9.38413800e+01
freeEnergy_min = -5.35736088e+00
density_min = 9.99732274e-01

success = 1
