# Result for min over (Cvac,alpha) at 
kT = 1.3600e+00
mu = 3.5013e+00
Ngrid = 127

Cvac_min = 1.29359073e-04
alpha_min = 1.04617958e+02
freeEnergy_min = -4.48059068e+00
density_min = 9.99683688e-01

success = 1
