# Result for min over (Cvac,alpha) at 
kT = 1.2800e+00
mu = 2.5142e+00
Ngrid = 129

Cvac_min = 1.75445268e-04
alpha_min = 7.51278218e+01
freeEnergy_min = -3.82783993e+00
density_min = 9.53859962e-01

success = 1
