# Result for min over (Cvac,alpha) at 
kT = 8.4000e-01
mu = -3.5832e+00
Ngrid = 131

Cvac_min = 2.09925131e-04
alpha_min = 8.70923490e+01
freeEnergy_min = -6.39866042e-01
density_min = 9.10803910e-01

success = 1
