# Result for min over (Cvac,alpha) at 
kT = 1.3400e+00
mu = 3.1112e+00
Ngrid = 130

Cvac_min = 1.58354784e-04
alpha_min = 5.73748344e+01
freeEnergy_min = -4.17695377e+00
density_min = 9.32032631e-01

success = 1
