# Result for min over (Cvac,alpha) at 
kT = 9.6000e-01
mu = -1.5262e+00
Ngrid = 129

Cvac_min = 2.07293725e-04
alpha_min = 1.06720119e+02
freeEnergy_min = -1.60816888e+00
density_min = 9.53829578e-01

success = 1
