# Result for min over (Cvac,alpha) at 
kT = 9.8000e-01
mu = -1.2189e+00
Ngrid = 130

Cvac_min = 2.26447810e-04
alpha_min = 8.68413168e+01
freeEnergy_min = -1.77664185e+00
density_min = 9.31969156e-01

success = 1
