# Result for min over (Cvac,alpha) at 
kT = 9.6000e-01
mu = -1.7262e+00
Ngrid = 131

Cvac_min = 3.25458023e-04
alpha_min = 7.44058422e+01
freeEnergy_min = -1.43854694e+00
density_min = 9.10698660e-01

success = 1
