# Result for min over (Cvac,alpha) at 
kT = 1.2600e+00
mu = 2.1059e+00
Ngrid = 130

Cvac_min = 2.46270415e-04
alpha_min = 6.27934480e+01
freeEnergy_min = -3.51312778e+00
density_min = 9.31950677e-01

success = 1
