# Result for min over (Cvac,alpha) at 
kT = 7.6000e-01
mu = -5.1985e+00
Ngrid = 130

Cvac_min = 1.33687000e-04
alpha_min = 1.15233943e+02
freeEnergy_min = 6.79196081e-02
density_min = 9.32055625e-01

success = 1
