# Result for min over (Cvac,alpha) at 
kT = 8.8000e-01
mu = -2.6526e+00
Ngrid = 132

Cvac_min = 2.02083748e-04
alpha_min = 6.95312149e+01
freeEnergy_min = -1.14671362e+00
density_min = 8.90267227e-01

success = 1
