# Result for min over (Cvac,alpha) at 
kT = 9.0000e-01
mu = -2.7048e+00
Ngrid = 129

Cvac_min = 2.43507537e-04
alpha_min = 1.14662099e+02
freeEnergy_min = -9.35150301e-01
density_min = 9.53795029e-01

success = 1
