# Result for min over (Cvac,alpha) at 
kT = 9.4000e-01
mu = -1.6429e+00
Ngrid = 129

Cvac_min = 1.58194432e-04
alpha_min = 1.09294344e+02
freeEnergy_min = -1.64030402e+00
density_min = 9.53876420e-01

success = 1
