# Result for min over (Cvac,alpha) at 
kT = 1.0800e+00
mu = -7.9407e-03
Ngrid = 130

Cvac_min = 2.93656186e-04
alpha_min = 7.71350679e+01
freeEnergy_min = -2.32822008e+00
density_min = 9.31906505e-01

success = 1
