# Result for min over (Cvac,alpha) at 
kT = 1.0400e+00
mu = -3.4944e-01
Ngrid = 129

Cvac_min = 2.15201102e-04
alpha_min = 9.73345842e+01
freeEnergy_min = -2.21710925e+00
density_min = 9.53822034e-01

success = 1
