# Result for min over (Cvac,alpha) at 
kT = 9.2000e-01
mu = -1.9693e+00
Ngrid = 130

Cvac_min = 1.65595953e-04
alpha_min = 9.34745284e+01
freeEnergy_min = -1.49017513e+00
density_min = 9.32025881e-01

success = 1
