# Result for min over (Cvac,alpha) at 
kT = 1.1600e+00
mu = 1.3927e+00
Ngrid = 129

Cvac_min = 1.55190717e-04
alpha_min = 8.53311058e+01
freeEnergy_min = -3.25366140e+00
density_min = 9.53879285e-01

success = 1
