# Result for min over (Cvac,alpha) at 
kT = 7.0000e-01
mu = -6.8978e+00
Ngrid = 129

Cvac_min = 1.15448389e-04
alpha_min = 1.49573850e+02
freeEnergy_min = 9.48821208e-01
density_min = 9.53917201e-01

success = 1
