# Result for min over (Cvac,alpha) at 
kT = 9.2000e-01
mu = -2.3693e+00
Ngrid = 130

Cvac_min = 2.77723134e-04
alpha_min = 9.34359801e+01
freeEnergy_min = -1.11738398e+00
density_min = 9.31921358e-01

success = 1
