# Result for min over (Cvac,alpha) at 
kT = 8.4000e-01
mu = -3.7832e+00
Ngrid = 131

Cvac_min = 2.73202678e-04
alpha_min = 8.70730981e+01
freeEnergy_min = -4.57710885e-01
density_min = 9.10746265e-01

success = 1
