# Result for min over (Cvac,alpha) at 
kT = 8.4000e-01
mu = -3.3832e+00
Ngrid = 132

Cvac_min = 1.89882178e-04
alpha_min = 7.35288127e+01
freeEnergy_min = -8.08801364e-01
density_min = 8.90278091e-01

success = 1
