# Result for min over (Cvac,alpha) at 
kT = 9.2000e-01
mu = -2.1693e+00
Ngrid = 130

Cvac_min = 2.15245510e-04
alpha_min = 9.34552365e+01
freeEnergy_min = -1.30377433e+00
density_min = 9.31979598e-01

success = 1
