# Result for min over (Cvac,alpha) at 
kT = 7.4000e-01
mu = -5.8369e+00
Ngrid = 130

Cvac_min = 1.52627685e-04
alpha_min = 1.18499224e+02
freeEnergy_min = 4.33760310e-01
density_min = 9.32037969e-01

success = 1
