# Result for min over (Cvac,alpha) at 
kT = 1.0600e+00
mu = -2.7502e-01
Ngrid = 130

Cvac_min = 2.95889505e-04
alpha_min = 7.89553819e+01
freeEnergy_min = -2.18510561e+00
density_min = 9.31904423e-01

success = 1
