# Result for min over (Cvac,alpha) at 
kT = 8.8000e-01
mu = -3.0526e+00
Ngrid = 132

Cvac_min = 3.54278170e-04
alpha_min = 6.94875566e+01
freeEnergy_min = -7.90631487e-01
density_min = 8.90131705e-01

success = 1
