# Result for min over (Cvac,alpha) at 
kT = 1.3800e+00
mu = 3.6822e+00
Ngrid = 127

Cvac_min = 1.26842670e-04
alpha_min = 1.02708955e+02
freeEnergy_min = -4.59300869e+00
density_min = 9.99686204e-01

success = 1
