# Result for min over (Cvac,alpha) at 
kT = 1.0800e+00
mu = 3.9206e-01
Ngrid = 130

Cvac_min = 1.69635138e-04
alpha_min = 7.71742346e+01
freeEnergy_min = -2.70100779e+00
density_min = 9.32022115e-01

success = 1
