# Result for min over (Cvac,alpha) at 
kT = 1.2400e+00
mu = 2.0928e+00
Ngrid = 128

Cvac_min = 1.88466990e-04
alpha_min = 9.55956736e+01
freeEnergy_min = -3.56771823e+00
density_min = 9.76378450e-01

success = 1
