# Result for min over (Cvac,alpha) at 
kT = 1.3800e+00
mu = 3.4822e+00
Ngrid = 130

Cvac_min = 1.48269370e-04
alpha_min = 5.48253651e+01
freeEnergy_min = -4.39984963e+00
density_min = 9.32042032e-01

success = 1
