# Result for min over (Cvac,alpha) at 
kT = 1.3000e+00
mu = 2.7178e+00
Ngrid = 129

Cvac_min = 1.69731767e-04
alpha_min = 7.35782257e+01
freeEnergy_min = -3.94944446e+00
density_min = 9.53865413e-01

success = 1
