# Result for min over (Cvac,alpha) at 
kT = 1.2800e+00
mu = 2.7142e+00
Ngrid = 130

Cvac_min = 1.29799441e-04
alpha_min = 6.14259349e+01
freeEnergy_min = -4.00810327e+00
density_min = 9.32059249e-01

success = 1
