# Result for min over (Cvac,alpha) at 
kT = 1.4600e+00
mu = 3.9898e+00
Ngrid = 128

Cvac_min = 1.77482336e-04
alpha_min = 7.71728084e+01
freeEnergy_min = -4.66384121e+00
density_min = 9.76389177e-01

success = 1
