# Result for min over (Cvac,alpha) at 
kT = 9.0000e-01
mu = -2.5048e+00
Ngrid = 130

Cvac_min = 2.07902908e-04
alpha_min = 9.58235463e+01
freeEnergy_min = -1.14221359e+00
density_min = 9.31986443e-01

success = 1
