# Result for min over (Cvac,alpha) at 
kT = 1.1800e+00
mu = 1.4230e+00
Ngrid = 130

Cvac_min = 2.05073587e-04
alpha_min = 6.87807029e+01
freeEnergy_min = -3.19236554e+00
density_min = 9.31989080e-01

success = 1
