# Result for min over (Cvac,alpha) at 
kT = 1.4200e+00
mu = 4.0430e+00
Ngrid = 127

Cvac_min = 1.18548587e-04
alpha_min = 9.90360450e+01
freeEnergy_min = -4.82321291e+00
density_min = 9.99694497e-01

success = 1
