# Result for min over (Cvac,alpha) at 
kT = 9.2000e-01
mu = -1.9693e+00
Ngrid = 131

Cvac_min = 1.82898282e-04
alpha_min = 7.83711194e+01
freeEnergy_min = -1.48648648e+00
density_min = 9.10828532e-01

success = 1
