# Result for min over (Cvac,alpha) at 
kT = 7.0000e-01
mu = -6.4978e+00
Ngrid = 131

Cvac_min = 1.00819366e-04
alpha_min = 1.06182473e+02
freeEnergy_min = 5.49945348e-01
density_min = 9.10903305e-01

success = 1
