# Result for min over (Cvac,alpha) at 
kT = 8.6000e-01
mu = -3.0119e+00
Ngrid = 130

Cvac_min = 1.49255811e-04
alpha_min = 1.00834277e+02
freeEnergy_min = -9.94578161e-01
density_min = 9.32041112e-01

success = 1
