# Result for min over (Cvac,alpha) at 
kT = 7.6000e-01
mu = -5.5985e+00
Ngrid = 130

Cvac_min = 2.19327803e-04
alpha_min = 1.15211405e+02
freeEnergy_min = 4.40727182e-01
density_min = 9.31975793e-01

success = 1
