# Result for min over (Cvac,alpha) at 
kT = 7.0000e-01
mu = -6.2978e+00
Ngrid = 130

Cvac_min = 6.48614954e-05
alpha_min = 1.25545060e+02
freeEnergy_min = 3.63014497e-01
density_min = 9.32119783e-01

success = 1
