# Result for min over (Cvac,alpha) at 
kT = 1.3200e+00
mu = 3.1167e+00
Ngrid = 129

Cvac_min = 1.22606940e-04
alpha_min = 7.20697357e+01
freeEnergy_min = -4.25989043e+00
density_min = 9.53910371e-01

success = 1
