# Result for min over (Cvac,alpha) at 
kT = 1.3800e+00
mu = 3.2822e+00
Ngrid = 130

Cvac_min = 2.04503090e-04
alpha_min = 5.48059490e+01
freeEnergy_min = -4.21344619e+00
density_min = 9.31989612e-01

success = 1
