# Result for min over (Cvac,alpha) at 
kT = 7.2000e-01
mu = -6.4889e+00
Ngrid = 131

Cvac_min = 2.09800677e-04
alpha_min = 1.03054878e+02
freeEnergy_min = 7.88549664e-01
density_min = 9.10804024e-01

success = 1
