# Result for min over (Cvac,alpha) at 
kT = 1.1400e+00
mu = 1.1523e+00
Ngrid = 130

Cvac_min = 1.59606575e-04
alpha_min = 7.20143217e+01
freeEnergy_min = -3.11685547e+00
density_min = 9.32031464e-01

success = 1
