# Result for min over (Cvac,alpha) at 
kT = 1.1800e+00
mu = 1.6230e+00
Ngrid = 130

Cvac_min = 1.53025450e-04
alpha_min = 6.87950554e+01
freeEnergy_min = -3.37876844e+00
density_min = 9.32037598e-01

success = 1
