# Result for min over (Cvac,alpha) at 
kT = 1.3400e+00
mu = 3.3112e+00
Ngrid = 129

Cvac_min = 1.18303914e-04
alpha_min = 7.05889583e+01
freeEnergy_min = -4.37771270e+00
density_min = 9.53914476e-01

success = 1
