# Result for min over (Cvac,alpha) at 
kT = 9.6000e-01
mu = -1.7262e+00
Ngrid = 132

Cvac_min = 3.79906988e-04
alpha_min = 6.22682206e+01
freeEnergy_min = -1.43129597e+00
density_min = 8.90108884e-01

success = 1
