# Result for min over (Cvac,alpha) at 
kT = 1.5000e+00
mu = 4.5000e+00
Ngrid = 125

Cvac_min = 1.69936464e-04
alpha_min = 1.43247851e+02
freeEnergy_min = -4.95786328e+00
density_min = 1.04839781e+00

success = 1
