# Result for min over (Cvac,alpha) at 
kT = 8.0000e-01
mu = -4.1639e+00
Ngrid = 129

Cvac_min = 1.10982807e-04
alpha_min = 1.30233036e+02
freeEnergy_min = -4.59507324e-01
density_min = 9.53921461e-01

success = 1
