# Result for min over (Cvac,alpha) at 
kT = 7.2000e-01
mu = -5.8889e+00
Ngrid = 129

Cvac_min = 7.04607144e-05
alpha_min = 1.45344368e+02
freeEnergy_min = 2.54789521e-01
density_min = 9.53960120e-01

success = 1
