# Result for min over (Cvac,alpha) at 
kT = 1.4000e+00
mu = 3.8644e+00
Ngrid = 127

Cvac_min = 1.22723460e-04
alpha_min = 1.00851566e+02
freeEnergy_min = -4.70886217e+00
density_min = 9.99690323e-01

success = 1
