# Result for min over (Cvac,alpha) at 
kT = 1.3400e+00
mu = 3.1112e+00
Ngrid = 128

Cvac_min = 1.63986482e-04
alpha_min = 8.66426071e+01
freeEnergy_min = -4.18323127e+00
density_min = 9.76402357e-01

success = 1
