# Result for min over (Cvac,alpha) at 
kT = 1.2200e+00
mu = 1.6749e+00
Ngrid = 130

Cvac_min = 2.60241601e-04
alpha_min = 6.57057953e+01
freeEnergy_min = -3.26340502e+00
density_min = 9.31937654e-01

success = 1
