# Result for min over (Cvac,alpha) at 
kT = 7.0000e-01
mu = -6.2978e+00
Ngrid = 131

Cvac_min = 7.77795190e-05
alpha_min = 1.06188517e+02
freeEnergy_min = 3.67762511e-01
density_min = 9.10924294e-01

success = 1
