# Result for min over (Cvac,alpha) at 
kT = 1.2600e+00
mu = 2.3059e+00
Ngrid = 128

Cvac_min = 1.83686155e-04
alpha_min = 9.37177029e+01
freeEnergy_min = -3.69457406e+00
density_min = 9.76383119e-01

success = 1
