# Result for min over (Cvac,alpha) at 
kT = 1.2000e+00
mu = 1.8516e+00
Ngrid = 129

Cvac_min = 1.48490412e-04
alpha_min = 8.17586036e+01
freeEnergy_min = -3.51381697e+00
density_min = 9.53885678e-01

success = 1
