# Result for min over (Cvac,alpha) at 
kT = 1.1400e+00
mu = 1.1523e+00
Ngrid = 128

Cvac_min = 1.58675546e-04
alpha_min = 1.05864040e+02
freeEnergy_min = -3.10396578e+00
density_min = 9.76407543e-01

success = 1
