# Result for min over (Cvac,alpha) at 
kT = 7.6000e-01
mu = -5.3985e+00
Ngrid = 131

Cvac_min = 2.04481461e-04
alpha_min = 9.72791238e+01
freeEnergy_min = 2.47317874e-01
density_min = 9.10808869e-01

success = 1
