# Result for min over (Cvac,alpha) at 
kT = 9.8000e-01
mu = -1.0189e+00
Ngrid = 130

Cvac_min = 1.73385904e-04
alpha_min = 8.68559184e+01
freeEnergy_min = -1.96304090e+00
density_min = 9.32018619e-01

success = 1
