# Result for min over (Cvac,alpha) at 
kT = 1.0200e+00
mu = -8.3152e-01
Ngrid = 130

Cvac_min = 2.98225060e-04
alpha_min = 8.27613685e+01
freeEnergy_min = -1.89189399e+00
density_min = 9.31902246e-01

success = 1
