# Result for min over (Cvac,alpha) at 
kT = 7.6000e-01
mu = -4.9985e+00
Ngrid = 130

Cvac_min = 1.03596873e-04
alpha_min = 1.15244849e+02
freeEnergy_min = -1.18494436e-01
density_min = 9.32083675e-01

success = 1
