# Result for min over (Cvac,alpha) at 
kT = 1.2400e+00
mu = 2.2928e+00
Ngrid = 130

Cvac_min = 1.39447350e-04
alpha_min = 6.42690277e+01
freeEnergy_min = -3.76191136e+00
density_min = 9.32050256e-01

success = 1
