# Result for min over (Cvac,alpha) at 
kT = 1.3000e+00
mu = 2.9178e+00
Ngrid = 129

Cvac_min = 1.27299470e-04
alpha_min = 7.35914389e+01
freeEnergy_min = -4.14022178e+00
density_min = 9.53905894e-01

success = 1
