# Result for min over (Cvac,alpha) at 
kT = 1.1000e+00
mu = 4.5245e-01
Ngrid = 130

Cvac_min = 2.21089438e-04
alpha_min = 7.53910184e+01
freeEnergy_min = -2.65575075e+00
density_min = 9.31974151e-01

success = 1
