# Result for min over (Cvac,alpha) at 
kT = 9.0000e-01
mu = -2.3048e+00
Ngrid = 130

Cvac_min = 1.60522301e-04
alpha_min = 9.58396937e+01
freeEnergy_min = -1.32861543e+00
density_min = 9.32030610e-01

success = 1
