# Result for min over (Cvac,alpha) at 
kT = 8.8000e-01
mu = -3.0526e+00
Ngrid = 131

Cvac_min = 2.98704764e-04
alpha_min = 8.25460178e+01
freeEnergy_min = -7.96064575e-01
density_min = 9.10723032e-01

success = 1
