# Result for min over (Cvac,alpha) at 
kT = 1.3600e+00
mu = 3.1013e+00
Ngrid = 130

Cvac_min = 2.09720082e-04
alpha_min = 5.60710157e+01
freeEnergy_min = -4.10518717e+00
density_min = 9.31984749e-01

success = 1
