# Result for min over (Cvac,alpha) at 
kT = 8.0000e-01
mu = -4.7639e+00
Ngrid = 129

Cvac_min = 2.30491674e-04
alpha_min = 1.30191487e+02
freeEnergy_min = 1.12815397e-01
density_min = 9.53807446e-01

success = 1
