# Result for min over (Cvac,alpha) at 
kT = 1.1000e+00
mu = 6.5245e-01
Ngrid = 130

Cvac_min = 1.65851320e-04
alpha_min = 7.54079043e+01
freeEnergy_min = -2.84215092e+00
density_min = 9.32025642e-01

success = 1
