# Result for min over (Cvac,alpha) at 
kT = 1.0800e+00
mu = 3.9206e-01
Ngrid = 131

Cvac_min = 1.79404164e-04
alpha_min = 6.40324843e+01
freeEnergy_min = -2.69044759e+00
density_min = 9.10831715e-01

success = 1
