# Result for min over (Cvac,alpha) at 
kT = 9.8000e-01
mu = -1.4189e+00
Ngrid = 129

Cvac_min = 2.72049760e-04
alpha_min = 1.04231456e+02
freeEnergy_min = -1.57352224e+00
density_min = 9.53767799e-01

success = 1
