# Result for min over (Cvac,alpha) at 
kT = 7.4000e-01
mu = -5.4369e+00
Ngrid = 129

Cvac_min = 8.10366232e-05
alpha_min = 1.41295231e+02
freeEnergy_min = 7.65637408e-02
density_min = 9.53950030e-01

success = 1
