# Result for min over (Cvac,alpha) at 
kT = 7.6000e-01
mu = -5.3985e+00
Ngrid = 132

Cvac_min = 2.53901828e-04
alpha_min = 8.24757817e+01
freeEnergy_min = 2.53001513e-01
density_min = 8.90221085e-01

success = 1
