# Result for min over (Cvac,alpha) at 
kT = 9.6000e-01
mu = -1.5262e+00
Ngrid = 132

Cvac_min = 2.85509467e-04
alpha_min = 6.22899260e+01
freeEnergy_min = -1.60932654e+00
density_min = 8.90192940e-01

success = 1
