# Result for min over (Cvac,alpha) at 
kT = 1.0200e+00
mu = -4.3152e-01
Ngrid = 129

Cvac_min = 1.66363226e-04
alpha_min = 9.95846047e+01
freeEnergy_min = -2.25892153e+00
density_min = 9.53868627e-01

success = 1
