# Result for min over (Cvac,alpha) at 
kT = 8.2000e-01
mu = -3.9669e+00
Ngrid = 129

Cvac_min = 1.53613329e-04
alpha_min = 1.26849183e+02
freeEnergy_min = -4.44805240e-01
density_min = 9.53880790e-01

success = 1
