# Result for min over (Cvac,alpha) at 
kT = 1.0600e+00
mu = -7.5024e-02
Ngrid = 131

Cvac_min = 2.44323219e-04
alpha_min = 6.56243450e+01
freeEnergy_min = -2.36616066e+00
density_min = 9.10772574e-01

success = 1
