# Result for min over (Cvac,alpha) at 
kT = 1.1400e+00
mu = 7.5234e-01
Ngrid = 129

Cvac_min = 2.68499160e-04
alpha_min = 8.71499468e+01
freeEnergy_min = -2.73694277e+00
density_min = 9.53771186e-01

success = 1
