# Result for min over (Cvac,alpha) at 
kT = 9.6000e-01
mu = -1.3262e+00
Ngrid = 130

Cvac_min = 1.71335279e-04
alpha_min = 8.89858959e+01
freeEnergy_min = -1.80799654e+00
density_min = 9.32020530e-01

success = 1
