# Result for min over (Cvac,alpha) at 
kT = 1.1600e+00
mu = 1.3927e+00
Ngrid = 131

Cvac_min = 1.62751998e-04
alpha_min = 5.80039133e+01
freeEnergy_min = -3.23607333e+00
density_min = 9.10846885e-01

success = 1
