# Result for min over (Cvac,alpha) at 
kT = 9.4000e-01
mu = -2.0429e+00
Ngrid = 129

Cvac_min = 2.60026312e-04
alpha_min = 1.09254268e+02
freeEnergy_min = -1.25877137e+00
density_min = 9.53779269e-01

success = 1
