# Result for min over (Cvac,alpha) at 
kT = 9.8000e-01
mu = -1.4189e+00
Ngrid = 132

Cvac_min = 3.82651878e-04
alpha_min = 6.05997986e+01
freeEnergy_min = -1.58491852e+00
density_min = 8.90106440e-01

success = 1
