# Result for min over (Cvac,alpha) at 
kT = 9.0000e-01
mu = -2.5048e+00
Ngrid = 129

Cvac_min = 1.90262975e-04
alpha_min = 1.14686759e+02
freeEnergy_min = -1.12591454e+00
density_min = 9.53845826e-01

success = 1
