# Result for min over (Cvac,alpha) at 
kT = 1.3200e+00
mu = 2.7167e+00
Ngrid = 129

Cvac_min = 2.18174685e-04
alpha_min = 7.20390216e+01
freeEnergy_min = -3.87834298e+00
density_min = 9.53819197e-01

success = 1
