# Result for min over (Cvac,alpha) at 
kT = 1.4600e+00
mu = 4.1898e+00
Ngrid = 129

Cvac_min = 1.26985567e-04
alpha_min = 6.22984374e+01
freeEnergy_min = -4.85413896e+00
density_min = 9.53906194e-01

success = 1
