# Result for min over (Cvac,alpha) at 
kT = 8.2000e-01
mu = -4.1669e+00
Ngrid = 130

Cvac_min = 2.20796710e-04
alpha_min = 1.06218082e+02
freeEnergy_min = -2.77566519e-01
density_min = 9.31974423e-01

success = 1
