# Result for min over (Cvac,alpha) at 
kT = 1.3800e+00
mu = 3.6822e+00
Ngrid = 128

Cvac_min = 1.16839116e-04
alpha_min = 8.33605390e+01
freeEnergy_min = -4.60667416e+00
density_min = 9.76448399e-01

success = 1
