# Result for min over (Cvac,alpha) at 
kT = 1.3600e+00
mu = 3.3013e+00
Ngrid = 130

Cvac_min = 1.53081383e-04
alpha_min = 5.60886372e+01
freeEnergy_min = -4.29158971e+00
density_min = 9.32037546e-01

success = 1
