# Result for min over (Cvac,alpha) at 
kT = 1.2600e+00
mu = 2.5059e+00
Ngrid = 130

Cvac_min = 1.34269907e-04
alpha_min = 6.28302028e+01
freeEnergy_min = -3.88593088e+00
density_min = 9.32055082e-01

success = 1
