# Result for min over (Cvac,alpha) at 
kT = 7.0000e-01
mu = -6.2978e+00
Ngrid = 129

Cvac_min = 5.61364927e-05
alpha_min = 1.49596331e+02
freeEnergy_min = 3.76451893e-01
density_min = 9.53973786e-01

success = 1
