# Result for min over (Cvac,alpha) at 
kT = 9.6000e-01
mu = -1.7262e+00
Ngrid = 130

Cvac_min = 2.90254024e-04
alpha_min = 8.89519512e+01
freeEnergy_min = -1.43520868e+00
density_min = 9.31909677e-01

success = 1
