# Result for min over (Cvac,alpha) at 
kT = 1.0200e+00
mu = -6.3152e-01
Ngrid = 131

Cvac_min = 2.48935325e-04
alpha_min = 6.89837926e+01
freeEnergy_min = -2.07484342e+00
density_min = 9.10768372e-01

success = 1
