# Result for min over (Cvac,alpha) at 
kT = 7.6000e-01
mu = -4.9985e+00
Ngrid = 132

Cvac_min = 1.47873652e-04
alpha_min = 8.24990368e+01
freeEnergy_min = -1.03107369e-01
density_min = 8.90315498e-01

success = 1
