# Result for min over (Cvac,alpha) at 
kT = 1.0800e+00
mu = 1.9206e-01
Ngrid = 131

Cvac_min = 2.41319866e-04
alpha_min = 6.40168520e+01
freeEnergy_min = -2.50828664e+00
density_min = 9.10775310e-01

success = 1
