# Result for min over (Cvac,alpha) at 
kT = 1.2800e+00
mu = 2.3142e+00
Ngrid = 130

Cvac_min = 2.38344405e-04
alpha_min = 6.13886972e+01
freeEnergy_min = -3.63529790e+00
density_min = 9.31958066e-01

success = 1
