# Result for min over (Cvac,alpha) at 
kT = 8.0000e-01
mu = -4.5639e+00
Ngrid = 129

Cvac_min = 1.81287684e-04
alpha_min = 1.30209036e+02
freeEnergy_min = -7.79510471e-02
density_min = 9.53854388e-01

success = 1
