# Result for min over (Cvac,alpha) at 
kT = 1.1000e+00
mu = 2.5245e-01
Ngrid = 130

Cvac_min = 2.90378930e-04
alpha_min = 7.53690782e+01
freeEnergy_min = -2.46936208e+00
density_min = 9.31909560e-01

success = 1
