# Result for min over (Cvac,alpha) at 
kT = 1.0000e+00
mu = -9.2051e-01
Ngrid = 130

Cvac_min = 2.27543130e-04
alpha_min = 8.47783101e+01
freeEnergy_min = -1.92914725e+00
density_min = 9.31968135e-01

success = 1
