# Result for min over (Cvac,alpha) at 
kT = 7.8000e-01
mu = -4.9742e+00
Ngrid = 130

Cvac_min = 1.89249786e-04
alpha_min = 1.12090599e+02
freeEnergy_min = 7.55104112e-02
density_min = 9.32003831e-01

success = 1
