# Result for min over (Cvac,alpha) at 
kT = 9.8000e-01
mu = -1.4189e+00
Ngrid = 131

Cvac_min = 3.29189021e-04
alpha_min = 7.25284652e+01
freeEnergy_min = -1.59278390e+00
density_min = 9.10695261e-01

success = 1
