# Result for min over (Cvac,alpha) at 
kT = 1.3000e+00
mu = 2.9178e+00
Ngrid = 130

Cvac_min = 1.24625338e-04
alpha_min = 6.00495138e+01
freeEnergy_min = -4.12842262e+00
density_min = 9.32064073e-01

success = 1
