# Result for min over (Cvac,alpha) at 
kT = 7.6000e-01
mu = -5.5985e+00
Ngrid = 131

Cvac_min = 2.64361221e-04
alpha_min = 9.72617441e+01
freeEnergy_min = 4.29474352e-01
density_min = 9.10754319e-01

success = 1
