# Result for min over (Cvac,alpha) at 
kT = 1.2400e+00
mu = 2.2928e+00
Ngrid = 129

Cvac_min = 1.40761094e-04
alpha_min = 7.83693689e+01
freeEnergy_min = -3.76984342e+00
density_min = 9.53893052e-01

success = 1
