# Result for min over (Cvac,alpha) at 
kT = 1.4000e+00
mu = 3.4644e+00
Ngrid = 128

Cvac_min = 1.96489545e-04
alpha_min = 8.17395674e+01
freeEnergy_min = -4.33021205e+00
density_min = 9.76370616e-01

success = 1
