# Result for min over (Cvac,alpha) at 
kT = 1.5000e+00
mu = 4.3000e+00
Ngrid = 128

Cvac_min = 1.70086917e-04
alpha_min = 7.42784478e+01
freeEnergy_min = -4.85636445e+00
density_min = 9.76396399e-01

success = 1
