# Result for min over (Cvac,alpha) at 
kT = 1.0400e+00
mu = -1.4944e-01
Ngrid = 131

Cvac_min = 1.85190526e-04
alpha_min = 6.72994797e+01
freeEnergy_min = -2.40385081e+00
density_min = 9.10826443e-01

success = 1
