# Result for min over (Cvac,alpha) at 
kT = 1.2800e+00
mu = 2.5142e+00
Ngrid = 128

Cvac_min = 1.79382283e-04
alpha_min = 9.18779831e+01
freeEnergy_min = -3.81957671e+00
density_min = 9.76387322e-01

success = 1
