# Result for min over (Cvac,alpha) at 
kT = 9.4000e-01
mu = -1.6429e+00
Ngrid = 130

Cvac_min = 1.68964967e-04
alpha_min = 9.11904753e+01
freeEnergy_min = -1.65038337e+00
density_min = 9.32022740e-01

success = 1
