# Result for min over (Cvac,alpha) at 
kT = 8.0000e-01
mu = -4.7639e+00
Ngrid = 131

Cvac_min = 3.13788626e-04
alpha_min = 9.19490837e+01
freeEnergy_min = 7.29947991e-02
density_min = 9.10709291e-01

success = 1
