# Result for min over (Cvac,alpha) at 
kT = 1.2800e+00
mu = 2.3142e+00
Ngrid = 128

Cvac_min = 2.33398010e-04
alpha_min = 9.18576933e+01
freeEnergy_min = -3.62430421e+00
density_min = 9.76334572e-01

success = 1
