# Result for min over (Cvac,alpha) at 
kT = 1.3600e+00
mu = 3.3013e+00
Ngrid = 128

Cvac_min = 1.58998654e-04
alpha_min = 8.49740012e+01
freeEnergy_min = -4.30061900e+00
density_min = 9.76407228e-01

success = 1
