# Result for min over (Cvac,alpha) at 
kT = 1.4200e+00
mu = 4.0430e+00
Ngrid = 129

Cvac_min = 1.01199200e-04
alpha_min = 6.49579137e+01
freeEnergy_min = -4.82679946e+00
density_min = 9.53930795e-01

success = 1
