# Result for min over (Cvac,alpha) at 
kT = 1.4200e+00
mu = 3.8430e+00
Ngrid = 129

Cvac_min = 1.37881381e-04
alpha_min = 6.49447222e+01
freeEnergy_min = -4.63601659e+00
density_min = 9.53895799e-01

success = 1
