# Result for min over (Cvac,alpha) at 
kT = 7.0000e-01
mu = -6.8978e+00
Ngrid = 130

Cvac_min = 1.36762581e-04
alpha_min = 1.25526113e+02
freeEnergy_min = 9.22268693e-01
density_min = 9.32052758e-01

success = 1
