# Result for min over (Cvac,alpha) at 
kT = 1.4800e+00
mu = 4.7579e+00
Ngrid = 128

Cvac_min = 7.14319822e-05
alpha_min = 7.57498606e+01
freeEnergy_min = -5.35778103e+00
density_min = 9.76492742e-01

success = 1
