# Result for min over (Cvac,alpha) at 
kT = 1.3600e+00
mu = 3.3013e+00
Ngrid = 129

Cvac_min = 1.53021164e-04
alpha_min = 6.91235238e+01
freeEnergy_min = -4.30282871e+00
density_min = 9.53881355e-01

success = 1
