# Result for min over (Cvac,alpha) at 
kT = 1.1400e+00
mu = 7.5234e-01
Ngrid = 131

Cvac_min = 3.05924166e-04
alpha_min = 5.94116633e+01
freeEnergy_min = -2.73889432e+00
density_min = 9.10716456e-01

success = 1
