# Result for min over (Cvac,alpha) at 
kT = 8.6000e-01
mu = -3.2119e+00
Ngrid = 129

Cvac_min = 1.74271042e-04
alpha_min = 1.20522188e+02
freeEnergy_min = -7.90261476e-01
density_min = 9.53861082e-01

success = 1
