# Result for min over (Cvac,alpha) at 
kT = 8.0000e-01
mu = -4.5639e+00
Ngrid = 130

Cvac_min = 2.05604058e-04
alpha_min = 1.09093329e+02
freeEnergy_min = -1.01937623e-01
density_min = 9.31988586e-01

success = 1
