# Result for min over (Cvac,alpha) at 
kT = 1.2000e+00
mu = 1.6516e+00
Ngrid = 129

Cvac_min = 1.95444633e-04
alpha_min = 8.17448297e+01
freeEnergy_min = -3.32304416e+00
density_min = 9.53840882e-01

success = 1
