# Result for min over (Cvac,alpha) at 
kT = 1.3800e+00
mu = 3.4822e+00
Ngrid = 128

Cvac_min = 1.54919964e-04
alpha_min = 8.33479190e+01
freeEnergy_min = -4.41138803e+00
density_min = 9.76411211e-01

success = 1
