# Result for min over (Cvac,alpha) at 
kT = 1.3000e+00
mu = 2.5178e+00
Ngrid = 129

Cvac_min = 2.25285736e-04
alpha_min = 7.35593568e+01
freeEnergy_min = -3.75867646e+00
density_min = 9.53812413e-01

success = 1
