# Result for min over (Cvac,alpha) at 
kT = 1.3200e+00
mu = 2.9167e+00
Ngrid = 129

Cvac_min = 1.64501500e-04
alpha_min = 7.20571916e+01
freeEnergy_min = -4.06911216e+00
density_min = 9.53870403e-01

success = 1
