# Result for min over (Cvac,alpha) at 
kT = 1.1400e+00
mu = 7.5234e-01
Ngrid = 130

Cvac_min = 2.81492669e-04
alpha_min = 7.19782515e+01
freeEnergy_min = -2.74406379e+00
density_min = 9.31917844e-01

success = 1
