# Result for min over (Cvac,alpha) at 
kT = 1.0400e+00
mu = -5.4944e-01
Ngrid = 129

Cvac_min = 2.78616416e-04
alpha_min = 9.73145904e+01
freeEnergy_min = -2.02635064e+00
density_min = 9.53761534e-01

success = 1
