# Result for min over (Cvac,alpha) at 
kT = 1.4800e+00
mu = 4.3579e+00
Ngrid = 129

Cvac_min = 1.21826916e-04
alpha_min = 6.10135323e+01
freeEnergy_min = -4.96078487e+00
density_min = 9.53911115e-01

success = 1
