# Result for min over (Cvac,alpha) at 
kT = 1.0000e+00
mu = -7.2051e-01
Ngrid = 131

Cvac_min = 1.88216113e-04
alpha_min = 7.07593841e+01
freeEnergy_min = -2.10874188e+00
density_min = 9.10823687e-01

success = 1
