# Result for min over (Cvac,alpha) at 
kT = 1.2200e+00
mu = 2.0749e+00
Ngrid = 129

Cvac_min = 1.44982850e-04
alpha_min = 8.00433863e+01
freeEnergy_min = -3.64285001e+00
density_min = 9.53889024e-01

success = 1
