# Result for solid computation at 
kT = 3.0000e-01
mu = -1.1800e+01

Ngrid_min = 8.56117490e+01
Cvac_min = 9.54910962e-04
alpha_min = 1.32075795e+03
freeEnergy_min = 1.13730972e+00
density_min = 1.15284425e+00

success = 1
