# Result for solid computation at 
kT = 3.0000e-01
mu = -1.1200e+01

Ngrid_min = 8.55955149e+01
Cvac_min = 9.74853951e-04
alpha_min = 1.32137185e+03
freeEnergy_min = 4.45408655e-01
density_min = 1.15347723e+00

success = 1
