# Result for min over (Cvac,alpha) at 
kT = 3.0000e-01
mu = -1.1800e+01
Ngrid = 87

Cvac_min = 3.92982283e-04
alpha_min = 1.17087098e+03
freeEnergy_min = 2.52432980e+00
density_min = 1.09915242e+00

success = 1
