# Result for min over (Cvac,alpha) at 
kT = 3.0000e-01
mu = -1.1600e+01
Ngrid = 86

Cvac_min = 5.59636199e-04
alpha_min = 1.29755385e+03
freeEnergy_min = 1.01824466e+00
density_min = 1.13775307e+00

success = 1
