# Result for min over (Cvac,alpha) at 
kT = 3.0000e-01
mu = -1.1400e+01
Ngrid = 87

Cvac_min = 3.93862084e-04
alpha_min = 1.17070467e+03
freeEnergy_min = 2.08467651e+00
density_min = 1.09915146e+00

success = 1
