# Result for min over (Cvac,alpha) at 
kT = 3.0000e-01
mu = -1.1400e+01
Ngrid = 85

Cvac_min = 1.95292263e-03
alpha_min = 1.32783174e+03
freeEnergy_min = 9.35948550e-01
density_min = 1.17674125e+00

success = 1
