# Result for min over (Cvac,alpha) at 
kT = 3.0000e-01
mu = -1.2000e+01
Ngrid = 87

Cvac_min = 3.93599731e-04
alpha_min = 1.17120086e+03
freeEnergy_min = 2.74416244e+00
density_min = 1.09915174e+00

success = 1
