# Result for min over (Cvac,alpha) at 
kT = 3.0000e-01
mu = -1.2000e+01
Ngrid = 86

Cvac_min = 5.58247526e-04
alpha_min = 1.29752193e+03
freeEnergy_min = 1.47335281e+00
density_min = 1.13775466e+00

success = 1
