# Result for solid computation at 
kT = 1.0000e+00
mu = 5.2000e+00

Ngrid_min = 8.55835784e+01
Cvac_min = 2.44072406e-04
alpha_min = 7.28525752e+02
freeEnergy_min = -4.14612700e+00
density_min = 1.15481117e+00

success = 1
