# Result for min over (Cvac,alpha) at 
kT = 1.0000e+00
mu = 5.0000e+00
Ngrid = 85

Cvac_min = 2.91731367e-04
alpha_min = 9.33708380e+02
freeEnergy_min = -3.87862891e+00
density_min = 1.17869987e+00

success = 1
