a0 = -3.50148573e-01
a1 = 3.26721691e+00
a2 = -1.25853604e+01
a3 = 2.56234123e+01
a4 = -2.91520357e+01
a5 = 1.77138870e+01
a6 = -4.58538566e+00
