a0 = 1.94147362e+00
a1 = -1.82528427e+01
a2 = 7.11086103e+01
a3 = -1.46992234e+02
a4 = 1.70199466e+02
a5 = -1.04865024e+02
a6 = 2.69722628e+01
