a0 = -4.39580311e+01
a1 = 2.38085806e+02
a2 = -5.27639996e+02
a3 = 6.20710276e+02
a4 = -4.07909594e+02
a5 = 1.41888976e+02
a6 = -2.04050045e+01
