a0 = 6.50863954e+00
a1 = -2.99099347e+01
a2 = 6.59999902e+01
a3 = -7.72296250e+01
a4 = 5.05943200e+01
a5 = -1.75619165e+01
a6 = 2.52058006e+00
