a0 = 1.12683504e+02
a1 = -7.73392851e+02
a2 = 1.90076592e+03
a3 = -2.35506991e+03
a4 = 1.60179186e+03
a5 = -5.71727043e+02
a6 = 8.39364914e+01
