a0 = -7.39768044e+01
a1 = 3.46893296e+02
a2 = -8.32356518e+02
a3 = 1.18746088e+03
a4 = -1.01431273e+03
a5 = 4.81011232e+02
a6 = -9.78001809e+01
