a0 = -1.43800705e+02
a1 = 8.38076246e+02
a2 = -1.94799536e+03
a3 = 2.35211196e+03
a4 = -1.57609570e+03
a5 = 5.57078799e+02
a6 = -8.12202343e+01
