a0 = -4.51883380e+00
a1 = 5.34030917e+01
a2 = -2.12550753e+02
a3 = 4.46807573e+02
a4 = -5.24897575e+02
a5 = 3.26709205e+02
a6 = -8.42635456e+01
