# Result for fluid-solid coexistence at 
kT = 1.1000e+00

fluidType = liquid

muCoex = -1.89655888e-01
freeEnergyCoex = -2.34254963e+00
densitySolidCoex = 9.33443829e-01
NgridCoex = 1.29931615e+02
CvacCoex = 2.26296690e-04
alphaCoex = 7.66243881e+01
densityFluidCoex = 7.98904920e-01

success = 1
