# Result for fluid-solid coexistence at 
kT = 9.8000e-01

fluidType = liquid

muCoex = -1.95915042e+00
freeEnergyCoex = -1.40827009e+00
densitySolidCoex = 9.22521253e-01
NgridCoex = 1.30441266e+02
CvacCoex = 2.53280676e-04
alphaCoex = 8.04412243e+01
densityFluidCoex = 7.63786282e-01

success = 1
