# Result for fluid-solid coexistence at 
kT = 8.4000e-01

fluidType = liquid

muCoex = -4.47273798e+00
freeEnergyCoex = -1.86534460e-01
densitySolidCoex = 9.14016339e-01
NgridCoex = 1.30845399e+02
CvacCoex = 2.33096874e-04
alphaCoex = 8.96809485e+01
densityFluidCoex = 7.04376191e-01

success = 1
