# Result for fluid-solid coexistence at 
kT = 9.2000e-01

fluidType = liquid

muCoex = -2.96836121e+00
freeEnergyCoex = -9.03017476e-01
densitySolidCoex = 9.18041147e-01
NgridCoex = 1.30653109e+02
CvacCoex = 2.55044019e-04
alphaCoex = 8.35206361e+01
densityFluidCoex = 7.41977273e-01

success = 1
