# Result for fluid-solid coexistence at 
kT = 1.4000e+00

fluidType = liquid

muCoex = 3.19457943e+00
freeEnergyCoex = -4.31427282e+00
densitySolidCoex = 9.67123052e-01
NgridCoex = 1.28409074e+02
CvacCoex = 1.38585840e-04
alphaCoex = 7.52136615e+01
densityFluidCoex = 8.62301153e-01

success = 1
