# Result for fluid-solid coexistence at 
kT = 1.0200e+00

fluidType = liquid

muCoex = -1.33660450e+00
freeEnergyCoex = -1.72950938e+00
densitySolidCoex = 9.25810129e-01
NgridCoex = 1.30286746e+02
CvacCoex = 2.48024337e-04
alphaCoex = 7.87615328e+01
densityFluidCoex = 7.76443812e-01

success = 1
