# Result for fluid-solid coexistence at 
kT = 1.0600e+00

fluidType = liquid

muCoex = -7.47421161e-01
freeEnergyCoex = -2.04102581e+00
densitySolidCoex = 9.29382761e-01
NgridCoex = 1.30120002e+02
CvacCoex = 2.38783066e-04
alphaCoex = 7.74658885e+01
densityFluidCoex = 7.88100203e-01

success = 1
