# Result for fluid-solid coexistence at 
kT = 1.0400e+00

fluidType = liquid

muCoex = -1.03786410e+00
freeEnergyCoex = -1.88658344e+00
densitySolidCoex = 9.27539424e-01
NgridCoex = 1.30205937e+02
CvacCoex = 2.43343897e-04
alphaCoex = 7.80576064e+01
densityFluidCoex = 7.82391262e-01

success = 1
