# Result for fluid-solid coexistence at 
kT = 9.4000e-01

fluidType = liquid

muCoex = -2.62150465e+00
freeEnergyCoex = -1.07445015e+00
densitySolidCoex = 9.19420167e-01
NgridCoex = 1.30587715e+02
CvacCoex = 2.55689308e-04
alphaCoex = 8.23709436e+01
densityFluidCoex = 7.49686052e-01

success = 1
