# Result for fluid-solid coexistence at 
kT = 8.2000e-01

fluidType = liquid

muCoex = -4.88069354e+00
freeEnergyCoex = -1.33902755e-04
densitySolidCoex = 9.13521054e-01
NgridCoex = 1.30869480e+02
CvacCoex = 2.22390170e-04
alphaCoex = 9.17604699e+01
densityFluidCoex = 6.92280118e-01

success = 1
