# Result for fluid-solid coexistence at 
kT = 7.8000e-01

fluidType = liquid

muCoex = -5.73721554e+00
freeEnergyCoex = 3.78837084e-01
densitySolidCoex = 9.13432574e-01
NgridCoex = 1.30874933e+02
CvacCoex = 1.95317664e-04
alphaCoex = 9.68863677e+01
densityFluidCoex = 6.61346310e-01

success = 1
