# Result for fluid-solid coexistence at 
kT = 8.8000e-01

fluidType = liquid

muCoex = -3.69606854e+00
freeEnergyCoex = -5.50895554e-01
densitySolidCoex = 9.15690892e-01
NgridCoex = 1.30765055e+02
CvacCoex = 2.48282618e-04
alphaCoex = 8.62452183e+01
densityFluidCoex = 7.24816224e-01

success = 1
