# Result for fluid-solid coexistence at 
kT = 1.0000e+00

fluidType = liquid

muCoex = -1.64269477e+00
freeEnergyCoex = -1.57076449e+00
densitySolidCoex = 9.24218358e-01
NgridCoex = 1.30361410e+02
CvacCoex = 2.51508885e-04
alphaCoex = 7.96333571e+01
densityFluidCoex = 7.70293198e-01

success = 1
