# Result for solid computation at 
kT = 7.8000e-01
mu = -5.5022e+00

Ngrid_min = 1.30469551e+02
Cvac_min = 1.33422555e-04
alpha_min = 1.03679299e+02
freeEnergy_min = 1.62480687e-01
density_min = 9.22027320e-01

success = 1
