# Result for solid computation at 
kT = 1.3800e+00
mu = 2.7946e+00

Ngrid_min = 1.28857085e+02
Cvac_min = 1.93908470e-04
alpha_min = 6.99624108e+01
freeEnergy_min = -3.99447647e+00
density_min = 9.57020183e-01

success = 1
