# Result for solid computation at 
kT = 1.5000e+00
mu = 4.5000e+00

Ngrid_min = 1.27371063e+02
Cvac_min = 6.75957002e-05
alpha_min = 8.52369060e+01
freeEnergy_min = -5.28525877e+00
density_min = 9.91031816e-01

success = 1
