# Result for solid computation at 
kT = 1.3600e+00
mu = 3.0083e+00

Ngrid_min = 1.28328014e+02
Cvac_min = 1.13395598e-04
alpha_min = 7.96038185e+01
freeEnergy_min = -4.26893786e+00
density_min = 9.68981930e-01

success = 1
