# Result for solid computation at 
kT = 1.3800e+00
mu = 2.9946e+00

Ngrid_min = 1.28514476e+02
Cvac_min = 1.45231779e-04
alpha_min = 7.51729743e+01
freeEnergy_min = -4.18664899e+00
density_min = 9.64742611e-01

success = 1
