# Result for solid computation at 
kT = 7.6000e-01
mu = -6.1372e+00

Ngrid_min = 1.30768239e+02
Cvac_min = 1.63202418e-04
alpha_min = 1.01453294e+02
freeEnergy_min = 5.25315632e-01
density_min = 9.15698799e-01

success = 1
