# Result for solid computation at 
kT = 1.1200e+00
mu = 1.3843e-01

Ngrid_min = 1.29723806e+02
Cvac_min = 2.00524018e-04
alpha_min = 7.79016535e+01
freeEnergy_min = -2.54614035e+00
density_min = 9.37959971e-01

success = 1
