# Result for solid computation at 
kT = 1.3000e+00
mu = 2.4085e+00

Ngrid_min = 1.28597367e+02
Cvac_min = 1.23157302e-04
alpha_min = 8.01188945e+01
freeEnergy_min = -3.90836255e+00
density_min = 9.62899384e-01

success = 1
