# Result for solid computation at 
kT = 7.6000e-01
mu = -5.7372e+00

Ngrid_min = 1.30187731e+02
Cvac_min = 8.78741474e-05
alpha_min = 1.11902711e+02
freeEnergy_min = 1.55779248e-01
density_min = 9.28071119e-01

success = 1
