# Result for solid computation at 
kT = 1.1800e+00
mu = 8.7666e-01

Ngrid_min = 1.29450008e+02
Cvac_min = 1.90627285e-04
alpha_min = 7.67045032e+01
freeEnergy_min = -2.95127858e+00
density_min = 9.43930872e-01

success = 1
