# Result for solid computation at 
kT = 1.0800e+00
mu = -5.8966e-01

Ngrid_min = 1.30241205e+02
Cvac_min = 2.80894305e-04
alpha_min = 7.39380684e+01
freeEnergy_min = -2.07698150e+00
density_min = 9.26749346e-01

success = 1
