# Result for solid computation at 
kT = 8.2000e-01
mu = -4.6727e+00

Ngrid_min = 1.30490628e+02
Cvac_min = 1.58658424e-04
alpha_min = 9.78300078e+01
freeEnergy_min = -1.91516300e-01
density_min = 9.21557314e-01

success = 1
