# Result for solid computation at 
kT = 9.2000e-01
mu = -2.8215e+00

Ngrid_min = 1.30391826e+02
Cvac_min = 2.01437682e-04
alpha_min = 8.74010314e+01
freeEnergy_min = -1.03855391e+00
density_min = 9.23614445e-01

success = 1
