# Result for solid computation at 
kT = 1.3400e+00
mu = 2.8129e+00

Ngrid_min = 1.28411773e+02
Cvac_min = 1.16452924e-04
alpha_min = 7.98040546e+01
freeEnergy_min = -4.15073617e+00
density_min = 9.67083865e-01

success = 1
