# Result for solid computation at 
kT = 1.1000e+00
mu = -1.2209e-01

Ngrid_min = 1.29814253e+02
Cvac_min = 2.03592130e-04
alpha_min = 7.83377786e+01
freeEnergy_min = -2.40572862e+00
density_min = 9.35997595e-01

success = 1
