# Result for solid computation at 
kT = 1.5000e+00
mu = 3.9000e+00

Ngrid_min = 1.28215489e+02
Cvac_min = 1.51416024e-04
alpha_min = 7.10811251e+01
freeEnergy_min = -4.69573760e+00
density_min = 9.71498847e-01

success = 1
