# Result for solid computation at 
kT = 9.8000e-01
mu = -2.0427e+00

Ngrid_min = 1.30580996e+02
Cvac_min = 2.86762483e-04
alpha_min = 7.84632187e+01
freeEnergy_min = -1.33101118e+00
density_min = 9.19530407e-01

success = 1
