# Result for solid computation at 
kT = 1.4200e+00
mu = 3.1656e+00

Ngrid_min = 1.28646326e+02
Cvac_min = 1.81435695e-04
alpha_min = 7.02321475e+01
freeEnergy_min = -4.22192172e+00
density_min = 9.61744246e-01

success = 1
