# Result for solid computation at 
kT = 1.4200e+00
mu = 3.5656e+00

Ngrid_min = 1.28069683e+02
Cvac_min = 1.03645172e-04
alpha_min = 7.92571765e+01
freeEnergy_min = -4.60987899e+00
density_min = 9.74867935e-01

success = 1
