# Result for solid computation at 
kT = 1.4400e+00
mu = 3.7457e+00

Ngrid_min = 1.27976375e+02
Cvac_min = 1.01103090e-04
alpha_min = 7.93093050e+01
freeEnergy_min = -4.72261840e+00
density_min = 9.77004763e-01

success = 1
