# Result for solid computation at 
kT = 1.3000e+00
mu = 2.2085e+00

Ngrid_min = 1.28919670e+02
Cvac_min = 1.62790261e-04
alpha_min = 7.50251785e+01
freeEnergy_min = -3.71651033e+00
density_min = 9.55656584e-01

success = 1
