# Result for solid computation at 
kT = 1.1600e+00
mu = 6.3558e-01

Ngrid_min = 1.29536365e+02
Cvac_min = 1.94594576e-04
alpha_min = 7.72186903e+01
freeEnergy_min = -2.81677207e+00
density_min = 9.42043622e-01

success = 1
