# Result for solid computation at 
kT = 1.5000e+00
mu = 4.1000e+00

Ngrid_min = 1.27925781e+02
Cvac_min = 1.14675868e-04
alpha_min = 7.57175840e+01
freeEnergy_min = -4.89069983e+00
density_min = 9.78151370e-01

success = 1
