# Result for solid computation at 
kT = 7.8000e-01
mu = -5.9022e+00

Ngrid_min = 1.31160909e+02
Cvac_min = 2.57183902e-04
alpha_min = 9.22631786e+01
freeEnergy_min = 5.28976725e-01
density_min = 9.07412382e-01

success = 1
