# Result for solid computation at 
kT = 1.2000e+00
mu = 1.3119e+00

Ngrid_min = 1.29078566e+02
Cvac_min = 1.40880320e-04
alpha_min = 8.07461918e+01
freeEnergy_min = -3.27313879e+00
density_min = 9.52151833e-01

success = 1
