# Result for solid computation at 
kT = 7.2000e-01
mu = -6.7928e+00

Ngrid_min = 1.30276360e+02
Cvac_min = 8.13526862e-05
alpha_min = 1.16643014e+02
freeEnergy_min = 6.44220015e-01
density_min = 9.26183991e-01

success = 1
