# Result for solid computation at 
kT = 8.8000e-01
mu = -3.5264e+00

Ngrid_min = 1.30454011e+02
Cvac_min = 1.88377492e-04
alpha_min = 9.09718180e+01
freeEnergy_min = -7.07244451e-01
density_min = 9.22306184e-01

success = 1
