# Result for solid computation at 
kT = 9.2000e-01
mu = -2.6215e+00

Ngrid_min = 1.30095664e+02
Cvac_min = 1.49004055e-04
alpha_min = 9.21592609e+01
freeEnergy_min = -1.22391141e+00
density_min = 9.29986369e-01

success = 1
