# Result for solid computation at 
kT = 1.3800e+00
mu = 3.1946e+00

Ngrid_min = 1.28248610e+02
Cvac_min = 1.10984872e-04
alpha_min = 7.93505671e+01
freeEnergy_min = -4.38074524e+00
density_min = 9.70785476e-01

success = 1
