# Result for solid computation at 
kT = 1.4800e+00
mu = 3.6949e+00

Ngrid_min = 1.28355473e+02
Cvac_min = 1.64558960e-04
alpha_min = 7.03023623e+01
freeEnergy_min = -4.55353552e+00
density_min = 9.68310559e-01

success = 1
