# Result for solid computation at 
kT = 9.6000e-01
mu = -2.1592e+00

Ngrid_min = 1.30303287e+02
Cvac_min = 2.09394389e-04
alpha_min = 8.44771334e+01
freeEnergy_min = -1.35951712e+00
density_min = 9.25491324e-01

success = 1
