# Result for solid computation at 
kT = 1.0200e+00
mu = -1.0379e+00

Ngrid_min = 1.29800283e+02
Cvac_min = 1.57234773e-04
alpha_min = 8.61810440e+01
freeEnergy_min = -2.00760735e+00
density_min = 9.36343307e-01

success = 1
