# Result for solid computation at 
kT = 9.8000e-01
mu = -1.6427e+00

Ngrid_min = 1.29935551e+02
Cvac_min = 1.56143109e-04
alpha_min = 8.81560569e+01
freeEnergy_min = -1.70214570e+00
density_min = 9.33422534e-01

success = 1
