# Result for solid computation at 
kT = 1.1400e+00
mu = 3.9215e-01

Ngrid_min = 1.29628785e+02
Cvac_min = 1.97186342e-04
alpha_min = 7.75703545e+01
freeEnergy_min = -2.68432281e+00
density_min = 9.40027529e-01

success = 1
