# Result for solid computation at 
kT = 1.2400e+00
mu = 1.3657e+00

Ngrid_min = 1.29497269e+02
Cvac_min = 2.37768058e-04
alpha_min = 7.11535925e+01
freeEnergy_min = -3.15252637e+00
density_min = 9.42853263e-01

success = 1
