# Result for min over (Cvac,alpha) at 
kT = 1.0800e+00
mu = -5.8966e-01
Ngrid = 130

Cvac_min = 2.74329458e-04
alpha_min = 7.73760388e+01
freeEnergy_min = -2.07661329e+00
density_min = 9.31924521e-01

success = 1
