# Result for min over (Cvac,alpha) at 
kT = 1.1600e+00
mu = 4.3558e-01
Ngrid = 128

Cvac_min = 2.42316603e-04
alpha_min = 1.03937219e+02
freeEnergy_min = -2.60365807e+00
density_min = 9.76325863e-01

success = 1
