# Result for min over (Cvac,alpha) at 
kT = 1.3000e+00
mu = 2.2085e+00
Ngrid = 128

Cvac_min = 1.64885227e-04
alpha_min = 9.03285553e+01
freeEnergy_min = -3.71061566e+00
density_min = 9.76401479e-01

success = 1
