# Result for min over (Cvac,alpha) at 
kT = 1.0400e+00
mu = -1.1474e+00
Ngrid = 131

Cvac_min = 3.09835315e-04
alpha_min = 6.74451126e+01
freeEnergy_min = -1.78265525e+00
density_min = 9.10712893e-01

success = 1
