# Result for min over (Cvac,alpha) at 
kT = 1.0800e+00
mu = -5.8966e-01
Ngrid = 131

Cvac_min = 3.06533984e-04
alpha_min = 6.41770626e+01
freeEnergy_min = -2.07333748e+00
density_min = 9.10715900e-01

success = 1
