# Result for min over (Cvac,alpha) at 
kT = 1.2200e+00
mu = 1.3413e+00
Ngrid = 130

Cvac_min = 1.87202145e-04
alpha_min = 6.59315674e+01
freeEnergy_min = -3.20949181e+00
density_min = 9.32005740e-01

success = 1
