# Result for min over (Cvac,alpha) at 
kT = 1.4800e+00
mu = 3.8949e+00
Ngrid = 129

Cvac_min = 1.19925784e-04
alpha_min = 6.12108845e+01
freeEnergy_min = -4.74096710e+00
density_min = 9.53912929e-01

success = 1
