# Result for min over (Cvac,alpha) at 
kT = 7.6000e-01
mu = -5.7372e+00
Ngrid = 131

Cvac_min = 1.02072754e-04
alpha_min = 9.75734058e+01
freeEnergy_min = 1.61293156e-01
density_min = 9.10902163e-01

success = 1
