# Result for min over (Cvac,alpha) at 
kT = 1.2800e+00
mu = 1.9991e+00
Ngrid = 129

Cvac_min = 1.67462347e-04
alpha_min = 7.53631029e+01
freeEnergy_min = -3.59331175e+00
density_min = 9.53867578e-01

success = 1
