# Result for min over (Cvac,alpha) at 
kT = 9.6000e-01
mu = -2.3592e+00
Ngrid = 131

Cvac_min = 3.02140967e-04
alpha_min = 7.46158155e+01
freeEnergy_min = -1.17397414e+00
density_min = 9.10719902e-01

success = 1
