# Result for min over (Cvac,alpha) at 
kT = 1.5000e+00
mu = 4.5000e+00
Ngrid = 126

Cvac_min = 8.06331422e-05
alpha_min = 1.14726059e+02
freeEnergy_min = -5.26619862e+00
density_min = 1.02372497e+00

success = 1
