# Result for min over (Cvac,alpha) at 
kT = 1.3000e+00
mu = 2.0085e+00
Ngrid = 130

Cvac_min = 2.25677415e-04
alpha_min = 6.02072007e+01
freeEnergy_min = -3.52197646e+00
density_min = 9.31969874e-01

success = 1
