# Result for min over (Cvac,alpha) at 
kT = 1.3400e+00
mu = 2.8129e+00
Ngrid = 128

Cvac_min = 1.18825371e-04
alpha_min = 8.68896084e+01
freeEnergy_min = -4.14923187e+00
density_min = 9.76446460e-01

success = 1
