# Result for min over (Cvac,alpha) at 
kT = 1.3600e+00
mu = 2.8083e+00
Ngrid = 129

Cvac_min = 1.48247023e-04
alpha_min = 6.93393487e+01
freeEnergy_min = -4.07421607e+00
density_min = 9.53885910e-01

success = 1
