# Result for min over (Cvac,alpha) at 
kT = 1.4400e+00
mu = 3.5457e+00
Ngrid = 129

Cvac_min = 1.29124829e-04
alpha_min = 6.38095469e+01
freeEnergy_min = -4.52326688e+00
density_min = 9.53904153e-01

success = 1
