# Result for min over (Cvac,alpha) at 
kT = 1.0800e+00
mu = -3.8966e-01
Ngrid = 131

Cvac_min = 2.30127445e-04
alpha_min = 6.41994430e+01
freeEnergy_min = -2.25548791e+00
density_min = 9.10785506e-01

success = 1
