# Result for min over (Cvac,alpha) at 
kT = 7.2000e-01
mu = -7.1928e+00
Ngrid = 129

Cvac_min = 1.05922896e-04
alpha_min = 1.45816809e+02
freeEnergy_min = 1.04003378e+00
density_min = 9.53926288e-01

success = 1
