# Result for min over (Cvac,alpha) at 
kT = 1.3200e+00
mu = 2.4130e+00
Ngrid = 128

Cvac_min = 1.60663350e-04
alpha_min = 8.85858567e+01
freeEnergy_min = -3.83322838e+00
density_min = 9.76405602e-01

success = 1
