# Result for min over (Cvac,alpha) at 
kT = 7.2000e-01
mu = -6.9928e+00
Ngrid = 130

Cvac_min = 9.88053831e-05
alpha_min = 1.22332639e+02
freeEnergy_min = 8.31307081e-01
density_min = 9.32088141e-01

success = 1
