# Result for min over (Cvac,alpha) at 
kT = 1.0400e+00
mu = -7.4742e-01
Ngrid = 131

Cvac_min = 1.75038753e-04
alpha_min = 6.74897430e+01
freeEnergy_min = -2.14696714e+00
density_min = 9.10835692e-01

success = 1
