# Result for min over (Cvac,alpha) at 
kT = 1.0800e+00
mu = -1.8966e-01
Ngrid = 131

Cvac_min = 1.70885943e-04
alpha_min = 6.42145057e+01
freeEnergy_min = -2.43765068e+00
density_min = 9.10839475e-01

success = 1
