# Result for min over (Cvac,alpha) at 
kT = 7.4000e-01
mu = -6.7852e+00
Ngrid = 130

Cvac_min = 1.57629375e-04
alpha_min = 1.18875113e+02
freeEnergy_min = 8.92479401e-01
density_min = 9.32033307e-01

success = 1
