# Result for min over (Cvac,alpha) at 
kT = 1.1400e+00
mu = 5.9215e-01
Ngrid = 131

Cvac_min = 1.61985353e-04
alpha_min = 5.96279590e+01
freeEnergy_min = -2.85533852e+00
density_min = 9.10847583e-01

success = 1
