# Result for min over (Cvac,alpha) at 
kT = 1.3800e+00
mu = 2.7946e+00
Ngrid = 128

Cvac_min = 1.95270771e-04
alpha_min = 8.35564743e+01
freeEnergy_min = -3.98964809e+00
density_min = 9.76371806e-01

success = 1
