# Result for min over (Cvac,alpha) at 
kT = 9.2000e-01
mu = -2.8215e+00
Ngrid = 130

Cvac_min = 1.91744908e-04
alpha_min = 9.37470584e+01
freeEnergy_min = -1.03744103e+00
density_min = 9.32001505e-01

success = 1
