# Result for min over (Cvac,alpha) at 
kT = 8.4000e-01
mu = -4.4780e+00
Ngrid = 130

Cvac_min = 2.03190889e-04
alpha_min = 1.03784748e+02
freeEnergy_min = -1.77535281e-01
density_min = 9.31990835e-01

success = 1
