# Result for min over (Cvac,alpha) at 
kT = 9.0000e-01
mu = -3.3684e+00
Ngrid = 129

Cvac_min = 2.12657210e-04
alpha_min = 1.15028859e+02
freeEnergy_min = -6.68402521e-01
density_min = 9.53824461e-01

success = 1
