# Result for min over (Cvac,alpha) at 
kT = 8.6000e-01
mu = -3.8961e+00
Ngrid = 131

Cvac_min = 1.96233843e-04
alpha_min = 8.50228334e+01
freeEnergy_min = -5.35629015e-01
density_min = 9.10816383e-01

success = 1
