# Result for min over (Cvac,alpha) at 
kT = 1.0800e+00
mu = -1.8966e-01
Ngrid = 130

Cvac_min = 1.57906878e-04
alpha_min = 7.74145469e+01
freeEnergy_min = -2.44940653e+00
density_min = 9.32033048e-01

success = 1
