# Result for min over (Cvac,alpha) at 
kT = 7.2000e-01
mu = -6.9928e+00
Ngrid = 131

Cvac_min = 1.23352868e-04
alpha_min = 1.03362617e+02
freeEnergy_min = 8.30974931e-01
density_min = 9.10882777e-01

success = 1
