# Result for min over (Cvac,alpha) at 
kT = 1.1000e+00
mu = -3.2209e-01
Ngrid = 131

Cvac_min = 3.03930641e-04
alpha_min = 6.26061416e+01
freeEnergy_min = -2.21493029e+00
density_min = 9.10718272e-01

success = 1
