# Result for min over (Cvac,alpha) at 
kT = 1.4400e+00
mu = 3.5457e+00
Ngrid = 127

Cvac_min = 1.42215890e-04
alpha_min = 9.74575538e+01
freeEnergy_min = -4.51488619e+00
density_min = 9.99670834e-01

success = 1
