# Result for min over (Cvac,alpha) at 
kT = 7.6000e-01
mu = -5.7372e+00
Ngrid = 130

Cvac_min = 8.50736007e-05
alpha_min = 1.15613138e+02
freeEnergy_min = 1.56073780e-01
density_min = 9.32100942e-01

success = 1
