# Result for min over (Cvac,alpha) at 
kT = 9.0000e-01
mu = -3.3684e+00
Ngrid = 130

Cvac_min = 2.38762369e-04
alpha_min = 9.60951311e+01
freeEnergy_min = -6.86454981e-01
density_min = 9.31957676e-01

success = 1
