# Result for min over (Cvac,alpha) at 
kT = 8.6000e-01
mu = -4.0961e+00
Ngrid = 132

Cvac_min = 3.12449225e-04
alpha_min = 7.16211357e+01
freeEnergy_min = -3.46176043e-01
density_min = 8.90168952e-01

success = 1
