# Result for min over (Cvac,alpha) at 
kT = 9.0000e-01
mu = -3.3684e+00
Ngrid = 131

Cvac_min = 2.79057467e-04
alpha_min = 8.06275543e+01
freeEnergy_min = -6.89610116e-01
density_min = 9.10740931e-01

success = 1
