# Result for min over (Cvac,alpha) at 
kT = 1.2600e+00
mu = 1.7849e+00
Ngrid = 129

Cvac_min = 1.72174259e-04
alpha_min = 7.69584697e+01
freeEnergy_min = -3.46832540e+00
density_min = 9.53863083e-01

success = 1
