# Result for min over (Cvac,alpha) at 
kT = 9.2000e-01
mu = -2.6215e+00
Ngrid = 129

Cvac_min = 1.34474272e-04
alpha_min = 1.12292543e+02
freeEnergy_min = -1.21528819e+00
density_min = 9.53899050e-01

success = 1
