# Result for min over (Cvac,alpha) at 
kT = 1.1400e+00
mu = 1.9215e-01
Ngrid = 130

Cvac_min = 2.67434190e-04
alpha_min = 7.22041105e+01
freeEnergy_min = -2.49711316e+00
density_min = 9.31930949e-01

success = 1
