# Result for min over (Cvac,alpha) at 
kT = 1.2000e+00
mu = 1.3119e+00
Ngrid = 128

Cvac_min = 1.41029602e-04
alpha_min = 9.98137528e+01
freeEnergy_min = -3.26437488e+00
density_min = 9.76424776e-01

success = 1
