# Result for min over (Cvac,alpha) at 
kT = 1.1800e+00
mu = 8.7666e-01
Ngrid = 130

Cvac_min = 1.96079182e-04
alpha_min = 6.89982328e+01
freeEnergy_min = -2.94893857e+00
density_min = 9.31997465e-01

success = 1
