# Result for min over (Cvac,alpha) at 
kT = 1.3000e+00
mu = 2.4085e+00
Ngrid = 128

Cvac_min = 1.26230276e-04
alpha_min = 9.03505706e+01
freeEnergy_min = -3.90589995e+00
density_min = 9.76439228e-01

success = 1
