# Result for min over (Cvac,alpha) at 
kT = 8.4000e-01
mu = -4.2780e+00
Ngrid = 130

Cvac_min = 1.57493327e-04
alpha_min = 1.03799482e+02
freeEnergy_min = -3.63937822e-01
density_min = 9.32033434e-01

success = 1
