# Result for min over (Cvac,alpha) at 
kT = 9.4000e-01
mu = -2.6853e+00
Ngrid = 129

Cvac_min = 2.29818901e-04
alpha_min = 1.09597295e+02
freeEnergy_min = -9.96572255e-01
density_min = 9.53808088e-01

success = 1
