# Result for min over (Cvac,alpha) at 
kT = 8.8000e-01
mu = -3.3264e+00
Ngrid = 130

Cvac_min = 1.35631457e-04
alpha_min = 9.85874831e+01
freeEnergy_min = -8.92101181e-01
density_min = 9.32053813e-01

success = 1
