# Result for min over (Cvac,alpha) at 
kT = 9.0000e-01
mu = -2.9684e+00
Ngrid = 129

Cvac_min = 1.28826353e-04
alpha_min = 1.15056200e+02
freeEnergy_min = -1.04994962e+00
density_min = 9.53904438e-01

success = 1
