# Result for min over (Cvac,alpha) at 
kT = 1.3400e+00
mu = 2.8129e+00
Ngrid = 127

Cvac_min = 1.26052896e-04
alpha_min = 1.06792329e+02
freeEnergy_min = -4.13305356e+00
density_min = 9.99686994e-01

success = 1
