# Result for min over (Cvac,alpha) at 
kT = 7.6000e-01
mu = -6.3372e+00
Ngrid = 129

Cvac_min = 1.52175577e-04
alpha_min = 1.37871550e+02
freeEnergy_min = 7.39923246e-01
density_min = 9.53882162e-01

success = 1
