# Result for min over (Cvac,alpha) at 
kT = 9.8000e-01
mu = -2.0427e+00
Ngrid = 132

Cvac_min = 3.62857511e-04
alpha_min = 6.07449101e+01
freeEnergy_min = -1.32094043e+00
density_min = 8.90124066e-01

success = 1
