# Result for min over (Cvac,alpha) at 
kT = 8.4000e-01
mu = -4.4780e+00
Ngrid = 131

Cvac_min = 2.41558200e-04
alpha_min = 8.73191148e+01
freeEnergy_min = -1.81570059e-01
density_min = 9.10775093e-01

success = 1
