# Result for min over (Cvac,alpha) at 
kT = 1.0600e+00
mu = -6.6492e-01
Ngrid = 130

Cvac_min = 2.09982543e-04
alpha_min = 7.92264662e+01
freeEnergy_min = -2.11778833e+00
density_min = 9.31984504e-01

success = 1
