# Result for min over (Cvac,alpha) at 
kT = 1.3000e+00
mu = 2.2085e+00
Ngrid = 130

Cvac_min = 1.66671977e-04
alpha_min = 6.02296750e+01
freeEnergy_min = -3.70837624e+00
density_min = 9.32024877e-01

success = 1
