# Result for min over (Cvac,alpha) at 
kT = 7.6000e-01
mu = -6.1372e+00
Ngrid = 129

Cvac_min = 1.19733016e-04
alpha_min = 1.37876815e+02
freeEnergy_min = 5.49143579e-01
density_min = 9.53913113e-01

success = 1
