# Result for min over (Cvac,alpha) at 
kT = 8.2000e-01
mu = -4.4727e+00
Ngrid = 130

Cvac_min = 1.13914285e-04
alpha_min = 1.06579303e+02
freeEnergy_min = -3.76013453e-01
density_min = 9.32074057e-01

success = 1
