# Result for min over (Cvac,alpha) at 
kT = 1.4800e+00
mu = 3.6949e+00
Ngrid = 128

Cvac_min = 1.66104854e-04
alpha_min = 7.59215293e+01
freeEnergy_min = -4.55251741e+00
density_min = 9.76400288e-01

success = 1
