# Result for min over (Cvac,alpha) at 
kT = 8.4000e-01
mu = -4.0780e+00
Ngrid = 130

Cvac_min = 1.22151140e-04
alpha_min = 1.03810656e+02
freeEnergy_min = -5.50347924e-01
density_min = 9.32066379e-01

success = 1
