# Result for min over (Cvac,alpha) at 
kT = 8.8000e-01
mu = -3.7264e+00
Ngrid = 130

Cvac_min = 2.28299204e-04
alpha_min = 9.85630181e+01
freeEnergy_min = -5.19295684e-01
density_min = 9.31967430e-01

success = 1
