# Result for min over (Cvac,alpha) at 
kT = 1.3400e+00
mu = 2.8129e+00
Ngrid = 130

Cvac_min = 1.13260769e-04
alpha_min = 5.75784876e+01
freeEnergy_min = -4.13277363e+00
density_min = 9.32074666e-01

success = 1
