# Result for min over (Cvac,alpha) at 
kT = 1.2400e+00
mu = 1.3657e+00
Ngrid = 129

Cvac_min = 2.32639549e-04
alpha_min = 7.85745461e+01
freeEnergy_min = -3.15069398e+00
density_min = 9.53805397e-01

success = 1
