# Result for min over (Cvac,alpha) at 
kT = 1.0600e+00
mu = -4.6492e-01
Ngrid = 130

Cvac_min = 1.59567509e-04
alpha_min = 7.92358310e+01
freeEnergy_min = -2.30419013e+00
density_min = 9.32031500e-01

success = 1
