# Result for min over (Cvac,alpha) at 
kT = 1.4800e+00
mu = 4.0949e+00
Ngrid = 127

Cvac_min = 1.02010235e-04
alpha_min = 9.40378005e+01
freeEnergy_min = -4.93860333e+00
density_min = 9.99711032e-01

success = 1
