# Result for min over (Cvac,alpha) at 
kT = 7.6000e-01
mu = -5.9372e+00
Ngrid = 129

Cvac_min = 9.37851385e-05
alpha_min = 1.37886807e+02
freeEnergy_min = 3.58358364e-01
density_min = 9.53937868e-01

success = 1
