# Result for min over (Cvac,alpha) at 
kT = 1.2400e+00
mu = 1.3657e+00
Ngrid = 128

Cvac_min = 2.28700706e-04
alpha_min = 9.58394639e+01
freeEnergy_min = -3.13591386e+00
density_min = 9.76339159e-01

success = 1
