# Result for min over (Cvac,alpha) at 
kT = 1.5000e+00
mu = 4.5000e+00
Ngrid = 128

Cvac_min = 6.28027252e-05
alpha_min = 7.45296364e+01
freeEnergy_min = -5.28124802e+00
density_min = 9.76501169e-01

success = 1
