# Result for min over (Cvac,alpha) at 
kT = 8.6000e-01
mu = -3.6961e+00
Ngrid = 131

Cvac_min = 1.49895985e-04
alpha_min = 8.50329311e+01
freeEnergy_min = -7.17796751e-01
density_min = 9.10858596e-01

success = 1
