# Result for min over (Cvac,alpha) at 
kT = 7.2000e-01
mu = -7.1928e+00
Ngrid = 130

Cvac_min = 1.26747811e-04
alpha_min = 1.22323430e+02
freeEnergy_min = 1.01772215e+00
density_min = 9.32062094e-01

success = 1
