# Result for min over (Cvac,alpha) at 
kT = 7.0000e-01
mu = -7.4067e+00
Ngrid = 130

Cvac_min = 7.67610141e-05
alpha_min = 1.25949455e+02
freeEnergy_min = 9.46876261e-01
density_min = 9.32108691e-01

success = 1
