# Result for min over (Cvac,alpha) at 
kT = 1.4200e+00
mu = 3.3656e+00
Ngrid = 127

Cvac_min = 1.46661771e-04
alpha_min = 9.92272808e+01
freeEnergy_min = -4.40043289e+00
density_min = 9.99666389e-01

success = 1
