# Result for min over (Cvac,alpha) at 
kT = 7.2000e-01
mu = -6.5928e+00
Ngrid = 129

Cvac_min = 5.11405822e-05
alpha_min = 1.45839729e+02
freeEnergy_min = 4.67660396e-01
density_min = 9.53978552e-01

success = 1
