# Result for min over (Cvac,alpha) at 
kT = 1.3200e+00
mu = 2.2130e+00
Ngrid = 129

Cvac_min = 2.10194015e-04
alpha_min = 7.22636463e+01
freeEnergy_min = -3.64684783e+00
density_min = 9.53826811e-01

success = 1
