# Result for min over (Cvac,alpha) at 
kT = 1.5000e+00
mu = 3.9000e+00
Ngrid = 128

Cvac_min = 1.52574846e-04
alpha_min = 7.44967230e+01
freeEnergy_min = -4.69536997e+00
density_min = 9.76413501e-01

success = 1
