# Result for min over (Cvac,alpha) at 
kT = 1.3800e+00
mu = 2.9946e+00
Ngrid = 127

Cvac_min = 1.55094171e-04
alpha_min = 1.02912545e+02
freeEnergy_min = -4.16742305e+00
density_min = 9.99657958e-01

success = 1
