# Result for min over (Cvac,alpha) at 
kT = 7.0000e-01
mu = -7.0067e+00
Ngrid = 130

Cvac_min = 4.63454041e-05
alpha_min = 1.25958242e+02
freeEnergy_min = 5.74026699e-01
density_min = 9.32137044e-01

success = 1
