# Result for min over (Cvac,alpha) at 
kT = 1.1600e+00
mu = 6.3558e-01
Ngrid = 131

Cvac_min = 2.16158196e-04
alpha_min = 5.81599939e+01
freeEnergy_min = -2.80429781e+00
density_min = 9.10798232e-01

success = 1
