# Result for min over (Cvac,alpha) at 
kT = 1.2600e+00
mu = 1.9849e+00
Ngrid = 129

Cvac_min = 1.30040911e-04
alpha_min = 7.69714528e+01
freeEnergy_min = -3.65910222e+00
density_min = 9.53903279e-01

success = 1
