# Result for min over (Cvac,alpha) at 
kT = 8.6000e-01
mu = -4.0961e+00
Ngrid = 129

Cvac_min = 1.90543665e-04
alpha_min = 1.20891181e+02
freeEnergy_min = -3.30319319e-01
density_min = 9.53845558e-01

success = 1
