# Result for min over (Cvac,alpha) at 
kT = 7.8000e-01
mu = -5.9022e+00
Ngrid = 130

Cvac_min = 2.02849673e-04
alpha_min = 1.12440978e+02
freeEnergy_min = 5.37115076e-01
density_min = 9.31991153e-01

success = 1
