# Result for min over (Cvac,alpha) at 
kT = 1.1600e+00
mu = 4.3558e-01
Ngrid = 131

Cvac_min = 2.92700409e-04
alpha_min = 5.81357584e+01
freeEnergy_min = -2.62214487e+00
density_min = 9.10728502e-01

success = 1
