# Result for min over (Cvac,alpha) at 
kT = 7.4000e-01
mu = -6.5852e+00
Ngrid = 131

Cvac_min = 1.51874690e-04
alpha_min = 1.00388075e+02
freeEnergy_min = 7.03549502e-01
density_min = 9.10856794e-01

success = 1
