# Result for min over (Cvac,alpha) at 
kT = 8.2000e-01
mu = -4.8727e+00
Ngrid = 129

Cvac_min = 1.64282855e-04
alpha_min = 1.27254506e+02
freeEnergy_min = 1.69357742e-02
density_min = 9.53870611e-01

success = 1
