# Result for min over (Cvac,alpha) at 
kT = 1.4000e+00
mu = 2.9820e+00
Ngrid = 128

Cvac_min = 1.88813686e-04
alpha_min = 8.19625040e+01
freeEnergy_min = -4.10521572e+00
density_min = 9.76378112e-01

success = 1
