# Result for min over (Cvac,alpha) at 
kT = 1.0400e+00
mu = -9.4742e-01
Ngrid = 131

Cvac_min = 2.33075925e-04
alpha_min = 6.74741531e+01
freeEnergy_min = -1.96480505e+00
density_min = 9.10782820e-01

success = 1
