# Result for min over (Cvac,alpha) at 
kT = 8.6000e-01
mu = -3.6961e+00
Ngrid = 130

Cvac_min = 1.29722421e-04
alpha_min = 1.01147449e+02
freeEnergy_min = -7.22431335e-01
density_min = 9.32059321e-01

success = 1
