# Result for min over (Cvac,alpha) at 
kT = 9.8000e-01
mu = -1.8427e+00
Ngrid = 130

Cvac_min = 2.05283832e-04
alpha_min = 8.71090479e+01
freeEnergy_min = -1.51571507e+00
density_min = 9.31988884e-01

success = 1
