# Result for min over (Cvac,alpha) at 
kT = 1.4000e+00
mu = 3.3820e+00
Ngrid = 129

Cvac_min = 1.02845912e-04
alpha_min = 6.65283490e+01
freeEnergy_min = -4.49004522e+00
density_min = 9.53929224e-01

success = 1
