# Result for min over (Cvac,alpha) at 
kT = 1.4600e+00
mu = 3.9221e+00
Ngrid = 128

Cvac_min = 9.67883649e-05
alpha_min = 7.74135792e+01
freeEnergy_min = -4.83363140e+00
density_min = 9.76467980e-01

success = 1
