# Result for min over (Cvac,alpha) at 
kT = 7.0000e-01
mu = -7.2067e+00
Ngrid = 130

Cvac_min = 5.98362057e-05
alpha_min = 1.25955400e+02
freeEnergy_min = 7.60452895e-01
density_min = 9.32124468e-01

success = 1
