# Result for min over (Cvac,alpha) at 
kT = 1.4800e+00
mu = 3.6949e+00
Ngrid = 126

Cvac_min = 1.85881831e-04
alpha_min = 1.16653162e+02
freeEnergy_min = -4.50388088e+00
density_min = 1.02361722e+00

success = 1
