# Result for min over (Cvac,alpha) at 
kT = 7.8000e-01
mu = -5.5022e+00
Ngrid = 129

Cvac_min = 1.05656684e-04
alpha_min = 1.34190490e+02
freeEnergy_min = 1.80324182e-01
density_min = 9.53926542e-01

success = 1
