# Result for min over (Cvac,alpha) at 
kT = 1.4000e+00
mu = 3.1820e+00
Ngrid = 129

Cvac_min = 1.39271741e-04
alpha_min = 6.65151853e+01
freeEnergy_min = -4.29926269e+00
density_min = 9.53894473e-01

success = 1
