# Result for min over (Cvac,alpha) at 
kT = 7.2000e-01
mu = -6.9928e+00
Ngrid = 129

Cvac_min = 8.31973188e-05
alpha_min = 1.45831836e+02
freeEnergy_min = 8.49246233e-01
density_min = 9.53947969e-01

success = 1
