# Result for min over (Cvac,alpha) at 
kT = 8.0000e-01
mu = -4.8807e+00
Ngrid = 130

Cvac_min = 1.04527959e-04
alpha_min = 1.09463300e+02
freeEnergy_min = -1.99752748e-01
density_min = 9.32082807e-01

success = 1
