# Result for min over (Cvac,alpha) at 
kT = 1.2400e+00
mu = 1.5657e+00
Ngrid = 128

Cvac_min = 1.76807924e-04
alpha_min = 9.58591379e+01
freeEnergy_min = -3.33118695e+00
density_min = 9.76389836e-01

success = 1
