# Result for min over (Cvac,alpha) at 
kT = 1.0400e+00
mu = -7.4742e-01
Ngrid = 130

Cvac_min = 1.59707602e-04
alpha_min = 8.11174983e+01
freeEnergy_min = -2.15696037e+00
density_min = 9.32031370e-01

success = 1
