# Result for min over (Cvac,alpha) at 
kT = 7.8000e-01
mu = -5.5022e+00
Ngrid = 130

Cvac_min = 1.22827145e-04
alpha_min = 1.12464851e+02
freeEnergy_min = 1.64302381e-01
density_min = 9.32065749e-01

success = 1
