# Result for min over (Cvac,alpha) at 
kT = 9.0000e-01
mu = -3.1684e+00
Ngrid = 129

Cvac_min = 1.65497246e-04
alpha_min = 1.15045618e+02
freeEnergy_min = -8.59172112e-01
density_min = 9.53869453e-01

success = 1
