# Result for min over (Cvac,alpha) at 
kT = 8.8000e-01
mu = -3.3264e+00
Ngrid = 131

Cvac_min = 1.55904088e-04
alpha_min = 8.28066562e+01
freeEnergy_min = -8.87168701e-01
density_min = 9.10853123e-01

success = 1
