# Result for min over (Cvac,alpha) at 
kT = 1.1600e+00
mu = 8.3558e-01
Ngrid = 129

Cvac_min = 1.45641579e-04
alpha_min = 8.55924024e+01
freeEnergy_min = -3.00587042e+00
density_min = 9.53888396e-01

success = 1
