# Result for min over (Cvac,alpha) at 
kT = 1.2400e+00
mu = 1.5657e+00
Ngrid = 130

Cvac_min = 1.81821159e-04
alpha_min = 6.44564959e+01
freeEnergy_min = -3.33705004e+00
density_min = 9.32010756e-01

success = 1
