# Result for min over (Cvac,alpha) at 
kT = 1.3000e+00
mu = 2.0085e+00
Ngrid = 129

Cvac_min = 2.17048113e-04
alpha_min = 7.37841115e+01
freeEnergy_min = -3.52569586e+00
density_min = 9.53820272e-01

success = 1
