# Result for min over (Cvac,alpha) at 
kT = 1.3400e+00
mu = 2.4129e+00
Ngrid = 128

Cvac_min = 2.04244464e-04
alpha_min = 8.68574760e+01
freeEnergy_min = -3.75866857e+00
density_min = 9.76363043e-01

success = 1
