# Result for min over (Cvac,alpha) at 
kT = 7.8000e-01
mu = -5.3022e+00
Ngrid = 130

Cvac_min = 9.52401477e-05
alpha_min = 1.12472263e+02
freeEnergy_min = -2.21134806e-02
density_min = 9.32091465e-01

success = 1
