# Result for min over (Cvac,alpha) at 
kT = 9.2000e-01
mu = -3.0215e+00
Ngrid = 130

Cvac_min = 2.48668450e-04
alpha_min = 9.37252235e+01
freeEnergy_min = -8.51045761e-01
density_min = 9.31948442e-01

success = 1
