# Result for min over (Cvac,alpha) at 
kT = 9.8000e-01
mu = -2.0427e+00
Ngrid = 130

Cvac_min = 2.67326733e-04
alpha_min = 8.70904828e+01
freeEnergy_min = -1.32932291e+00
density_min = 9.31931049e-01

success = 1
