# Result for min over (Cvac,alpha) at 
kT = 8.2000e-01
mu = -4.8727e+00
Ngrid = 130

Cvac_min = 1.89150493e-04
alpha_min = 1.06556801e+02
freeEnergy_min = -3.19667129e-03
density_min = 9.32003923e-01

success = 1
