# Result for min over (Cvac,alpha) at 
kT = 8.2000e-01
mu = -4.6727e+00
Ngrid = 129

Cvac_min = 1.28129018e-04
alpha_min = 1.27264899e+02
freeEnergy_min = -1.73841940e-01
density_min = 9.53905103e-01

success = 1
