# Result for min over (Cvac,alpha) at 
kT = 1.1400e+00
mu = 3.9215e-01
Ngrid = 128

Cvac_min = 1.88724039e-04
alpha_min = 1.06134892e+02
freeEnergy_min = -2.66443059e+00
density_min = 9.76378199e-01

success = 1
