# Result for min over (Cvac,alpha) at 
kT = 8.2000e-01
mu = -4.8727e+00
Ngrid = 132

Cvac_min = 2.81759620e-04
alpha_min = 7.57815103e+01
freeEnergy_min = 1.59745118e-04
density_min = 8.90196279e-01

success = 1
