# Result for min over (Cvac,alpha) at 
kT = 9.6000e-01
mu = -2.3592e+00
Ngrid = 130

Cvac_min = 2.62216195e-04
alpha_min = 8.92240379e+01
freeEnergy_min = -1.17248139e+00
density_min = 9.31935813e-01

success = 1
