# Result for min over (Cvac,alpha) at 
kT = 7.8000e-01
mu = -5.3022e+00
Ngrid = 131

Cvac_min = 1.13116654e-04
alpha_min = 9.48545320e+01
freeEnergy_min = -1.73698510e-02
density_min = 9.10892102e-01

success = 1
