# Result for min over (Cvac,alpha) at 
kT = 1.2000e+00
mu = 9.1193e-01
Ngrid = 131

Cvac_min = 2.82498796e-04
alpha_min = 5.53375740e+01
freeEnergy_min = -2.88497699e+00
density_min = 9.10737796e-01

success = 1
