# Result for min over (Cvac,alpha) at 
kT = 9.8000e-01
mu = -1.6427e+00
Ngrid = 131

Cvac_min = 1.74865862e-04
alpha_min = 7.27769154e+01
freeEnergy_min = -1.69444576e+00
density_min = 9.10835849e-01

success = 1
