# Result for min over (Cvac,alpha) at 
kT = 1.1000e+00
mu = -3.2209e-01
Ngrid = 130

Cvac_min = 2.72816164e-04
alpha_min = 7.56083429e+01
freeEnergy_min = -2.21912488e+00
density_min = 9.31925932e-01

success = 1
