# Result for min over (Cvac,alpha) at 
kT = 1.3800e+00
mu = 2.9946e+00
Ngrid = 129

Cvac_min = 1.44191526e-04
alpha_min = 6.79129399e+01
freeEnergy_min = -4.18511561e+00
density_min = 9.53889779e-01

success = 1
