# Result for min over (Cvac,alpha) at 
kT = 1.0200e+00
mu = -1.2379e+00
Ngrid = 130

Cvac_min = 2.09847543e-04
alpha_min = 8.30396838e+01
freeEnergy_min = -1.82094431e+00
density_min = 9.31984630e-01

success = 1
