# Result for min over (Cvac,alpha) at 
kT = 1.0200e+00
mu = -1.0379e+00
Ngrid = 130

Cvac_min = 1.59634027e-04
alpha_min = 8.30570399e+01
freeEnergy_min = -2.00734608e+00
density_min = 9.32031438e-01

success = 1
