# Result for min over (Cvac,alpha) at 
kT = 1.2400e+00
mu = 1.7657e+00
Ngrid = 130

Cvac_min = 1.34406108e-04
alpha_min = 6.44715924e+01
freeEnergy_min = -3.52345677e+00
density_min = 9.32054955e-01

success = 1
