# Result for min over (Cvac,alpha) at 
kT = 1.2200e+00
mu = 1.5413e+00
Ngrid = 129

Cvac_min = 1.37196895e-04
alpha_min = 8.02850511e+01
freeEnergy_min = -3.40345570e+00
density_min = 9.53896452e-01

success = 1
