# Result for min over (Cvac,alpha) at 
kT = 1.1000e+00
mu = -1.2209e-01
Ngrid = 130

Cvac_min = 2.06380798e-04
alpha_min = 7.56247230e+01
freeEnergy_min = -2.40551642e+00
density_min = 9.31987862e-01

success = 1
