# Result for min over (Cvac,alpha) at 
kT = 1.2000e+00
mu = 9.1193e-01
Ngrid = 130

Cvac_min = 2.55967170e-04
alpha_min = 6.74262240e+01
freeEnergy_min = -2.89394271e+00
density_min = 9.31941638e-01

success = 1
