# Result for min over (Cvac,alpha) at 
kT = 1.0400e+00
mu = -1.1474e+00
Ngrid = 130

Cvac_min = 2.74787291e-04
alpha_min = 8.10792056e+01
freeEnergy_min = -1.78416765e+00
density_min = 9.31924095e-01

success = 1
