# Result for min over (Cvac,alpha) at 
kT = 7.2000e-01
mu = -6.7928e+00
Ngrid = 130

Cvac_min = 7.70482836e-05
alpha_min = 1.22338086e+02
freeEnergy_min = 6.44887370e-01
density_min = 9.32108423e-01

success = 1
