# Result for min over (Cvac,alpha) at 
kT = 1.3000e+00
mu = 2.4085e+00
Ngrid = 129

Cvac_min = 1.21907708e-04
alpha_min = 7.38179471e+01
freeEnergy_min = -3.90724380e+00
density_min = 9.53911038e-01

success = 1
