# Result for min over (Cvac,alpha) at 
kT = 1.2000e+00
mu = 1.3119e+00
Ngrid = 129

Cvac_min = 1.40806952e-04
alpha_min = 8.20070513e+01
freeEnergy_min = -3.27309229e+00
density_min = 9.53893008e-01

success = 1
