# Result for min over (Cvac,alpha) at 
kT = 7.4000e-01
mu = -6.5852e+00
Ngrid = 130

Cvac_min = 1.23326013e-04
alpha_min = 1.18887162e+02
freeEnergy_min = 7.06069486e-01
density_min = 9.32065284e-01

success = 1
