# Result for min over (Cvac,alpha) at 
kT = 1.4200e+00
mu = 3.5656e+00
Ngrid = 127

Cvac_min = 1.12793781e-04
alpha_min = 9.92430692e+01
freeEnergy_min = -4.60036970e+00
density_min = 9.99700251e-01

success = 1
