# Result for min over (Cvac,alpha) at 
kT = 1.1400e+00
mu = 5.9215e-01
Ngrid = 130

Cvac_min = 1.51422698e-04
alpha_min = 7.22349547e+01
freeEnergy_min = -2.86990903e+00
density_min = 9.32039093e-01

success = 1
