# Result for min over (Cvac,alpha) at 
kT = 1.2600e+00
mu = 1.5849e+00
Ngrid = 128

Cvac_min = 2.25080366e-04
alpha_min = 9.39547804e+01
freeEnergy_min = -3.26425593e+00
density_min = 9.76342695e-01

success = 1
