# Result for min over (Cvac,alpha) at 
kT = 1.0000e+00
mu = -1.3366e+00
Ngrid = 129

Cvac_min = 1.48903799e-04
alpha_min = 1.02198657e+02
freeEnergy_min = -1.85036183e+00
density_min = 9.53885283e-01

success = 1
