# Result for min over (Cvac,alpha) at 
kT = 1.4000e+00
mu = 2.9820e+00
Ngrid = 129

Cvac_min = 1.88258012e-04
alpha_min = 6.64993181e+01
freeEnergy_min = -4.10848823e+00
density_min = 9.53847738e-01

success = 1
