# Result for min over (Cvac,alpha) at 
kT = 8.0000e-01
mu = -4.8807e+00
Ngrid = 132

Cvac_min = 1.51002614e-04
alpha_min = 7.80080440e+01
freeEnergy_min = -1.79298800e-01
density_min = 8.90312712e-01

success = 1
