# Result for min over (Cvac,alpha) at 
kT = 8.0000e-01
mu = -5.0807e+00
Ngrid = 130

Cvac_min = 1.35298959e-04
alpha_min = 1.09456121e+02
freeEnergy_min = -1.33389282e-02
density_min = 9.32054123e-01

success = 1
