# Result for min over (Cvac,alpha) at 
kT = 7.6000e-01
mu = -6.3372e+00
Ngrid = 130

Cvac_min = 1.80409539e-04
alpha_min = 1.15585410e+02
freeEnergy_min = 7.15310828e-01
density_min = 9.32012072e-01

success = 1
