# Result for min over (Cvac,alpha) at 
kT = 1.2000e+00
mu = 9.1193e-01
Ngrid = 128

Cvac_min = 2.36506677e-04
alpha_min = 9.97713894e+01
freeEnergy_min = -2.87382214e+00
density_min = 9.76331536e-01

success = 1
