# Result for min over (Cvac,alpha) at 
kT = 1.3600e+00
mu = 3.0083e+00
Ngrid = 127

Cvac_min = 1.22324962e-04
alpha_min = 1.04837412e+02
freeEnergy_min = -4.25354676e+00
density_min = 9.99690721e-01

success = 1
