# Result for min over (Cvac,alpha) at 
kT = 1.3600e+00
mu = 3.0083e+00
Ngrid = 129

Cvac_min = 1.09961297e-04
alpha_min = 6.93527695e+01
freeEnergy_min = -4.26499706e+00
density_min = 9.53922436e-01

success = 1
