# Result for min over (Cvac,alpha) at 
kT = 8.2000e-01
mu = -4.4727e+00
Ngrid = 131

Cvac_min = 1.32829632e-04
alpha_min = 8.97488513e+01
freeEnergy_min = -3.71623676e-01
density_min = 9.10874144e-01

success = 1
