# Result for min over (Cvac,alpha) at 
kT = 7.6000e-01
mu = -5.9372e+00
Ngrid = 130

Cvac_min = 1.09797120e-04
alpha_min = 1.15604431e+02
freeEnergy_min = 3.42491783e-01
density_min = 9.32077895e-01

success = 1
