# Result for min over (Cvac,alpha) at 
kT = 1.4400e+00
mu = 3.3457e+00
Ngrid = 130

Cvac_min = 1.83149604e-04
alpha_min = 5.13459524e+01
freeEnergy_min = -4.32045230e+00
density_min = 9.32009517e-01

success = 1
