# Result for min over (Cvac,alpha) at 
kT = 1.1200e+00
mu = -6.1570e-02
Ngrid = 131

Cvac_min = 3.00066015e-04
alpha_min = 6.10766484e+01
freeEnergy_min = -2.35415319e+00
density_min = 9.10721792e-01

success = 1
