# Result for min over (Cvac,alpha) at 
kT = 1.3600e+00
mu = 2.6083e+00
Ngrid = 129

Cvac_min = 1.98795386e-04
alpha_min = 6.93238072e+01
freeEnergy_min = -3.88344350e+00
density_min = 9.53837685e-01

success = 1
