# Result for min over (Cvac,alpha) at 
kT = 1.1800e+00
mu = 6.7666e-01
Ngrid = 128

Cvac_min = 2.39938137e-04
alpha_min = 1.01821770e+02
freeEnergy_min = -2.73974267e+00
density_min = 9.76328185e-01

success = 1
