# Result for min over (Cvac,alpha) at 
kT = 7.6000e-01
mu = -6.3372e+00
Ngrid = 131

Cvac_min = 2.22968298e-04
alpha_min = 9.75359516e+01
freeEnergy_min = 7.07805457e-01
density_min = 9.10792028e-01

success = 1
