# Result for min over (Cvac,alpha) at 
kT = 9.2000e-01
mu = -2.8215e+00
Ngrid = 131

Cvac_min = 2.18863105e-04
alpha_min = 7.85727369e+01
freeEnergy_min = -1.03587278e+00
density_min = 9.10795768e-01

success = 1
