# Result for min over (Cvac,alpha) at 
kT = 1.2200e+00
mu = 1.1413e+00
Ngrid = 128

Cvac_min = 2.33477999e-04
alpha_min = 9.77811189e+01
freeEnergy_min = -3.00565479e+00
density_min = 9.76334494e-01

success = 1
