# Result for min over (Cvac,alpha) at 
kT = 9.0000e-01
mu = -3.1684e+00
Ngrid = 130

Cvac_min = 1.85071365e-04
alpha_min = 9.61177201e+01
freeEnergy_min = -8.72851748e-01
density_min = 9.32007726e-01

success = 1
