# Result for min over (Cvac,alpha) at 
kT = 7.4000e-01
mu = -6.3852e+00
Ngrid = 131

Cvac_min = 1.17644355e-04
alpha_min = 1.00401030e+02
freeEnergy_min = 5.21374919e-01
density_min = 9.10887978e-01

success = 1
