# Result for min over (Cvac,alpha) at 
kT = 1.5000e+00
mu = 4.1000e+00
Ngrid = 129

Cvac_min = 1.08679459e-04
alpha_min = 5.99558041e+01
freeEnergy_min = -4.88164609e+00
density_min = 9.53923658e-01

success = 1
