# Result for min over (Cvac,alpha) at 
kT = 1.4200e+00
mu = 3.1656e+00
Ngrid = 127

Cvac_min = 1.90083925e-04
alpha_min = 9.92121101e+01
freeEnergy_min = -4.20050380e+00
density_min = 9.99622975e-01

success = 1
