# Result for min over (Cvac,alpha) at 
kT = 1.4600e+00
mu = 3.5221e+00
Ngrid = 129

Cvac_min = 1.69867521e-04
alpha_min = 6.24827378e+01
freeEnergy_min = -4.44211137e+00
density_min = 9.53865283e-01

success = 1
