# Result for min over (Cvac,alpha) at 
kT = 8.8000e-01
mu = -3.7264e+00
Ngrid = 131

Cvac_min = 2.68148325e-04
alpha_min = 8.27809432e+01
freeEnergy_min = -5.22846198e-01
density_min = 9.10750869e-01

success = 1
