# Result for min over (Cvac,alpha) at 
kT = 1.0800e+00
mu = -5.8966e-01
Ngrid = 129

Cvac_min = 2.55271257e-04
alpha_min = 9.33539473e+01
freeEnergy_min = -2.06723117e+00
density_min = 9.53783806e-01

success = 1
