# Result for min over (Cvac,alpha) at 
kT = 1.3800e+00
mu = 3.1946e+00
Ngrid = 129

Cvac_min = 1.07094725e-04
alpha_min = 6.79294540e+01
freeEnergy_min = -4.37589728e+00
density_min = 9.53925170e-01

success = 1
