# Result for min over (Cvac,alpha) at 
kT = 1.4400e+00
mu = 3.3457e+00
Ngrid = 127

Cvac_min = 1.84756804e-04
alpha_min = 9.74365822e+01
freeEnergy_min = -4.31495612e+00
density_min = 9.99628301e-01

success = 1
