# Result for min over (Cvac,alpha) at 
kT = 7.0000e-01
mu = -7.4067e+00
Ngrid = 131

Cvac_min = 9.62459874e-05
alpha_min = 1.06476825e+02
freeEnergy_min = 9.49240249e-01
density_min = 9.10907471e-01

success = 1
