# Result for min over (Cvac,alpha) at 
kT = 8.2000e-01
mu = -5.0727e+00
Ngrid = 131

Cvac_min = 2.94106631e-04
alpha_min = 8.97013374e+01
freeEnergy_min = 1.74862219e-01
density_min = 9.10727221e-01

success = 1
