# Result for min over (Cvac,alpha) at 
kT = 9.6000e-01
mu = -2.1592e+00
Ngrid = 131

Cvac_min = 2.29128976e-04
alpha_min = 7.46341869e+01
freeEnergy_min = -1.35612518e+00
density_min = 9.10786416e-01

success = 1
