# Result for min over (Cvac,alpha) at 
kT = 7.4000e-01
mu = -6.1852e+00
Ngrid = 131

Cvac_min = 9.02123434e-05
alpha_min = 1.00404799e+02
freeEnergy_min = 3.39194718e-01
density_min = 9.10912968e-01

success = 1
