# Result for min over (Cvac,alpha) at 
kT = 7.0000e-01
mu = -7.0067e+00
Ngrid = 129

Cvac_min = 3.93471074e-05
alpha_min = 1.50113926e+02
freeEnergy_min = 5.80832043e-01
density_min = 9.53989803e-01

success = 1
