# Result for min over (Cvac,alpha) at 
kT = 1.0200e+00
mu = -1.0379e+00
Ngrid = 131

Cvac_min = 1.75658589e-04
alpha_min = 6.91978293e+01
freeEnergy_min = -1.99817939e+00
density_min = 9.10835127e-01

success = 1
