# Result for min over (Cvac,alpha) at 
kT = 1.2800e+00
mu = 1.9991e+00
Ngrid = 128

Cvac_min = 1.69152813e-04
alpha_min = 9.21320136e+01
freeEnergy_min = -3.58599152e+00
density_min = 9.76397312e-01

success = 1
