# Result for min over (Cvac,alpha) at 
kT = 1.2000e+00
mu = 1.1119e+00
Ngrid = 130

Cvac_min = 1.90871971e-04
alpha_min = 6.74470826e+01
freeEnergy_min = -3.08033733e+00
density_min = 9.32002319e-01

success = 1
