# Result for min over (Cvac,alpha) at 
kT = 8.2000e-01
mu = -5.0727e+00
Ngrid = 129

Cvac_min = 2.09341662e-04
alpha_min = 1.27235703e+02
freeEnergy_min = 2.07705829e-01
density_min = 9.53827624e-01

success = 1
