# Result for min over (Cvac,alpha) at 
kT = 1.0200e+00
mu = -1.4379e+00
Ngrid = 131

Cvac_min = 3.10683051e-04
alpha_min = 6.91620841e+01
freeEnergy_min = -1.63386766e+00
density_min = 9.10712120e-01

success = 1
