# Result for min over (Cvac,alpha) at 
kT = 8.8000e-01
mu = -3.5264e+00
Ngrid = 129

Cvac_min = 1.57476018e-04
alpha_min = 1.17912750e+02
freeEnergy_min = -6.91343768e-01
density_min = 9.53877105e-01

success = 1
