# Result for min over (Cvac,alpha) at 
kT = 1.3200e+00
mu = 2.4130e+00
Ngrid = 129

Cvac_min = 1.58723685e-04
alpha_min = 7.22807559e+01
freeEnergy_min = -3.83761833e+00
density_min = 9.53875915e-01

success = 1
