# Result for min over (Cvac,alpha) at 
kT = 8.0000e-01
mu = -5.2807e+00
Ngrid = 129

Cvac_min = 1.49715464e-04
alpha_min = 1.30637461e+02
freeEnergy_min = 1.93415040e-01
density_min = 9.53884509e-01

success = 1
