# Result for min over (Cvac,alpha) at 
kT = 1.3600e+00
mu = 3.0083e+00
Ngrid = 130

Cvac_min = 1.09201744e-04
alpha_min = 5.62853530e+01
freeEnergy_min = -4.24889885e+00
density_min = 9.32078450e-01

success = 1
