# Result for min over (Cvac,alpha) at 
kT = 8.4000e-01
mu = -4.2780e+00
Ngrid = 129

Cvac_min = 1.38530322e-04
alpha_min = 1.24018402e+02
freeEnergy_min = -3.48532439e-01
density_min = 9.53895180e-01

success = 1
