# Result for min over (Cvac,alpha) at 
kT = 7.8000e-01
mu = -5.5022e+00
Ngrid = 131

Cvac_min = 1.47339364e-04
alpha_min = 9.48426189e+01
freeEnergy_min = 1.64805558e-01
density_min = 9.10860926e-01

success = 1
