# Result for min over (Cvac,alpha) at 
kT = 7.4000e-01
mu = -6.3852e+00
Ngrid = 129

Cvac_min = 8.14292625e-05
alpha_min = 1.41767377e+02
freeEnergy_min = 5.35107040e-01
density_min = 9.53949656e-01

success = 1
