# Result for min over (Cvac,alpha) at 
kT = 8.0000e-01
mu = -5.4807e+00
Ngrid = 130

Cvac_min = 2.23043134e-04
alpha_min = 1.09432525e+02
freeEnergy_min = 3.59467680e-01
density_min = 9.31972329e-01

success = 1
