# Result for min over (Cvac,alpha) at 
kT = 1.0600e+00
mu = -8.6492e-01
Ngrid = 131

Cvac_min = 3.08796745e-04
alpha_min = 6.57918772e+01
freeEnergy_min = -1.92902252e+00
density_min = 9.10713839e-01

success = 1
