# Result for min over (Cvac,alpha) at 
kT = 1.0400e+00
mu = -9.4742e-01
Ngrid = 129

Cvac_min = 1.95819489e-04
alpha_min = 9.76348551e+01
freeEnergy_min = -1.96331954e+00
density_min = 9.53840524e-01

success = 1
