# Result for min over (Cvac,alpha) at 
kT = 1.0000e+00
mu = -1.3366e+00
Ngrid = 130

Cvac_min = 1.59183513e-04
alpha_min = 8.50572048e+01
freeEnergy_min = -1.85532474e+00
density_min = 9.32031858e-01

success = 1
