# Result for min over (Cvac,alpha) at 
kT = 1.1800e+00
mu = 1.0767e+00
Ngrid = 131

Cvac_min = 1.55038375e-04
alpha_min = 5.67617914e+01
freeEnergy_min = -3.11889690e+00
density_min = 9.10853912e-01

success = 1
