# Result for min over (Cvac,alpha) at 
kT = 7.8000e-01
mu = -5.7022e+00
Ngrid = 130

Cvac_min = 1.57548525e-04
alpha_min = 1.12452529e+02
freeEnergy_min = 3.50712431e-01
density_min = 9.32033382e-01

success = 1
