# Result for min over (Cvac,alpha) at 
kT = 9.6000e-01
mu = -1.9592e+00
Ngrid = 131

Cvac_min = 1.72499086e-04
alpha_min = 7.46493093e+01
freeEnergy_min = -1.53828784e+00
density_min = 9.10838005e-01

success = 1
