# Result for min over (Cvac,alpha) at 
kT = 1.3200e+00
mu = 2.6130e+00
Ngrid = 128

Cvac_min = 1.22140634e-04
alpha_min = 8.85994426e+01
freeEnergy_min = -4.02851342e+00
density_min = 9.76443222e-01

success = 1
