# Result for min over (Cvac,alpha) at 
kT = 1.3200e+00
mu = 2.6130e+00
Ngrid = 127

Cvac_min = 1.29084346e-04
alpha_min = 1.08797550e+02
freeEnergy_min = -4.01058941e+00
density_min = 9.99683963e-01

success = 1
