# Result for min over (Cvac,alpha) at 
kT = 9.4000e-01
mu = -2.4853e+00
Ngrid = 130

Cvac_min = 1.96959655e-04
alpha_min = 9.14558405e+01
freeEnergy_min = -1.19944743e+00
density_min = 9.31996644e-01

success = 1
