# Result for min over (Cvac,alpha) at 
kT = 8.4000e-01
mu = -4.4780e+00
Ngrid = 129

Cvac_min = 1.77236535e-04
alpha_min = 1.24006257e+02
freeEnergy_min = -1.57757015e-01
density_min = 9.53858253e-01

success = 1
