# Result for min over (Cvac,alpha) at 
kT = 1.2400e+00
mu = 1.7657e+00
Ngrid = 129

Cvac_min = 1.33456666e-04
alpha_min = 7.86068790e+01
freeEnergy_min = -3.53223662e+00
density_min = 9.53900020e-01

success = 1
