# Result for min over (Cvac,alpha) at 
kT = 1.1600e+00
mu = 6.3558e-01
Ngrid = 130

Cvac_min = 1.99629063e-04
alpha_min = 7.05879677e+01
freeEnergy_min = -2.81552037e+00
density_min = 9.31994156e-01

success = 1
