# Result for min over (Cvac,alpha) at 
kT = 1.1600e+00
mu = 8.3558e-01
Ngrid = 130

Cvac_min = 1.49566008e-04
alpha_min = 7.06073324e+01
freeEnergy_min = -3.00192409e+00
density_min = 9.32040823e-01

success = 1
