# Result for min over (Cvac,alpha) at 
kT = 7.0000e-01
mu = -7.2067e+00
Ngrid = 129

Cvac_min = 5.01514257e-05
alpha_min = 1.50111434e+02
freeEnergy_min = 7.71628994e-01
density_min = 9.53979496e-01

success = 1
