# Result for min over (Cvac,alpha) at 
kT = 1.4800e+00
mu = 4.0949e+00
Ngrid = 126

Cvac_min = 1.12527575e-04
alpha_min = 1.16685079e+02
freeEnergy_min = -4.91334390e+00
density_min = 1.02369232e+00

success = 1
