# Result for min over (Cvac,alpha) at 
kT = 1.4800e+00
mu = 3.8949e+00
Ngrid = 128

Cvac_min = 1.24952858e-04
alpha_min = 7.59375510e+01
freeEnergy_min = -4.74780167e+00
density_min = 9.76440476e-01

success = 1
