# Result for min over (Cvac,alpha) at 
kT = 1.4600e+00
mu = 3.9221e+00
Ngrid = 127

Cvac_min = 1.05422317e-04
alpha_min = 9.57351618e+01
freeEnergy_min = -4.82749975e+00
density_min = 9.99707621e-01

success = 1
