# Result for min over (Cvac,alpha) at 
kT = 1.4000e+00
mu = 3.3820e+00
Ngrid = 127

Cvac_min = 1.16422900e-04
alpha_min = 1.01063808e+02
freeEnergy_min = -4.48462793e+00
density_min = 9.99696622e-01

success = 1
