# Result for min over (Cvac,alpha) at 
kT = 1.5000e+00
mu = 4.3000e+00
Ngrid = 128

Cvac_min = 8.48029695e-05
alpha_min = 7.45194887e+01
freeEnergy_min = -5.08594982e+00
density_min = 9.76479685e-01

success = 1
