# Result for min over (Cvac,alpha) at 
kT = 1.2400e+00
mu = 1.3657e+00
Ngrid = 130

Cvac_min = 2.45093251e-04
alpha_min = 6.44373035e+01
freeEnergy_min = -3.15065350e+00
density_min = 9.31951775e-01

success = 1
