# Result for min over (Cvac,alpha) at 
kT = 9.6000e-01
mu = -1.9592e+00
Ngrid = 129

Cvac_min = 1.42948673e-04
alpha_min = 1.07069277e+02
freeEnergy_min = -1.53842232e+00
density_min = 9.53890965e-01

success = 1
