# Result for min over (Cvac,alpha) at 
kT = 1.2000e+00
mu = 1.1119e+00
Ngrid = 128

Cvac_min = 1.82978976e-04
alpha_min = 9.97932253e+01
freeEnergy_min = -3.06909388e+00
density_min = 9.76383810e-01

success = 1
