# Result for min over (Cvac,alpha) at 
kT = 1.0200e+00
mu = -1.0379e+00
Ngrid = 129

Cvac_min = 1.50296491e-04
alpha_min = 9.98885796e+01
freeEnergy_min = -2.00341219e+00
density_min = 9.53883955e-01

success = 1
