# Result for min over (Cvac,alpha) at 
kT = 8.8000e-01
mu = -3.3264e+00
Ngrid = 129

Cvac_min = 1.22814653e-04
alpha_min = 1.17932057e+02
freeEnergy_min = -8.82122618e-01
density_min = 9.53910173e-01

success = 1
