# Result for min over (Cvac,alpha) at 
kT = 1.3600e+00
mu = 2.8083e+00
Ngrid = 128

Cvac_min = 1.51956240e-04
alpha_min = 8.52050888e+01
freeEnergy_min = -4.07271230e+00
density_min = 9.76414105e-01

success = 1
