# Result for min over (Cvac,alpha) at 
kT = 1.2000e+00
mu = 1.3119e+00
Ngrid = 130

Cvac_min = 1.42728780e-04
alpha_min = 6.74608963e+01
freeEnergy_min = -3.26674244e+00
density_min = 9.32047197e-01

success = 1
