# Result for min over (Cvac,alpha) at 
kT = 1.1800e+00
mu = 8.7666e-01
Ngrid = 128

Cvac_min = 1.86041787e-04
alpha_min = 1.01846919e+02
freeEnergy_min = -2.93501387e+00
density_min = 9.76380819e-01

success = 1
