# Result for min over (Cvac,alpha) at 
kT = 1.5000e+00
mu = 3.9000e+00
Ngrid = 126

Cvac_min = 1.73317156e-04
alpha_min = 1.14680852e+02
freeEnergy_min = -4.65198854e+00
density_min = 1.02363008e+00

success = 1
