# Result for min over (Cvac,alpha) at 
kT = 1.1000e+00
mu = 7.7912e-02
Ngrid = 131

Cvac_min = 1.67856530e-04
alpha_min = 6.26454960e+01
freeEnergy_min = -2.57924452e+00
density_min = 9.10842235e-01

success = 1
