# Result for min over (Cvac,alpha) at 
kT = 1.3200e+00
mu = 2.2130e+00
Ngrid = 130

Cvac_min = 2.18913789e-04
alpha_min = 5.88628215e+01
freeEnergy_min = -3.64190814e+00
density_min = 9.31976179e-01

success = 1
