# Result for min over (Cvac,alpha) at 
kT = 9.2000e-01
mu = -3.0215e+00
Ngrid = 129

Cvac_min = 2.21471059e-04
alpha_min = 1.12260793e+02
freeEnergy_min = -8.33743859e-01
density_min = 9.53816052e-01

success = 1
