# Result for min over (Cvac,alpha) at 
kT = 1.3000e+00
mu = 2.2085e+00
Ngrid = 129

Cvac_min = 1.62843084e-04
alpha_min = 7.38067483e+01
freeEnergy_min = -3.71646535e+00
density_min = 9.53871985e-01

success = 1
