# Result for min over (Cvac,alpha) at 
kT = 7.6000e-01
mu = -5.9372e+00
Ngrid = 131

Cvac_min = 1.32645753e-04
alpha_min = 9.75606444e+01
freeEnergy_min = 3.43470894e-01
density_min = 9.10874311e-01

success = 1
