# Result for min over (Cvac,alpha) at 
kT = 1.1200e+00
mu = 3.3843e-01
Ngrid = 131

Cvac_min = 1.65193048e-04
alpha_min = 6.11167383e+01
freeEnergy_min = -2.71846867e+00
density_min = 9.10844661e-01

success = 1
