# Result for min over (Cvac,alpha) at 
kT = 9.0000e-01
mu = -2.9684e+00
Ngrid = 130

Cvac_min = 1.42400463e-04
alpha_min = 9.61357853e+01
freeEnergy_min = -1.05925749e+00
density_min = 9.32047503e-01

success = 1
