# Result for min over (Cvac,alpha) at 
kT = 1.2200e+00
mu = 1.5413e+00
Ngrid = 130

Cvac_min = 1.38725171e-04
alpha_min = 6.59466785e+01
freeEnergy_min = -3.39589770e+00
density_min = 9.32050929e-01

success = 1
