# Result for min over (Cvac,alpha) at 
kT = 1.2800e+00
mu = 1.7991e+00
Ngrid = 130

Cvac_min = 2.32127420e-04
alpha_min = 6.15848730e+01
freeEnergy_min = -3.40005051e+00
density_min = 9.31963861e-01

success = 1
