# Result for min over (Cvac,alpha) at 
kT = 8.4000e-01
mu = -4.0780e+00
Ngrid = 131

Cvac_min = 1.41795258e-04
alpha_min = 8.73438610e+01
freeEnergy_min = -5.45899746e-01
density_min = 9.10865976e-01

success = 1
