# Result for min over (Cvac,alpha) at 
kT = 8.6000e-01
mu = -4.0961e+00
Ngrid = 130

Cvac_min = 2.16478242e-04
alpha_min = 1.01123688e+02
freeEnergy_min = -3.49622461e-01
density_min = 9.31978449e-01

success = 1
