# Result for min over (Cvac,alpha) at 
kT = 1.3200e+00
mu = 2.4130e+00
Ngrid = 130

Cvac_min = 1.60844616e-04
alpha_min = 5.88822937e+01
freeEnergy_min = -3.82830901e+00
density_min = 9.32030310e-01

success = 1
