# Result for min over (Cvac,alpha) at 
kT = 1.0000e+00
mu = -1.5366e+00
Ngrid = 129

Cvac_min = 1.91916953e-04
alpha_min = 1.02184406e+02
freeEnergy_min = -1.65958871e+00
density_min = 9.53844248e-01

success = 1
