# Result for min over (Cvac,alpha) at 
kT = 9.2000e-01
mu = -2.8215e+00
Ngrid = 129

Cvac_min = 1.72455788e-04
alpha_min = 1.12281374e+02
freeEnergy_min = -1.02451188e+00
density_min = 9.53862814e-01

success = 1
