# Result for min over (Cvac,alpha) at 
kT = 1.2600e+00
mu = 1.5849e+00
Ngrid = 130

Cvac_min = 2.39194964e-04
alpha_min = 6.29947114e+01
freeEnergy_min = -3.27629215e+00
density_min = 9.31957273e-01

success = 1
