# Result for min over (Cvac,alpha) at 
kT = 1.3200e+00
mu = 2.2130e+00
Ngrid = 128

Cvac_min = 2.10134763e-04
alpha_min = 8.85635568e+01
freeEnergy_min = -3.63795184e+00
density_min = 9.76357290e-01

success = 1
