# Result for min over (Cvac,alpha) at 
kT = 1.0200e+00
mu = -1.4379e+00
Ngrid = 130

Cvac_min = 2.73735625e-04
alpha_min = 8.30218387e+01
freeEnergy_min = -1.63455315e+00
density_min = 9.31925075e-01

success = 1
