# Result for min over (Cvac,alpha) at 
kT = 8.4000e-01
mu = -4.4780e+00
Ngrid = 132

Cvac_min = 2.97484694e-04
alpha_min = 7.36640222e+01
freeEnergy_min = -1.74263232e-01
density_min = 8.90182277e-01

success = 1
