# Result for min over (Cvac,alpha) at 
kT = 1.1000e+00
mu = 7.7912e-02
Ngrid = 130

Cvac_min = 1.56826592e-04
alpha_min = 7.56379003e+01
freeEnergy_min = -2.59191878e+00
density_min = 9.32034055e-01

success = 1
