# Result for min over (Cvac,alpha) at 
kT = 1.0600e+00
mu = -8.6492e-01
Ngrid = 130

Cvac_min = 2.76283251e-04
alpha_min = 7.92025444e+01
freeEnergy_min = -1.93139732e+00
density_min = 9.31922700e-01

success = 1
