# Result for min over (Cvac,alpha) at 
kT = 8.8000e-01
mu = -3.5264e+00
Ngrid = 130

Cvac_min = 1.76555903e-04
alpha_min = 9.85777127e+01
freeEnergy_min = -7.05694159e-01
density_min = 9.32015664e-01

success = 1
