# Result for min over (Cvac,alpha) at 
kT = 9.6000e-01
mu = -1.9592e+00
Ngrid = 132

Cvac_min = 1.99494296e-04
alpha_min = 6.24564039e+01
freeEnergy_min = -1.52136128e+00
density_min = 8.90269532e-01

success = 1
