# Result for min over (Cvac,alpha) at 
kT = 1.0600e+00
mu = -4.6492e-01
Ngrid = 129

Cvac_min = 1.51079815e-04
alpha_min = 9.54857380e+01
freeEnergy_min = -2.30241854e+00
density_min = 9.53883207e-01

success = 1
