# Result for min over (Cvac,alpha) at 
kT = 1.3800e+00
mu = 2.9946e+00
Ngrid = 130

Cvac_min = 1.46448187e-04
alpha_min = 5.50074154e+01
freeEnergy_min = -4.17229450e+00
density_min = 9.32043730e-01

success = 1
