# Result for min over (Cvac,alpha) at 
kT = 8.2000e-01
mu = -5.0727e+00
Ngrid = 132

Cvac_min = 3.68350465e-04
alpha_min = 7.57620175e+01
freeEnergy_min = 1.78191734e-01
density_min = 8.90119175e-01

success = 1
