# Result for min over (Cvac,alpha) at 
kT = 1.1200e+00
mu = 3.3843e-01
Ngrid = 128

Cvac_min = 1.46762191e-04
alpha_min = 1.08392464e+02
freeEnergy_min = -2.71924783e+00
density_min = 9.76419178e-01

success = 1
