# Result for min over (Cvac,alpha) at 
kT = 1.3800e+00
mu = 3.1946e+00
Ngrid = 127

Cvac_min = 1.20075558e-04
alpha_min = 1.02927526e+02
freeEnergy_min = -4.36735829e+00
density_min = 9.99692970e-01

success = 1
