# Result for min over (Cvac,alpha) at 
kT = 1.1400e+00
mu = 1.9215e-01
Ngrid = 129

Cvac_min = 2.50909607e-04
alpha_min = 8.74201610e+01
freeEnergy_min = -2.49121503e+00
density_min = 9.53787967e-01

success = 1
