# Result for min over (Cvac,alpha) at 
kT = 8.8000e-01
mu = -3.5264e+00
Ngrid = 132

Cvac_min = 2.45933581e-04
alpha_min = 6.96714347e+01
freeEnergy_min = -6.93488044e-01
density_min = 8.90228181e-01

success = 1
