# Result for min over (Cvac,alpha) at 
kT = 9.4000e-01
mu = -2.4853e+00
Ngrid = 129

Cvac_min = 1.78607848e-04
alpha_min = 1.09619728e+02
freeEnergy_min = -1.18733890e+00
density_min = 9.53856945e-01

success = 1
