# Result for min over (Cvac,alpha) at 
kT = 1.1000e+00
mu = 7.7912e-02
Ngrid = 128

Cvac_min = 1.47627846e-04
alpha_min = 1.10699395e+02
freeEnergy_min = -2.57646854e+00
density_min = 9.76418332e-01

success = 1
