# Result for min over (Cvac,alpha) at 
kT = 1.4200e+00
mu = 3.3656e+00
Ngrid = 129

Cvac_min = 1.34150671e-04
alpha_min = 6.51507284e+01
freeEnergy_min = -4.41190278e+00
density_min = 9.53899358e-01

success = 1
