# Result for min over (Cvac,alpha) at 
kT = 9.4000e-01
mu = -2.4853e+00
Ngrid = 131

Cvac_min = 2.24049700e-04
alpha_min = 7.65688855e+01
freeEnergy_min = -1.19732217e+00
density_min = 9.10791043e-01

success = 1
