# Result for min over (Cvac,alpha) at 
kT = 1.3600e+00
mu = 2.6083e+00
Ngrid = 130

Cvac_min = 2.06408532e-04
alpha_min = 5.62558333e+01
freeEnergy_min = -3.87608377e+00
density_min = 9.31987836e-01

success = 1
