# Result for min over (Cvac,alpha) at 
kT = 1.4200e+00
mu = 3.1656e+00
Ngrid = 128

Cvac_min = 1.83603638e-04
alpha_min = 8.04082447e+01
freeEnergy_min = -4.21926853e+00
density_min = 9.76383200e-01

success = 1
