# Result for min over (Cvac,alpha) at 
kT = 1.3400e+00
mu = 2.6129e+00
Ngrid = 130

Cvac_min = 1.55655291e-04
alpha_min = 5.75647963e+01
freeEnergy_min = -3.94636244e+00
density_min = 9.32035147e-01

success = 1
