# Result for min over (Cvac,alpha) at 
kT = 1.1400e+00
mu = 1.9215e-01
Ngrid = 131

Cvac_min = 2.96417119e-04
alpha_min = 5.95909666e+01
freeEnergy_min = -2.49102162e+00
density_min = 9.10725116e-01

success = 1
