# Result for min over (Cvac,alpha) at 
kT = 9.4000e-01
mu = -2.2853e+00
Ngrid = 130

Cvac_min = 1.51300732e-04
alpha_min = 9.14685209e+01
freeEnergy_min = -1.38585114e+00
density_min = 9.32039206e-01

success = 1
