# Result for min over (Cvac,alpha) at 
kT = 1.1200e+00
mu = 1.3843e-01
Ngrid = 130

Cvac_min = 2.04204658e-04
alpha_min = 7.38984094e+01
freeEnergy_min = -2.54567968e+00
density_min = 9.31989890e-01

success = 1
