# Result for min over (Cvac,alpha) at 
kT = 1.1200e+00
mu = -6.1570e-02
Ngrid = 130

Cvac_min = 2.71250207e-04
alpha_min = 7.38778229e+01
freeEnergy_min = -2.35928769e+00
density_min = 9.31927392e-01

success = 1
