# Result for min over (Cvac,alpha) at 
kT = 8.2000e-01
mu = -4.6727e+00
Ngrid = 131

Cvac_min = 1.73492836e-04
alpha_min = 8.97397782e+01
freeEnergy_min = -1.89452466e-01
density_min = 9.10837100e-01

success = 1
