# Result for min over (Cvac,alpha) at 
kT = 1.2600e+00
mu = 1.7849e+00
Ngrid = 128

Cvac_min = 1.73581566e-04
alpha_min = 9.39733804e+01
freeEnergy_min = -3.45952981e+00
density_min = 9.76392987e-01

success = 1
