# Result for min over (Cvac,alpha) at 
kT = 1.0000e+00
mu = -1.5366e+00
Ngrid = 131

Cvac_min = 2.33355617e-04
alpha_min = 7.09453463e+01
freeEnergy_min = -1.66478148e+00
density_min = 9.10782565e-01

success = 1
