# Result for min over (Cvac,alpha) at 
kT = 9.0000e-01
mu = -2.9684e+00
Ngrid = 131

Cvac_min = 1.61783739e-04
alpha_min = 8.06613264e+01
freeEnergy_min = -1.05392973e+00
density_min = 9.10847767e-01

success = 1
