# Result for min over (Cvac,alpha) at 
kT = 1.0000e+00
mu = -1.3366e+00
Ngrid = 131

Cvac_min = 1.76166662e-04
alpha_min = 7.09581843e+01
freeEnergy_min = -1.84694347e+00
density_min = 9.10834664e-01

success = 1
