# Result for min over (Cvac,alpha) at 
kT = 8.8000e-01
mu = -3.3264e+00
Ngrid = 132

Cvac_min = 1.85125876e-04
alpha_min = 6.96863457e+01
freeEnergy_min = -8.71539287e-01
density_min = 8.90282327e-01

success = 1
