# Result for min over (Cvac,alpha) at 
kT = 1.4400e+00
mu = 3.3457e+00
Ngrid = 128

Cvac_min = 1.77235998e-04
alpha_min = 7.88784193e+01
freeEnergy_min = -4.33204188e+00
density_min = 9.76389418e-01

success = 1
