# Result for min over (Cvac,alpha) at 
kT = 1.4600e+00
mu = 3.5221e+00
Ngrid = 128

Cvac_min = 1.71860448e-04
alpha_min = 7.73840366e+01
freeEnergy_min = -4.44305761e+00
density_min = 9.76394668e-01

success = 1
