# Result for min over (Cvac,alpha) at 
kT = 1.1600e+00
mu = 4.3558e-01
Ngrid = 129

Cvac_min = 2.49510529e-04
alpha_min = 8.55512973e+01
freeEnergy_min = -2.62433315e+00
density_min = 9.53789302e-01

success = 1
