# Result for min over (Cvac,alpha) at 
kT = 8.0000e-01
mu = -4.8807e+00
Ngrid = 129

Cvac_min = 9.15821697e-05
alpha_min = 1.30659500e+02
freeEnergy_min = -1.88150717e-01
density_min = 9.53939970e-01

success = 1
