# Result for min over (Cvac,alpha) at 
kT = 9.8000e-01
mu = -1.8427e+00
Ngrid = 131

Cvac_min = 2.31720805e-04
alpha_min = 7.27631446e+01
freeEnergy_min = -1.51228350e+00
density_min = 9.10784054e-01

success = 1
