# Result for min over (Cvac,alpha) at 
kT = 1.4800e+00
mu = 4.0949e+00
Ngrid = 129

Cvac_min = 8.71743794e-05
alpha_min = 6.12233652e+01
freeEnergy_min = -4.93175300e+00
density_min = 9.53944175e-01

success = 1
