# Result for min over (Cvac,alpha) at 
kT = 1.3600e+00
mu = 2.8083e+00
Ngrid = 130

Cvac_min = 1.51053772e-04
alpha_min = 5.62733647e+01
freeEnergy_min = -4.06248680e+00
density_min = 9.32039436e-01

success = 1
