# Result for min over (Cvac,alpha) at 
kT = 1.3800e+00
mu = 3.1946e+00
Ngrid = 128

Cvac_min = 1.12533451e-04
alpha_min = 8.35871928e+01
freeEnergy_min = -4.38021452e+00
density_min = 9.76452604e-01

success = 1
