# Result for min over (Cvac,alpha) at 
kT = 1.1800e+00
mu = 1.0767e+00
Ngrid = 129

Cvac_min = 1.43632701e-04
alpha_min = 8.37716998e+01
freeEnergy_min = -3.14048610e+00
density_min = 9.53890312e-01

success = 1
