# Result for min over (Cvac,alpha) at 
kT = 1.0400e+00
mu = -1.1474e+00
Ngrid = 129

Cvac_min = 2.52833857e-04
alpha_min = 9.76160062e+01
freeEnergy_min = -1.77255670e+00
density_min = 9.53786131e-01

success = 1
