# Result for min over (Cvac,alpha) at 
kT = 7.8000e-01
mu = -5.9022e+00
Ngrid = 129

Cvac_min = 1.71008032e-04
alpha_min = 1.34171282e+02
freeEnergy_min = 5.61883182e-01
density_min = 9.53864195e-01

success = 1
