# Result for min over (Cvac,alpha) at 
kT = 1.2800e+00
mu = 1.9991e+00
Ngrid = 130

Cvac_min = 1.71726937e-04
alpha_min = 6.16057611e+01
freeEnergy_min = -3.58644919e+00
density_min = 9.32020165e-01

success = 1
