# Result for min over (Cvac,alpha) at 
kT = 9.6000e-01
mu = -2.1592e+00
Ngrid = 130

Cvac_min = 2.02231549e-04
alpha_min = 8.92463613e+01
freeEnergy_min = -1.35887435e+00
density_min = 9.31991730e-01

success = 1
