# Result for min over (Cvac,alpha) at 
kT = 1.3000e+00
mu = 2.4085e+00
Ngrid = 130

Cvac_min = 1.21666439e-04
alpha_min = 6.02425769e+01
freeEnergy_min = -3.89478564e+00
density_min = 9.32066831e-01

success = 1
