# Result for min over (Cvac,alpha) at 
kT = 1.5000e+00
mu = 4.1000e+00
Ngrid = 126

Cvac_min = 1.34445109e-04
alpha_min = 1.14703732e+02
freeEnergy_min = -4.85671873e+00
density_min = 1.02366988e+00

success = 1
