# Result for min over (Cvac,alpha) at 
kT = 1.4400e+00
mu = 3.5457e+00
Ngrid = 128

Cvac_min = 1.33888107e-04
alpha_min = 7.88966601e+01
freeEnergy_min = -4.52732412e+00
density_min = 9.76431750e-01

success = 1
