# Result for min over (Cvac,alpha) at 
kT = 1.4200e+00
mu = 3.1656e+00
Ngrid = 129

Cvac_min = 1.81837977e-04
alpha_min = 6.51361351e+01
freeEnergy_min = -4.22112726e+00
density_min = 9.53853863e-01

success = 1
