# Result for min over (Cvac,alpha) at 
kT = 1.5000e+00
mu = 4.5000e+00
Ngrid = 124

Cvac_min = 1.06832894e-04
alpha_min = 1.81146402e+02
freeEnergy_min = -5.14476091e+00
density_min = 1.07403516e+00

success = 1
