# Result for min over (Cvac,alpha) at 
kT = 1.3600e+00
mu = 3.0083e+00
Ngrid = 128

Cvac_min = 1.15336542e-04
alpha_min = 8.52220162e+01
freeEnergy_min = -4.26799890e+00
density_min = 9.76449867e-01

success = 1
