# Result for min over (Cvac,alpha) at 
kT = 1.3800e+00
mu = 2.7946e+00
Ngrid = 129

Cvac_min = 1.94300918e-04
alpha_min = 6.78928022e+01
freeEnergy_min = -3.99434222e+00
density_min = 9.53841973e-01

success = 1
