# Result for min over (Cvac,alpha) at 
kT = 1.1400e+00
mu = 3.9215e-01
Ngrid = 130

Cvac_min = 2.01645801e-04
alpha_min = 7.22248679e+01
freeEnergy_min = -2.68350572e+00
density_min = 9.31992276e-01

success = 1
