# Result for min over (Cvac,alpha) at 
kT = 8.6000e-01
mu = -4.0961e+00
Ngrid = 131

Cvac_min = 2.55041353e-04
alpha_min = 8.50056599e+01
freeEnergy_min = -3.53470893e-01
density_min = 9.10762810e-01

success = 1
