# Result for min over (Cvac,alpha) at 
kT = 1.2600e+00
mu = 1.5849e+00
Ngrid = 129

Cvac_min = 2.27869362e-04
alpha_min = 7.69430416e+01
freeEnergy_min = -3.27755788e+00
density_min = 9.53809948e-01

success = 1
