# Result for min over (Cvac,alpha) at 
kT = 1.2400e+00
mu = 1.5657e+00
Ngrid = 129

Cvac_min = 1.76394525e-04
alpha_min = 7.85926855e+01
freeEnergy_min = -3.34146058e+00
density_min = 9.53859056e-01

success = 1
