# Result for min over (Cvac,alpha) at 
kT = 1.1800e+00
mu = 1.0767e+00
Ngrid = 128

Cvac_min = 1.43526946e-04
alpha_min = 1.01866540e+02
freeEnergy_min = -3.13029441e+00
density_min = 9.76422337e-01

success = 1
