# Result for min over (Cvac,alpha) at 
kT = 7.4000e-01
mu = -6.3852e+00
Ngrid = 130

Cvac_min = 9.62432113e-05
alpha_min = 1.18894504e+02
freeEnergy_min = 5.19653797e-01
density_min = 9.32090530e-01

success = 1
