# Result for min over (Cvac,alpha) at 
kT = 1.2600e+00
mu = 1.9849e+00
Ngrid = 130

Cvac_min = 1.30593216e-04
alpha_min = 6.30277786e+01
freeEnergy_min = -3.64909735e+00
density_min = 9.32058509e-01

success = 1
