# Result for min over (Cvac,alpha) at 
kT = 1.4200e+00
mu = 3.1656e+00
Ngrid = 130

Cvac_min = 1.89055711e-04
alpha_min = 5.25355319e+01
freeEnergy_min = -4.21028332e+00
density_min = 9.32004012e-01

success = 1
