# Result for min over (Cvac,alpha) at 
kT = 8.0000e-01
mu = -5.4807e+00
Ngrid = 129

Cvac_min = 1.90604242e-04
alpha_min = 1.30624624e+02
freeEnergy_min = 3.84188192e-01
density_min = 9.53845500e-01

success = 1
