# Result for min over (Cvac,alpha) at 
kT = 1.1600e+00
mu = 8.3558e-01
Ngrid = 128

Cvac_min = 1.45334065e-04
alpha_min = 1.03977207e+02
freeEnergy_min = -2.99420899e+00
density_min = 9.76420572e-01

success = 1
