# Result for min over (Cvac,alpha) at 
kT = 8.2000e-01
mu = -4.6727e+00
Ngrid = 130

Cvac_min = 1.46489897e-04
alpha_min = 1.06570402e+02
freeEnergy_min = -1.89601558e-01
density_min = 9.32043691e-01

success = 1
