# Result for min over (Cvac,alpha) at 
kT = 1.2200e+00
mu = 1.1413e+00
Ngrid = 131

Cvac_min = 2.75455630e-04
alpha_min = 5.39908206e+01
freeEnergy_min = -3.01312778e+00
density_min = 9.10744212e-01

success = 1
