# Result for min over (Cvac,alpha) at 
kT = 8.8000e-01
mu = -3.7264e+00
Ngrid = 132

Cvac_min = 3.24872717e-04
alpha_min = 6.96527992e+01
freeEnergy_min = -5.15449258e-01
density_min = 8.90157889e-01

success = 1
