# Result for min over (Cvac,alpha) at 
kT = 8.6000e-01
mu = -3.8961e+00
Ngrid = 129

Cvac_min = 1.48261664e-04
alpha_min = 1.20905143e+02
freeEnergy_min = -5.21092614e-01
density_min = 9.53885896e-01

success = 1
