# Result for min over (Cvac,alpha) at 
kT = 1.4800e+00
mu = 3.8949e+00
Ngrid = 127

Cvac_min = 1.33215226e-04
alpha_min = 9.40215477e+01
freeEnergy_min = -4.73866410e+00
density_min = 9.99679833e-01

success = 1
