# Result for min over (Cvac,alpha) at 
kT = 8.0000e-01
mu = -5.2807e+00
Ngrid = 130

Cvac_min = 1.73643971e-04
alpha_min = 1.09443113e+02
freeEnergy_min = 1.73068469e-01
density_min = 9.32018378e-01

success = 1
