# Result for min over (Cvac,alpha) at 
kT = 7.6000e-01
mu = -6.1372e+00
Ngrid = 131

Cvac_min = 1.71757527e-04
alpha_min = 9.75507642e+01
freeEnergy_min = 5.25642262e-01
density_min = 9.10838681e-01

success = 1
