# Result for min over (Cvac,alpha) at 
kT = 7.4000e-01
mu = -6.5852e+00
Ngrid = 132

Cvac_min = 1.95166337e-04
alpha_min = 8.51456400e+01
freeEnergy_min = 7.13402334e-01
density_min = 8.90273386e-01

success = 1
