# Result for min over (Cvac,alpha) at 
kT = 9.6000e-01
mu = -1.9592e+00
Ngrid = 130

Cvac_min = 1.55234259e-04
alpha_min = 8.92588372e+01
freeEnergy_min = -1.54527732e+00
density_min = 9.32035539e-01

success = 1
