# Result for min over (Cvac,alpha) at 
kT = 7.2000e-01
mu = -6.5928e+00
Ngrid = 130

Cvac_min = 5.97501561e-05
alpha_min = 1.22347272e+02
freeEnergy_min = 4.58464017e-01
density_min = 9.32124548e-01

success = 1
