# Result for solid computation at 
kT = 1.1000e+00
mu = 2.0000e+00

Ngrid_min = 1.31827058e+02
Cvac_min = 1.70178182e-04
alpha_min = 5.51158167e+01
freeEnergy_min = -3.46188351e+00
density_min = 8.93804763e-01

success = 1
