# Result for solid computation at 
kT = 4.0000e-01
mu = -1.1000e+01

Ngrid_min = 1.31517525e+02
Cvac_min = 6.02664963e-06
alpha_min = 2.03349222e+02
freeEnergy_min = -3.47880092e-01
density_min = 9.00279063e-01

success = 1
