# Result for solid computation at 
kT = 8.0000e-01
mu = -3.0000e+00

Ngrid_min = 1.34932348e+02
Cvac_min = 4.18238580e-04
alpha_min = 5.72972501e+01
freeEnergy_min = -7.37391094e-01
density_min = 8.33297638e-01

success = 1
