# Result for min over (Cvac,alpha) at 
kT = 9.0000e-01
mu = -1.5000e+00
Ngrid = 128

Cvac_min = 8.43492313e-04
alpha_min = 1.42346575e+02
freeEnergy_min = -1.00283207e+00
density_min = 9.75738777e-01

success = 1
