# Result for min over (Cvac,alpha) at 
kT = 4.0000e-01
mu = -1.1000e+01
Ngrid = 133

Cvac_min = 3.93033291e-06
alpha_min = 1.64247645e+02
freeEnergy_min = -3.10760263e-01
density_min = 8.70509114e-01

success = 1
