# Result for min over (Cvac,alpha) at 
kT = 6.0000e-01
mu = -6.0000e+00
Ngrid = 131

Cvac_min = 2.20734853e-05
alpha_min = 1.40308888e+02
freeEnergy_min = -1.58647109e-01
density_min = 9.10975042e-01

success = 1
