# Result for min over (Cvac,alpha) at 
kT = 6.0000e-01
mu = -6.0000e+00
Ngrid = 129

Cvac_min = 2.87597797e-05
alpha_min = 1.98345535e+02
freeEnergy_min = 2.42738961e-02
density_min = 9.53999904e-01

success = 1
