# Result for min over (Cvac,alpha) at 
kT = 8.0000e-01
mu = -3.0000e+00
Ngrid = 130

Cvac_min = 4.61517098e-04
alpha_min = 1.15830865e+02
freeEnergy_min = -5.59855909e-01
density_min = 9.31750029e-01

success = 1
