# Result for min over (Cvac,alpha) at 
kT = 5.0000e-01
mu = -8.0000e+00
Ngrid = 131

Cvac_min = 4.21005289e-06
alpha_min = 1.72715597e+02
freeEnergy_min = -2.06163922e-01
density_min = 9.10991316e-01

success = 1
