# Result for min over (Cvac,alpha) at 
kT = 1.2000e+00
mu = 3.0000e+00
Ngrid = 130

Cvac_min = 2.23142931e-04
alpha_min = 6.47066677e+01
freeEnergy_min = -3.99619278e+00
density_min = 9.31972236e-01

success = 1
