# Result for min over (Cvac,alpha) at 
kT = 7.0000e-01
mu = -4.5000e+00
Ngrid = 128

Cvac_min = 2.17753819e-04
alpha_min = 1.99560394e+02
freeEnergy_min = 1.20137338e-01
density_min = 9.76349850e-01

success = 1
