# Result for min over (Cvac,alpha) at 
kT = 1.2000e+00
mu = 3.0000e+00
Ngrid = 132

Cvac_min = 1.63365090e-04
alpha_min = 4.60948197e+01
freeEnergy_min = -4.00364309e+00
density_min = 8.90301703e-01

success = 1
