# Result for min over (Cvac,alpha) at 
kT = 7.0000e-01
mu = -4.5000e+00
Ngrid = 130

Cvac_min = 1.69464275e-04
alpha_min = 1.37096081e+02
freeEnergy_min = -1.42778234e-01
density_min = 9.32022275e-01

success = 1
