# Result for min over (Cvac,alpha) at 
kT = 4.0000e-01
mu = -1.1000e+01
Ngrid = 129

Cvac_min = 1.39614228e-05
alpha_min = 3.24065944e+02
freeEnergy_min = -2.01950199e-01
density_min = 9.54014022e-01

success = 1
