# Result for min over (Cvac,alpha) at 
kT = 9.0000e-01
mu = -1.5000e+00
Ngrid = 135

Cvac_min = 6.03745549e-04
alpha_min = 4.77175395e+01
freeEnergy_min = -1.36082520e+00
density_min = 8.31890882e-01

success = 1
