# Result for min over (Cvac,alpha) at 
kT = 1.1000e+00
mu = 2.0000e+00
Ngrid = 133

Cvac_min = 1.48376939e-04
alpha_min = 4.58930804e+01
freeEnergy_min = -3.45274217e+00
density_min = 8.70383372e-01

success = 1
