# Result for min over (Cvac,alpha) at 
kT = 6.0000e-01
mu = -6.0000e+00
Ngrid = 130

Cvac_min = 2.49319014e-05
alpha_min = 1.65211739e+02
freeEnergy_min = -8.59680259e-02
density_min = 9.32157005e-01

success = 1
