# Result for min over (Cvac,alpha) at 
kT = 7.0000e-01
mu = -4.5000e+00
Ngrid = 129

Cvac_min = 1.89723723e-04
alpha_min = 1.63663640e+02
freeEnergy_min = -3.13670705e-02
density_min = 9.53846340e-01

success = 1
