# Result for min over (Cvac,alpha) at 
kT = 1.2000e+00
mu = 3.0000e+00
Ngrid = 131

Cvac_min = 1.86886934e-04
alpha_min = 5.44581486e+01
freeEnergy_min = -4.00742367e+00
density_min = 9.10824898e-01

success = 1
