# Result for min over (Cvac,alpha) at 
kT = 1.1000e+00
mu = 2.0000e+00
Ngrid = 129

Cvac_min = 2.69047075e-04
alpha_min = 8.87316547e+01
freeEnergy_min = -3.39512519e+00
density_min = 9.53770663e-01

success = 1
