# Result for min over (Cvac,alpha) at 
kT = 9.0000e-01
mu = -1.5000e+00
Ngrid = 132

Cvac_min = 6.02527511e-04
alpha_min = 7.25656641e+01
freeEnergy_min = -1.32151463e+00
density_min = 8.89910653e-01

success = 1
