# Result for min over (Cvac,alpha) at 
kT = 4.0000e-01
mu = -1.1000e+01
Ngrid = 128

Cvac_min = 4.60333276e-05
alpha_min = 4.13887126e+02
freeEnergy_min = -3.65954035e-02
density_min = 9.76517546e-01

success = 1
