# Result for min over (Cvac,alpha) at 
kT = 9.0000e-01
mu = -1.5000e+00
Ngrid = 134

Cvac_min = 5.83810892e-04
alpha_min = 5.46847897e+01
freeEnergy_min = -1.35954983e+00
density_min = 8.50671607e-01

success = 1
