# Result for min over (Cvac,alpha) at 
kT = 8.0000e-01
mu = -3.0000e+00
Ngrid = 134

Cvac_min = 4.04300153e-04
alpha_min = 6.46886112e+01
freeEnergy_min = -7.33262718e-01
density_min = 8.50824400e-01

success = 1
