# Result for min over (Cvac,alpha) at 
kT = 7.0000e-01
mu = -4.5000e+00
Ngrid = 133

Cvac_min = 1.44520821e-04
alpha_min = 8.77542357e+01
freeEnergy_min = -3.03510226e-01
density_min = 8.70386728e-01

success = 1
