# Result for min over (Cvac,alpha) at 
kT = 1.2000e+00
mu = 3.0000e+00
Ngrid = 129

Cvac_min = 2.65561485e-04
alpha_min = 7.75143165e+01
freeEnergy_min = -3.96644412e+00
density_min = 9.53773989e-01

success = 1
