# Result for min over (Cvac,alpha) at 
kT = 5.0000e-01
mu = -8.0000e+00
Ngrid = 132

Cvac_min = 3.19474801e-06
alpha_min = 1.48507995e+02
freeEnergy_min = -2.32345102e-01
density_min = 8.90444327e-01

success = 1
