# Result for min over (Cvac,alpha) at 
kT = 1.3000e+00
mu = 4.5000e+00
Ngrid = 131

Cvac_min = 6.27565285e-05
alpha_min = 4.71305191e+01
freeEnergy_min = -5.07851389e+00
density_min = 9.10937980e-01

success = 1
