# Result for min over (Cvac,alpha) at 
kT = 1.1000e+00
mu = 2.0000e+00
Ngrid = 130

Cvac_min = 2.27693960e-04
alpha_min = 7.43694126e+01
freeEnergy_min = -3.43642738e+00
density_min = 9.31967994e-01

success = 1
