# Result for min over (Cvac,alpha) at 
kT = 8.0000e-01
mu = -3.0000e+00
Ngrid = 128

Cvac_min = 5.74635102e-04
alpha_min = 1.67094588e+02
freeEnergy_min = -3.17295686e-01
density_min = 9.76001333e-01

success = 1
