# Result for min over (Cvac,alpha) at 
kT = 6.0000e-01
mu = -6.0000e+00
Ngrid = 128

Cvac_min = 3.43008248e-05
alpha_min = 2.44118450e+02
freeEnergy_min = 1.80600421e-01
density_min = 9.76529003e-01

success = 1
