# Result for min over (Cvac,alpha) at 
kT = 1.1000e+00
mu = 2.0000e+00
Ngrid = 131

Cvac_min = 1.93706024e-04
alpha_min = 6.29265771e+01
freeEnergy_min = -3.45733856e+00
density_min = 9.10818686e-01

success = 1
