# Result for min over (Cvac,alpha) at 
kT = 1.3000e+00
mu = 4.5000e+00
Ngrid = 130

Cvac_min = 7.79365683e-05
alpha_min = 5.63660394e+01
freeEnergy_min = -5.08929027e+00
density_min = 9.32107595e-01

success = 1
