# Result for min over (Cvac,alpha) at 
kT = 9.0000e-01
mu = -1.5000e+00
Ngrid = 129

Cvac_min = 7.53615616e-04
alpha_min = 1.17835338e+02
freeEnergy_min = -1.12427497e+00
density_min = 9.53308372e-01

success = 1
