# Result for min over (Cvac,alpha) at 
kT = 5.0000e-01
mu = -8.0000e+00
Ngrid = 130

Cvac_min = 5.97333029e-06
alpha_min = 2.04437976e+02
freeEnergy_min = -1.44577637e-01
density_min = 9.32174678e-01

success = 1
