# Result for min over (Cvac,alpha) at 
kT = 1.0000e+00
mu = 5.0000e-01
Ngrid = 132

Cvac_min = 2.77304493e-04
alpha_min = 6.23301251e+01
freeEnergy_min = -2.55803616e+00
density_min = 8.90200246e-01

success = 1
