# Result for min over (Cvac,alpha) at 
kT = 4.0000e-01
mu = -1.1000e+01
Ngrid = 130

Cvac_min = 8.90557023e-06
alpha_min = 2.63891809e+02
freeEnergy_min = -2.99747148e-01
density_min = 9.32171944e-01

success = 1
