# Result for min over (Cvac,alpha) at 
kT = 9.0000e-01
mu = -1.5000e+00
Ngrid = 136

Cvac_min = 6.52786475e-04
alpha_min = 4.16605926e+01
freeEnergy_min = -1.35365486e+00
density_min = 8.13635020e-01

success = 1
