# Result for min over (Cvac,alpha) at 
kT = 9.0000e-01
mu = -1.5000e+00
Ngrid = 131

Cvac_min = 6.35165380e-04
alpha_min = 8.43924621e+01
freeEnergy_min = -1.27849001e+00
density_min = 9.10416518e-01

success = 1
