# Result for fluid-solid coexistence at 
kT = 5.4000e-01

fluidType = vapour

muCoex = -1.00846461e+01
freeEnergyCoex = -4.17557803e-05
densitySolidCoex = 9.89676853e-01
NgridCoex = 1.27431680e+02
CvacCoex = 8.84104308e-06
alphaCoex = 2.63350156e+02
densityFluidCoex = 4.18047377e-05

success = 1
