# Result for fluid-solid coexistence at 
kT = 7.6000e-01

fluidType = vapour

muCoex = -5.86974881e+00
freeEnergyCoex = -2.89501585e-03
densitySolidCoex = 9.41643975e-01
NgridCoex = 1.29561192e+02
CvacCoex = 4.32642239e-05
alphaCoex = 1.24816207e+02
densityFluidCoex = 2.96664260e-03

success = 1
