# Result for fluid-solid coexistence at 
kT = 7.8000e-01

fluidType = vapour

muCoex = -5.61551295e+00
freeEnergyCoex = -3.75497688e-03
densitySolidCoex = 9.35710789e-01
NgridCoex = 1.29833549e+02
CvacCoex = 6.49070668e-05
alphaCoex = 1.15802272e+02
densityFluidCoex = 3.87298657e-03

success = 1
