# Result for fluid-solid coexistence at 
kT = 8.0000e-01

fluidType = vapour

muCoex = -5.37602203e+00
freeEnergyCoex = -4.80462131e-03
densitySolidCoex = 9.29760059e-01
NgridCoex = 1.30108503e+02
CvacCoex = 9.67719928e-05
alphaCoex = 1.07397270e+02
densityFluidCoex = 4.99443082e-03

success = 1
