# Result for fluid-solid coexistence at 
kT = 8.8000e-01

fluidType = vapour

muCoex = -4.54270254e+00
freeEnergyCoex = -1.15397830e-02
densitySolidCoex = 9.02176680e-01
NgridCoex = 1.31406104e+02
CvacCoex = 4.40899057e-04
alphaCoex = 7.70754152e+01
densityFluidCoex = 1.26019230e-02

success = 1
