# Result for fluid-solid coexistence at 
kT = 6.0000e-01

fluidType = vapour

muCoex = -8.59878973e+00
freeEnergyCoex = -1.84983851e-04
densitySolidCoex = 9.77717921e-01
NgridCoex = 1.27949312e+02
CvacCoex = 6.43195057e-06
alphaCoex = 2.13555805e+02
densityFluidCoex = 1.85333347e-04

success = 1
