# Result for fluid-solid coexistence at 
kT = 7.2000e-01

fluidType = vapour

muCoex = -6.42667153e+00
freeEnergyCoex = -1.64403399e-03
densitySolidCoex = 9.51431521e-01
NgridCoex = 1.29116421e+02
CvacCoex = 1.87653313e-05
alphaCoex = 1.42778394e+02
densityFluidCoex = 1.66830724e-03

success = 1
