# Result for solid computation at 
kT = 8.8000e-01
mu = -4.5337e+00

Ngrid_min = 1.31386126e+02
Cvac_min = 4.33395606e-04
alpha_min = 7.73409513e+01
freeEnergy_min = -1.96614359e-02
density_min = 9.02594297e-01

success = 1
