# Result for solid computation at 
kT = 7.6000e-01
mu = -5.7402e+00

Ngrid_min = 1.29409599e+02
Cvac_min = 3.59866450e-05
alpha_min = 1.28057760e+02
freeEnergy_min = -1.25700021e-01
density_min = 9.44961601e-01

success = 1
