# Result for solid computation at 
kT = 8.2000e-01
mu = -5.3760e+00

Ngrid_min = 1.30757670e+02
Cvac_min = 2.03373980e-04
alpha_min = 9.35309144e+01
freeEnergy_min = 2.02555666e-01
density_min = 9.15884096e-01

success = 1
