# Result for solid computation at 
kT = 5.2000e-01
mu = -1.0888e+01

Ngrid_min = 1.27394122e+02
Cvac_min = 8.99132113e-06
alpha_min = 2.75402160e+02
freeEnergy_min = 2.24315676e-01
density_min = 9.90551781e-01

success = 1
