# Result for solid computation at 
kT = 5.2000e-01
mu = -1.0488e+01

Ngrid_min = 1.27218387e+02
Cvac_min = 9.70158496e-06
alpha_min = 2.86375963e+02
freeEnergy_min = -1.72725026e-01
density_min = 9.94662281e-01

success = 1
