# Result for solid computation at 
kT = 8.4000e-01
mu = -4.9499e+00

Ngrid_min = 1.30722595e+02
Cvac_min = 2.10885727e-04
alpha_min = 9.15996152e+01
freeEnergy_min = 5.53654591e-03
density_min = 9.16614761e-01

success = 1
