# Result for solid computation at 
kT = 7.0000e-01
mu = -7.0566e+00

Ngrid_min = 1.29208561e+02
Cvac_min = 1.88451204e-05
alpha_min = 1.44516243e+02
freeEnergy_min = 3.08503769e-01
density_min = 9.49396206e-01

success = 1
