# Result for solid computation at 
kT = 5.2000e-01
mu = -1.1088e+01

Ngrid_min = 1.27481259e+02
Cvac_min = 8.71248664e-06
alpha_min = 2.70443646e+02
freeEnergy_min = 4.22222649e-01
density_min = 9.88522055e-01

success = 1
