# Result for solid computation at 
kT = 8.4000e-01
mu = -5.1499e+00

Ngrid_min = 1.31101262e+02
Cvac_min = 2.96358938e-04
alpha_min = 8.57792250e+01
freeEnergy_min = 1.88055603e-01
density_min = 9.08616104e-01

success = 1
