# Result for solid computation at 
kT = 6.6000e-01
mu = -7.5757e+00

Ngrid_min = 1.28612063e+02
Cvac_min = 6.56935528e-06
alpha_min = 1.71161244e+02
freeEnergy_min = 1.65337349e-01
density_min = 9.62681559e-01

success = 1
