# Result for solid computation at 
kT = 7.8000e-01
mu = -5.4697e+00

Ngrid_min = 1.29633872e+02
Cvac_min = 5.22396219e-05
alpha_min = 1.19949643e+02
freeEnergy_min = -1.40446527e-01
density_min = 9.40053139e-01

success = 1
