# Result for solid computation at 
kT = 7.6000e-01
mu = -5.9402e+00

Ngrid_min = 1.29647862e+02
Cvac_min = 4.79367849e-05
alpha_min = 1.22971911e+02
freeEnergy_min = 6.35614348e-02
density_min = 9.39752867e-01

success = 1
