# Result for solid computation at 
kT = 5.0000e-01
mu = -1.0000e+01

Ngrid_min = 1.26596649e+02
Cvac_min = 1.61351361e-05
alpha_min = 3.44123324e+02
freeEnergy_min = -1.29152199e+00
density_min = 1.00938536e+00

success = 1
