# Result for solid computation at 
kT = 9.0000e-01
mu = -4.1427e+00

Ngrid_min = 1.31323131e+02
Cvac_min = 4.32929022e-04
alpha_min = 7.61369045e+01
freeEnergy_min = -2.11088747e-01
density_min = 9.03894389e-01

success = 1
