# Result for solid computation at 
kT = 5.2000e-01
mu = -1.0688e+01

Ngrid_min = 1.27306498e+02
Cvac_min = 9.34769129e-06
alpha_min = 2.80737462e+02
freeEnergy_min = 2.60009569e-02
density_min = 9.92598451e-01

success = 1
