# Result for solid computation at 
kT = 6.8000e-01
mu = -7.0045e+00

Ngrid_min = 1.28627690e+02
Cvac_min = 7.56534199e-06
alpha_min = 1.65582576e+02
freeEnergy_min = -5.09360627e-02
density_min = 9.62329732e-01

success = 1
