# Result for solid computation at 
kT = 7.2000e-01
mu = -6.5316e+00

Ngrid_min = 1.29218048e+02
Cvac_min = 2.17049272e-05
alpha_min = 1.40168561e+02
freeEnergy_min = 9.81148624e-02
density_min = 9.49184368e-01

success = 1
