# Result for solid computation at 
kT = 5.0000e-01
mu = -1.1400e+01

Ngrid_min = 1.27203846e+02
Cvac_min = 9.82208746e-06
alpha_min = 2.98848594e+02
freeEnergy_min = 1.11455804e-01
density_min = 9.95003378e-01

success = 1
