# Result for solid computation at 
kT = 5.6000e-01
mu = -9.6846e+00

Ngrid_min = 1.27675257e+02
Cvac_min = 7.78032289e-06
alpha_min = 2.41935585e+02
freeEnergy_min = 1.32375807e-01
density_min = 9.84026848e-01

success = 1
