# Result for solid computation at 
kT = 5.8000e-01
mu = -9.3502e+00

Ngrid_min = 1.27959209e+02
Cvac_min = 6.74600068e-06
alpha_min = 2.20511757e+02
freeEnergy_min = 2.87391821e-01
density_min = 9.77490320e-01

success = 1
