# Result for solid computation at 
kT = 8.8000e-01
mu = -4.7337e+00

Ngrid_min = 1.31881727e+02
Cvac_min = 6.35285592e-04
alpha_min = 7.10004792e+01
freeEnergy_min = 1.60317622e-01
density_min = 8.92278179e-01

success = 1
