# Result for solid computation at 
kT = 9.0000e-01
mu = -4.5427e+00

Ngrid_min = 1.32345297e+02
Cvac_min = 9.53476697e-04
alpha_min = 6.35945956e+01
freeEnergy_min = 1.46842378e-01
density_min = 8.82652374e-01

success = 1
