# Result for solid computation at 
kT = 8.4000e-01
mu = -4.7499e+00

Ngrid_min = 1.30382617e+02
Cvac_min = 1.53209935e-04
alpha_min = 9.70510243e+01
freeEnergy_min = -1.79111122e-01
density_min = 9.23854752e-01

success = 1
