# Result for solid computation at 
kT = 5.8000e-01
mu = -9.5502e+00

Ngrid_min = 1.28085784e+02
Cvac_min = 6.46358978e-06
alpha_min = 2.15008576e+02
freeEnergy_min = 4.82599801e-01
density_min = 9.74594997e-01

success = 1
