# Result for solid computation at 
kT = 5.6000e-01
mu = -9.8846e+00

Ngrid_min = 1.27800148e+02
Cvac_min = 7.46062646e-06
alpha_min = 2.35827286e+02
freeEnergy_min = 3.28892403e-01
density_min = 9.81144643e-01

success = 1
