# Result for solid computation at 
kT = 5.0000e-01
mu = -1.0600e+01

Ngrid_min = 1.26859667e+02
Cvac_min = 1.28657251e-05
alpha_min = 3.23504723e+02
freeEnergy_min = -6.87777258e-01
density_min = 1.00312243e+00

success = 1
