# Result for solid computation at 
kT = 5.8000e-01
mu = -8.9502e+00

Ngrid_min = 1.27703023e+02
Cvac_min = 7.36784600e-06
alpha_min = 2.32206259e+02
freeEnergy_min = -1.04778605e-01
density_min = 9.83385442e-01

success = 1
