# Result for solid computation at 
kT = 6.8000e-01
mu = -7.2045e+00

Ngrid_min = 1.28817444e+02
Cvac_min = 9.54256838e-06
alpha_min = 1.59859860e+02
freeEnergy_min = 1.41103762e-01
density_min = 9.58080776e-01

success = 1
