# Result for solid computation at 
kT = 5.0000e-01
mu = -9.8000e+00

Ngrid_min = 1.26508026e+02
Cvac_min = 1.74297012e-05
alpha_min = 3.51500596e+02
freeEnergy_min = -1.49361095e+00
density_min = 1.01150704e+00

success = 1
