# Result for solid computation at 
kT = 6.4000e-01
mu = -7.9728e+00

Ngrid_min = 1.28428972e+02
Cvac_min = 5.10411105e-06
alpha_min = 1.82281082e+02
freeEnergy_min = 1.90451401e-01
density_min = 9.66803011e-01

success = 1
