# Result for solid computation at 
kT = 5.2000e-01
mu = -1.1288e+01

Ngrid_min = 1.27592793e+02
Cvac_min = 8.93268658e-06
alpha_min = 2.65231221e+02
freeEnergy_min = 6.21479002e-01
density_min = 9.85935134e-01

success = 1
