# Result for solid computation at 
kT = 6.4000e-01
mu = -8.1728e+00

Ngrid_min = 1.28585961e+02
Cvac_min = 5.76078098e-06
alpha_min = 1.77410097e+02
freeEnergy_min = 3.84610103e-01
density_min = 9.63268765e-01

success = 1
