# Result for min over (Cvac,alpha) at 
kT = 6.0000e-01
mu = -9.0568e+00
Ngrid = 129

Cvac_min = 4.27954769e-06
alpha_min = 1.75213207e+02
freeEnergy_min = 4.56062037e-01
density_min = 9.54023259e-01

success = 1
