# Result for min over (Cvac,alpha) at 
kT = 7.2000e-01
mu = -6.7316e+00
Ngrid = 128

Cvac_min = 2.41936186e-05
alpha_min = 1.75643486e+02
freeEnergy_min = 3.10375695e-01
density_min = 9.76538873e-01

success = 1
