# Result for min over (Cvac,alpha) at 
kT = 8.4000e-01
mu = -4.7499e+00
Ngrid = 130

Cvac_min = 1.43554258e-04
alpha_min = 1.03797184e+02
freeEnergy_min = -1.77994196e-01
density_min = 9.32046427e-01

success = 1
