# Result for min over (Cvac,alpha) at 
kT = 8.8000e-01
mu = -4.5337e+00
Ngrid = 131

Cvac_min = 3.97738812e-04
alpha_min = 8.27286977e+01
freeEnergy_min = -1.88523971e-02
density_min = 9.10632813e-01

success = 1
