# Result for min over (Cvac,alpha) at 
kT = 7.2000e-01
mu = -6.5316e+00
Ngrid = 129

Cvac_min = 2.11197746e-05
alpha_min = 1.45831115e+02
freeEnergy_min = 9.86581256e-02
density_min = 9.54007193e-01

success = 1
