# Result for min over (Cvac,alpha) at 
kT = 5.8000e-01
mu = -9.5502e+00
Ngrid = 129

Cvac_min = 4.54851703e-06
alpha_min = 1.81193372e+02
freeEnergy_min = 4.97733814e-01
density_min = 9.54023002e-01

success = 1
