# Result for min over (Cvac,alpha) at 
kT = 8.2000e-01
mu = -5.1760e+00
Ngrid = 131

Cvac_min = 1.64518774e-04
alpha_min = 8.97241050e+01
freeEnergy_min = 2.07203021e-02
density_min = 9.10845275e-01

success = 1
