# Result for min over (Cvac,alpha) at 
kT = 6.4000e-01
mu = -8.1728e+00
Ngrid = 127

Cvac_min = 7.84436462e-06
alpha_min = 2.42719747e+02
freeEnergy_min = 4.24675882e-01
density_min = 9.99805180e-01

success = 1
