# Result for min over (Cvac,alpha) at 
kT = 6.0000e-01
mu = -8.8568e+00
Ngrid = 129

Cvac_min = 4.26370784e-06
alpha_min = 1.75215006e+02
freeEnergy_min = 2.65257382e-01
density_min = 9.54023274e-01

success = 1
