# Result for min over (Cvac,alpha) at 
kT = 7.0000e-01
mu = -6.6566e+00
Ngrid = 129

Cvac_min = 1.11754130e-05
alpha_min = 1.50097826e+02
freeEnergy_min = -7.25931075e-02
density_min = 9.54016680e-01

success = 1
