# Result for min over (Cvac,alpha) at 
kT = 5.8000e-01
mu = -9.3502e+00
Ngrid = 127

Cvac_min = 9.22746040e-06
alpha_min = 2.68667320e+02
freeEnergy_min = 3.03986386e-01
density_min = 9.99803798e-01

success = 1
