# Result for min over (Cvac,alpha) at 
kT = 8.4000e-01
mu = -4.7499e+00
Ngrid = 132

Cvac_min = 2.12009306e-04
alpha_min = 7.36704961e+01
freeEnergy_min = -1.63525448e-01
density_min = 8.90258388e-01

success = 1
