# Result for min over (Cvac,alpha) at 
kT = 5.2000e-01
mu = -1.0488e+01
Ngrid = 127

Cvac_min = 1.08170332e-05
alpha_min = 3.00797267e+02
freeEnergy_min = -1.71458926e-01
density_min = 9.99802208e-01

success = 1
