# Result for min over (Cvac,alpha) at 
kT = 5.4000e-01
mu = -1.0262e+01
Ngrid = 127

Cvac_min = 1.02603655e-05
alpha_min = 2.89682222e+02
freeEnergy_min = 1.81703508e-01
density_min = 9.99802765e-01

success = 1
