# Result for min over (Cvac,alpha) at 
kT = 5.2000e-01
mu = -1.1088e+01
Ngrid = 128

Cvac_min = 7.83619003e-06
alpha_min = 2.43735034e+02
freeEnergy_min = 4.29425805e-01
density_min = 9.76554847e-01

success = 1
