# Result for min over (Cvac,alpha) at 
kT = 8.0000e-01
mu = -5.2155e+00
Ngrid = 130

Cvac_min = 7.72254194e-05
alpha_min = 1.09461368e+02
freeEnergy_min = -1.54312635e-01
density_min = 9.32108258e-01

success = 1
