# Result for min over (Cvac,alpha) at 
kT = 5.6000e-01
mu = -9.8846e+00
Ngrid = 129

Cvac_min = 4.89931637e-06
alpha_min = 1.87533704e+02
freeEnergy_min = 3.55546206e-01
density_min = 9.54022668e-01

success = 1
