# Result for min over (Cvac,alpha) at 
kT = 6.0000e-01
mu = -8.8568e+00
Ngrid = 128

Cvac_min = 6.30563464e-06
alpha_min = 2.11391365e+02
freeEnergy_min = 2.51800143e-01
density_min = 9.76556342e-01

success = 1
