# Result for min over (Cvac,alpha) at 
kT = 5.2000e-01
mu = -1.1288e+01
Ngrid = 127

Cvac_min = 1.08229891e-05
alpha_min = 3.00775488e+02
freeEnergy_min = 6.28382858e-01
density_min = 9.99802202e-01

success = 1
