# Result for min over (Cvac,alpha) at 
kT = 7.4000e-01
mu = -6.0267e+00
Ngrid = 128

Cvac_min = 2.17279075e-05
alpha_min = 1.70742249e+02
freeEnergy_min = -9.31132093e-02
density_min = 9.76541281e-01

success = 1
