# Result for min over (Cvac,alpha) at 
kT = 8.8000e-01
mu = -4.3337e+00
Ngrid = 131

Cvac_min = 3.06519649e-04
alpha_min = 8.27556022e+01
freeEnergy_min = -2.00987680e-01
density_min = 9.10715913e-01

success = 1
