# Result for min over (Cvac,alpha) at 
kT = 5.8000e-01
mu = -9.1502e+00
Ngrid = 128

Cvac_min = 6.63368145e-06
alpha_min = 2.18729099e+02
freeEnergy_min = 9.21106072e-02
density_min = 9.76556022e-01

success = 1
