# Result for min over (Cvac,alpha) at 
kT = 5.8000e-01
mu = -8.9502e+00
Ngrid = 129

Cvac_min = 4.51888996e-06
alpha_min = 1.81169016e+02
freeEnergy_min = -7.46800170e-02
density_min = 9.54023030e-01

success = 1
