# Result for min over (Cvac,alpha) at 
kT = 5.8000e-01
mu = -9.3502e+00
Ngrid = 129

Cvac_min = 4.52516242e-06
alpha_min = 1.81157372e+02
freeEnergy_min = 3.06929199e-01
density_min = 9.54023025e-01

success = 1
