# Result for min over (Cvac,alpha) at 
kT = 7.4000e-01
mu = -6.0267e+00
Ngrid = 129

Cvac_min = 2.39109100e-05
alpha_min = 1.41770406e+02
freeEnergy_min = -1.09158798e-01
density_min = 9.54004530e-01

success = 1
