# Result for min over (Cvac,alpha) at 
kT = 5.6000e-01
mu = -9.6846e+00
Ngrid = 127

Cvac_min = 9.70528727e-06
alpha_min = 2.78612541e+02
freeEnergy_min = 1.40785158e-01
density_min = 9.99803320e-01

success = 1
