# Result for min over (Cvac,alpha) at 
kT = 7.6000e-01
mu = -6.1402e+00
Ngrid = 128

Cvac_min = 5.01811791e-05
alpha_min = 1.66064993e+02
freeEnergy_min = 2.86756932e-01
density_min = 9.76513495e-01

success = 1
