# Result for min over (Cvac,alpha) at 
kT = 5.0000e-01
mu = -1.0000e+01
Ngrid = 127

Cvac_min = 1.14375727e-05
alpha_min = 3.13019695e+02
freeEnergy_min = -1.28712117e+00
density_min = 9.99801588e-01

success = 1
