# Result for min over (Cvac,alpha) at 
kT = 6.6000e-01
mu = -7.7757e+00
Ngrid = 130

Cvac_min = 9.26668427e-06
alpha_min = 1.33716990e+02
freeEnergy_min = 3.74982868e-01
density_min = 9.32171608e-01

success = 1
