# Result for min over (Cvac,alpha) at 
kT = 8.2000e-01
mu = -5.3760e+00
Ngrid = 130

Cvac_min = 1.76716512e-04
alpha_min = 1.06553871e+02
freeEnergy_min = 2.05775110e-01
density_min = 9.32015514e-01

success = 1
