# Result for min over (Cvac,alpha) at 
kT = 6.8000e-01
mu = -7.4045e+00
Ngrid = 129

Cvac_min = 1.23093064e-05
alpha_min = 1.54585146e+02
freeEnergy_min = 3.32301387e-01
density_min = 9.54015598e-01

success = 1
