# Result for min over (Cvac,alpha) at 
kT = 8.4000e-01
mu = -4.9499e+00
Ngrid = 130

Cvac_min = 1.85505121e-04
alpha_min = 1.03787818e+02
freeEnergy_min = 8.41131322e-03
density_min = 9.32007322e-01

success = 1
