# Result for min over (Cvac,alpha) at 
kT = 5.0000e-01
mu = -1.0000e+01
Ngrid = 124

Cvac_min = 1.63167075e-04
alpha_min = 7.21799404e+02
freeEnergy_min = -1.02125343e+00
density_min = 1.07397465e+00

success = 1
