# Result for min over (Cvac,alpha) at 
kT = 5.0000e-01
mu = -1.0400e+01
Ngrid = 127

Cvac_min = 1.14212729e-05
alpha_min = 3.13032260e+02
freeEnergy_min = -8.87200645e-01
density_min = 9.99801604e-01

success = 1
