# Result for min over (Cvac,alpha) at 
kT = 8.4000e-01
mu = -5.1499e+00
Ngrid = 131

Cvac_min = 2.89735948e-04
alpha_min = 8.72907859e+01
freeEnergy_min = 1.88112694e-01
density_min = 9.10731203e-01

success = 1
