# Result for min over (Cvac,alpha) at 
kT = 8.8000e-01
mu = -4.7337e+00
Ngrid = 130

Cvac_min = 4.23570646e-04
alpha_min = 9.84969495e+01
freeEnergy_min = 1.77130885e-01
density_min = 9.31785402e-01

success = 1
