# Result for min over (Cvac,alpha) at 
kT = 8.0000e-01
mu = -5.4155e+00
Ngrid = 129

Cvac_min = 8.58961128e-05
alpha_min = 1.30659756e+02
freeEnergy_min = 4.25297783e-02
density_min = 9.53945394e-01

success = 1
