# Result for min over (Cvac,alpha) at 
kT = 7.4000e-01
mu = -6.0267e+00
Ngrid = 130

Cvac_min = 2.72093744e-05
alpha_min = 1.18894285e+02
freeEnergy_min = -1.02861012e-01
density_min = 9.32154882e-01

success = 1
