# Result for min over (Cvac,alpha) at 
kT = 6.0000e-01
mu = -9.0568e+00
Ngrid = 127

Cvac_min = 8.80421640e-06
alpha_min = 2.59596312e+02
freeEnergy_min = 4.73483153e-01
density_min = 9.99804221e-01

success = 1
