# Result for min over (Cvac,alpha) at 
kT = 6.2000e-01
mu = -8.1988e+00
Ngrid = 127

Cvac_min = 8.20469517e-06
alpha_min = 2.50882950e+02
freeEnergy_min = 4.73153750e-02
density_min = 9.99804820e-01

success = 1
