# Result for min over (Cvac,alpha) at 
kT = 6.8000e-01
mu = -7.2045e+00
Ngrid = 128

Cvac_min = 9.10877169e-06
alpha_min = 1.86258026e+02
freeEnergy_min = 1.49008608e-01
density_min = 9.76553605e-01

success = 1
