# Result for min over (Cvac,alpha) at 
kT = 6.2000e-01
mu = -8.5988e+00
Ngrid = 127

Cvac_min = 8.22242392e-06
alpha_min = 2.50842595e+02
freeEnergy_min = 4.47237307e-01
density_min = 9.99804802e-01

success = 1
