# Result for min over (Cvac,alpha) at 
kT = 5.4000e-01
mu = -1.0662e+01
Ngrid = 129

Cvac_min = 5.33224427e-06
alpha_min = 1.94275774e+02
freeEnergy_min = 5.99988167e-01
density_min = 9.54022255e-01

success = 1
