# Result for min over (Cvac,alpha) at 
kT = 8.2000e-01
mu = -5.3760e+00
Ngrid = 132

Cvac_min = 2.69589004e-04
alpha_min = 7.57673502e+01
freeEnergy_min = 2.11211207e-01
density_min = 8.90207117e-01

success = 1
