# Result for min over (Cvac,alpha) at 
kT = 5.0000e-01
mu = -1.1000e+01
Ngrid = 126

Cvac_min = 2.66042145e-05
alpha_min = 3.97285315e+02
freeEnergy_min = -2.58112000e-01
density_min = 1.02378029e+00

success = 1
