# Result for min over (Cvac,alpha) at 
kT = 8.2000e-01
mu = -4.9760e+00
Ngrid = 131

Cvac_min = 1.25882940e-04
alpha_min = 8.97380214e+01
freeEnergy_min = -1.61452406e-01
density_min = 9.10880472e-01

success = 1
