# Result for min over (Cvac,alpha) at 
kT = 5.4000e-01
mu = -1.0062e+01
Ngrid = 126

Cvac_min = 1.46027130e-05
alpha_min = 3.65550810e+02
freeEnergy_min = 2.92475674e-02
density_min = 1.02379257e+00

success = 1
