# Result for min over (Cvac,alpha) at 
kT = 5.0000e-01
mu = -1.0000e+01
Ngrid = 125

Cvac_min = 8.36347987e-05
alpha_min = 5.23890731e+02
freeEnergy_min = -1.20235376e+00
density_min = 1.04848830e+00

success = 1
