# Result for min over (Cvac,alpha) at 
kT = 7.8000e-01
mu = -5.4697e+00
Ngrid = 130

Cvac_min = 5.51923963e-05
alpha_min = 1.12470898e+02
freeEnergy_min = -1.39388386e-01
density_min = 9.32128797e-01

success = 1
