# Result for min over (Cvac,alpha) at 
kT = 8.4000e-01
mu = -4.9499e+00
Ngrid = 131

Cvac_min = 2.23142234e-04
alpha_min = 8.73110901e+01
freeEnergy_min = 5.96022926e-03
density_min = 9.10791870e-01

success = 1
