# Result for min over (Cvac,alpha) at 
kT = 6.6000e-01
mu = -7.3757e+00
Ngrid = 130

Cvac_min = 5.66231092e-06
alpha_min = 1.33718821e+02
freeEnergy_min = 2.11349546e-03
density_min = 9.32174967e-01

success = 1
