# Result for min over (Cvac,alpha) at 
kT = 6.6000e-01
mu = -7.5757e+00
Ngrid = 129

Cvac_min = 6.65733578e-06
alpha_min = 1.59321314e+02
freeEnergy_min = 1.67150682e-01
density_min = 9.54020990e-01

success = 1
