# Result for min over (Cvac,alpha) at 
kT = 9.0000e-01
mu = -4.5427e+00
Ngrid = 130

Cvac_min = 5.55401211e-04
alpha_min = 9.59928411e+01
freeEnergy_min = 1.70945355e-01
density_min = 9.31662512e-01

success = 1
