# Result for min over (Cvac,alpha) at 
kT = 6.8000e-01
mu = -7.0045e+00
Ngrid = 128

Cvac_min = 7.47258820e-06
alpha_min = 1.86257530e+02
freeEnergy_min = -4.63022834e-02
density_min = 9.76555203e-01

success = 1
