# Result for min over (Cvac,alpha) at 
kT = 8.4000e-01
mu = -4.7499e+00
Ngrid = 131

Cvac_min = 1.71631116e-04
alpha_min = 8.73259970e+01
freeEnergy_min = -1.76203040e-01
density_min = 9.10838796e-01

success = 1
