# Result for min over (Cvac,alpha) at 
kT = 7.6000e-01
mu = -5.9402e+00
Ngrid = 131

Cvac_min = 6.09754635e-05
alpha_min = 9.75627397e+01
freeEnergy_min = 7.82900150e-02
density_min = 9.10939603e-01

success = 1
