# Result for min over (Cvac,alpha) at 
kT = 7.6000e-01
mu = -5.7402e+00
Ngrid = 128

Cvac_min = 3.10598097e-05
alpha_min = 1.66073806e+02
freeEnergy_min = -1.03852508e-01
density_min = 9.76532168e-01

success = 1
