# Result for min over (Cvac,alpha) at 
kT = 5.0000e-01
mu = -1.0600e+01
Ngrid = 127

Cvac_min = 1.14540913e-05
alpha_min = 3.13147550e+02
freeEnergy_min = -6.87240231e-01
density_min = 9.99801571e-01

success = 1
