# Result for min over (Cvac,alpha) at 
kT = 6.6000e-01
mu = -7.3757e+00
Ngrid = 129

Cvac_min = 5.48142127e-06
alpha_min = 1.59321255e+02
freeEnergy_min = -2.36536329e-02
density_min = 9.54022112e-01

success = 1
