# Result for min over (Cvac,alpha) at 
kT = 8.8000e-01
mu = -4.3337e+00
Ngrid = 130

Cvac_min = 2.56036228e-04
alpha_min = 9.85512923e+01
freeEnergy_min = -1.95617309e-01
density_min = 9.31941574e-01

success = 1
