# Result for min over (Cvac,alpha) at 
kT = 6.2000e-01
mu = -8.1988e+00
Ngrid = 129

Cvac_min = 3.97574730e-06
alpha_min = 1.69611607e+02
freeEnergy_min = 3.76489126e-02
density_min = 9.54023549e-01

success = 1
