# Result for min over (Cvac,alpha) at 
kT = 7.2000e-01
mu = -6.3316e+00
Ngrid = 129

Cvac_min = 1.63637966e-05
alpha_min = 1.45829962e+02
freeEnergy_min = -9.21437847e-02
density_min = 9.54011730e-01

success = 1
