# Result for min over (Cvac,alpha) at 
kT = 6.8000e-01
mu = -7.2045e+00
Ngrid = 130

Cvac_min = 1.09186978e-05
alpha_min = 1.29727706e+02
freeEnergy_min = 1.57646980e-01
density_min = 9.32170068e-01

success = 1
