# Result for min over (Cvac,alpha) at 
kT = 5.0000e-01
mu = -1.0000e+01
Ngrid = 126

Cvac_min = 2.66750583e-05
alpha_min = 3.97566674e+02
freeEnergy_min = -1.28189242e+00
density_min = 1.02378021e+00

success = 1
