# Result for min over (Cvac,alpha) at 
kT = 9.0000e-01
mu = -4.3427e+00
Ngrid = 131

Cvac_min = 5.24375915e-04
alpha_min = 8.05486471e+01
freeEnergy_min = -2.84175085e-02
density_min = 9.10517447e-01

success = 1
