# Result for min over (Cvac,alpha) at 
kT = 5.6000e-01
mu = -1.0085e+01
Ngrid = 129

Cvac_min = 4.87096094e-06
alpha_min = 1.87546762e+02
freeEnergy_min = 5.46350717e-01
density_min = 9.54022695e-01

success = 1
