# Result for min over (Cvac,alpha) at 
kT = 8.6000e-01
mu = -4.5356e+00
Ngrid = 132

Cvac_min = 2.84591794e-04
alpha_min = 7.16114826e+01
freeEnergy_min = -1.80823773e-01
density_min = 8.90193757e-01

success = 1
