# Result for min over (Cvac,alpha) at 
kT = 6.4000e-01
mu = -8.1728e+00
Ngrid = 130

Cvac_min = 6.07004466e-06
alpha_min = 1.37923700e+02
freeEnergy_min = 4.09304302e-01
density_min = 9.32174587e-01

success = 1
