# Result for min over (Cvac,alpha) at 
kT = 8.8000e-01
mu = -4.3337e+00
Ngrid = 132

Cvac_min = 3.80819372e-04
alpha_min = 6.96253585e+01
freeEnergy_min = -1.95628033e-01
density_min = 8.90108072e-01

success = 1
