# Result for min over (Cvac,alpha) at 
kT = 8.2000e-01
mu = -4.9760e+00
Ngrid = 129

Cvac_min = 9.20207421e-05
alpha_min = 1.27279249e+02
freeEnergy_min = -1.57210638e-01
density_min = 9.53939551e-01

success = 1
