# Result for min over (Cvac,alpha) at 
kT = 8.6000e-01
mu = -4.7356e+00
Ngrid = 132

Cvac_min = 3.74350619e-04
alpha_min = 7.15910298e+01
freeEnergy_min = -2.79278414e-03
density_min = 8.90113832e-01

success = 1
