# Result for min over (Cvac,alpha) at 
kT = 8.0000e-01
mu = -5.2155e+00
Ngrid = 129

Cvac_min = 6.72835007e-05
alpha_min = 1.30668756e+02
freeEnergy_min = -1.48261144e-01
density_min = 9.53963151e-01

success = 1
