# Result for min over (Cvac,alpha) at 
kT = 5.0000e-01
mu = -1.1200e+01
Ngrid = 128

Cvac_min = 8.24474349e-06
alpha_min = 2.53535514e+02
freeEnergy_min = -6.63842282e-02
density_min = 9.76554448e-01

success = 1
