# Result for min over (Cvac,alpha) at 
kT = 7.8000e-01
mu = -5.8697e+00
Ngrid = 128

Cvac_min = 7.05222592e-05
alpha_min = 1.61613290e+02
freeEnergy_min = 2.77097191e-01
density_min = 9.76493631e-01

success = 1
