# Result for min over (Cvac,alpha) at 
kT = 6.8000e-01
mu = -7.2045e+00
Ngrid = 129

Cvac_min = 9.69722627e-06
alpha_min = 1.54586372e+02
freeEnergy_min = 1.41498008e-01
density_min = 9.54018090e-01

success = 1
