# Result for min over (Cvac,alpha) at 
kT = 6.2000e-01
mu = -7.9988e+00
Ngrid = 128

Cvac_min = 5.86305522e-06
alpha_min = 2.04552600e+02
freeEnergy_min = -1.69929419e-01
density_min = 9.76556774e-01

success = 1
