# Result for min over (Cvac,alpha) at 
kT = 7.2000e-01
mu = -6.7316e+00
Ngrid = 130

Cvac_min = 3.15232245e-05
alpha_min = 1.22327110e+02
freeEnergy_min = 2.91532349e-01
density_min = 9.32150860e-01

success = 1
