# Result for min over (Cvac,alpha) at 
kT = 7.4000e-01
mu = -6.4267e+00
Ngrid = 129

Cvac_min = 3.93156440e-05
alpha_min = 1.41766541e+02
freeEnergy_min = 2.72440311e-01
density_min = 9.53989833e-01

success = 1
