# Result for min over (Cvac,alpha) at 
kT = 7.8000e-01
mu = -5.6697e+00
Ngrid = 129

Cvac_min = 6.18819920e-05
alpha_min = 1.34199253e+02
freeEnergy_min = 5.35200927e-02
density_min = 9.53968305e-01

success = 1
