# Result for min over (Cvac,alpha) at 
kT = 7.2000e-01
mu = -6.5316e+00
Ngrid = 128

Cvac_min = 1.90983990e-05
alpha_min = 1.75647421e+02
freeEnergy_min = 1.15067408e-01
density_min = 9.76543849e-01

success = 1
