# Result for min over (Cvac,alpha) at 
kT = 9.0000e-01
mu = -4.5427e+00
Ngrid = 133

Cvac_min = 1.15584835e-03
alpha_min = 5.66646702e+01
freeEnergy_min = 1.48460051e-01
density_min = 8.69506355e-01

success = 1
