# Result for min over (Cvac,alpha) at 
kT = 7.4000e-01
mu = -6.2267e+00
Ngrid = 129

Cvac_min = 3.07236160e-05
alpha_min = 1.41767604e+02
freeEnergy_min = 8.16414937e-02
density_min = 9.53998030e-01

success = 1
