# Result for min over (Cvac,alpha) at 
kT = 7.2000e-01
mu = -6.3316e+00
Ngrid = 130

Cvac_min = 1.85522003e-05
alpha_min = 1.22331369e+02
freeEnergy_min = -8.13306101e-02
density_min = 9.32162952e-01

success = 1
