# Result for min over (Cvac,alpha) at 
kT = 8.6000e-01
mu = -4.9356e+00
Ngrid = 131

Cvac_min = 3.88692212e-04
alpha_min = 8.49586278e+01
freeEnergy_min = 1.74505544e-01
density_min = 9.10641054e-01

success = 1
