# Result for min over (Cvac,alpha) at 
kT = 8.8000e-01
mu = -4.7337e+00
Ngrid = 132

Cvac_min = 6.55789653e-04
alpha_min = 6.95519594e+01
freeEnergy_min = 1.60370634e-01
density_min = 8.89863225e-01

success = 1
