# Result for min over (Cvac,alpha) at 
kT = 7.0000e-01
mu = -6.8566e+00
Ngrid = 130

Cvac_min = 1.63929652e-05
alpha_min = 1.25938717e+02
freeEnergy_min = 1.29394213e-01
density_min = 9.32164965e-01

success = 1
