# Result for min over (Cvac,alpha) at 
kT = 8.0000e-01
mu = -5.4155e+00
Ngrid = 130

Cvac_min = 9.99889477e-05
alpha_min = 1.09453766e+02
freeEnergy_min = 3.21070147e-02
density_min = 9.32087038e-01

success = 1
