# Result for min over (Cvac,alpha) at 
kT = 6.8000e-01
mu = -7.0045e+00
Ngrid = 129

Cvac_min = 7.70844118e-06
alpha_min = 1.54587398e+02
freeEnergy_min = -4.93058087e-02
density_min = 9.54019988e-01

success = 1
