# Result for min over (Cvac,alpha) at 
kT = 9.0000e-01
mu = -4.3427e+00
Ngrid = 130

Cvac_min = 4.32429181e-04
alpha_min = 9.60357869e+01
freeEnergy_min = -1.53992539e-02
density_min = 9.31777144e-01

success = 1
