# Result for min over (Cvac,alpha) at 
kT = 8.6000e-01
mu = -4.5356e+00
Ngrid = 130

Cvac_min = 1.92337256e-04
alpha_min = 1.01127875e+02
freeEnergy_min = -1.87932860e-01
density_min = 9.32000953e-01

success = 1
