# Result for min over (Cvac,alpha) at 
kT = 5.8000e-01
mu = -8.9502e+00
Ngrid = 128

Cvac_min = 6.64402938e-06
alpha_min = 2.18645319e+02
freeEnergy_min = -1.03200533e-01
density_min = 9.76556012e-01

success = 1
