# Result for min over (Cvac,alpha) at 
kT = 7.6000e-01
mu = -6.1402e+00
Ngrid = 131

Cvac_min = 7.98695138e-05
alpha_min = 9.75579747e+01
freeEnergy_min = 2.60476294e-01
density_min = 9.10922390e-01

success = 1
