# Result for min over (Cvac,alpha) at 
kT = 8.8000e-01
mu = -4.5337e+00
Ngrid = 132

Cvac_min = 5.00673580e-04
alpha_min = 6.95914798e+01
freeEnergy_min = -1.76165423e-02
density_min = 8.90001348e-01

success = 1
