# Result for min over (Cvac,alpha) at 
kT = 6.8000e-01
mu = -7.4045e+00
Ngrid = 130

Cvac_min = 1.41857825e-05
alpha_min = 1.29727453e+02
freeEnergy_min = 3.44080705e-01
density_min = 9.32167022e-01

success = 1
