# Result for min over (Cvac,alpha) at 
kT = 8.2000e-01
mu = -5.3760e+00
Ngrid = 129

Cvac_min = 1.51121304e-04
alpha_min = 1.27257213e+02
freeEnergy_min = 2.24354822e-01
density_min = 9.53883168e-01

success = 1
