# Result for min over (Cvac,alpha) at 
kT = 5.2000e-01
mu = -1.0688e+01
Ngrid = 128

Cvac_min = 7.86928524e-06
alpha_min = 2.43736222e+02
freeEnergy_min = 3.88039847e-02
density_min = 9.76554815e-01

success = 1
