# Result for min over (Cvac,alpha) at 
kT = 6.8000e-01
mu = -7.0045e+00
Ngrid = 130

Cvac_min = 8.41746326e-06
alpha_min = 1.29729014e+02
freeEnergy_min = -2.87872789e-02
density_min = 9.32172399e-01

success = 1
