# Result for min over (Cvac,alpha) at 
kT = 6.0000e-01
mu = -8.6568e+00
Ngrid = 127

Cvac_min = 8.80094367e-06
alpha_min = 2.59540010e+02
freeEnergy_min = 7.35614040e-02
density_min = 9.99804224e-01

success = 1
