# Result for min over (Cvac,alpha) at 
kT = 7.0000e-01
mu = -6.6566e+00
Ngrid = 130

Cvac_min = 1.25611582e-05
alpha_min = 1.25939448e+02
freeEnergy_min = -5.70391592e-02
density_min = 9.32168537e-01

success = 1
