# Result for min over (Cvac,alpha) at 
kT = 7.6000e-01
mu = -6.1402e+00
Ngrid = 130

Cvac_min = 6.58054221e-05
alpha_min = 1.15600293e+02
freeEnergy_min = 2.50985610e-01
density_min = 9.32118903e-01

success = 1
