# Result for min over (Cvac,alpha) at 
kT = 5.2000e-01
mu = -1.0888e+01
Ngrid = 127

Cvac_min = 1.08171922e-05
alpha_min = 3.00612447e+02
freeEnergy_min = 2.28462157e-01
density_min = 9.99802208e-01

success = 1
