# Result for min over (Cvac,alpha) at 
kT = 8.8000e-01
mu = -4.7337e+00
Ngrid = 131

Cvac_min = 5.14686668e-04
alpha_min = 8.26941814e+01
freeEnergy_min = 1.63263857e-01
density_min = 9.10526274e-01

success = 1
