# Result for min over (Cvac,alpha) at 
kT = 8.6000e-01
mu = -4.9356e+00
Ngrid = 130

Cvac_min = 3.19313380e-04
alpha_min = 1.01090334e+02
freeEnergy_min = 1.84845708e-01
density_min = 9.31882588e-01

success = 1
