# Result for min over (Cvac,alpha) at 
kT = 6.6000e-01
mu = -7.5757e+00
Ngrid = 130

Cvac_min = 7.22336712e-06
alpha_min = 1.33718471e+02
freeEnergy_min = 1.88548350e-01
density_min = 9.32173512e-01

success = 1
