# Result for min over (Cvac,alpha) at 
kT = 6.4000e-01
mu = -7.7728e+00
Ngrid = 130

Cvac_min = 3.96921461e-06
alpha_min = 1.37924657e+02
freeEnergy_min = 3.64340302e-02
density_min = 9.32176546e-01

success = 1
