# Result for min over (Cvac,alpha) at 
kT = 7.8000e-01
mu = -5.8697e+00
Ngrid = 129

Cvac_min = 7.95676437e-05
alpha_min = 1.34193720e+02
freeEnergy_min = 2.44312143e-01
density_min = 9.53951432e-01

success = 1
