# Result for min over (Cvac,alpha) at 
kT = 8.4000e-01
mu = -4.9499e+00
Ngrid = 132

Cvac_min = 2.78896283e-04
alpha_min = 7.36500236e+01
freeEnergy_min = 1.45205519e-02
density_min = 8.90198829e-01

success = 1
