# Result for min over (Cvac,alpha) at 
kT = 7.8000e-01
mu = -5.6697e+00
Ngrid = 128

Cvac_min = 5.55556418e-05
alpha_min = 1.61614515e+02
freeEnergy_min = 8.17969378e-02
density_min = 9.76508246e-01

success = 1
