# Result for min over (Cvac,alpha) at 
kT = 7.6000e-01
mu = -5.7402e+00
Ngrid = 130

Cvac_min = 3.91230902e-05
alpha_min = 1.15609244e+02
freeEnergy_min = -1.21867315e-01
density_min = 9.32143776e-01

success = 1
