# Result for min over (Cvac,alpha) at 
kT = 8.0000e-01
mu = -5.6155e+00
Ngrid = 129

Cvac_min = 1.09976909e-04
alpha_min = 1.30647860e+02
freeEnergy_min = 2.33316619e-01
density_min = 9.53922421e-01

success = 1
