# Result for min over (Cvac,alpha) at 
kT = 5.2000e-01
mu = -1.0688e+01
Ngrid = 127

Cvac_min = 1.08407855e-05
alpha_min = 3.00653671e+02
freeEnergy_min = 2.85017239e-02
density_min = 9.99802184e-01

success = 1
