# Result for min over (Cvac,alpha) at 
kT = 8.4000e-01
mu = -5.1499e+00
Ngrid = 130

Cvac_min = 2.39159944e-04
alpha_min = 1.03768241e+02
freeEnergy_min = 1.94807988e-01
density_min = 9.31957306e-01

success = 1
