# Result for min over (Cvac,alpha) at 
kT = 5.2000e-01
mu = -1.0888e+01
Ngrid = 128

Cvac_min = 7.83850925e-06
alpha_min = 2.43714067e+02
freeEnergy_min = 2.34114873e-01
density_min = 9.76554845e-01

success = 1
