# Result for min over (Cvac,alpha) at 
kT = 5.8000e-01
mu = -9.1502e+00
Ngrid = 127

Cvac_min = 9.25050923e-06
alpha_min = 2.68746353e+02
freeEnergy_min = 1.04025584e-01
density_min = 9.99803774e-01

success = 1
