# Result for min over (Cvac,alpha) at 
kT = 8.2000e-01
mu = -5.3760e+00
Ngrid = 131

Cvac_min = 2.14094958e-04
alpha_min = 8.97158259e+01
freeEnergy_min = 2.02884998e-01
density_min = 9.10800112e-01

success = 1
