# Result for min over (Cvac,alpha) at 
kT = 9.0000e-01
mu = -4.5427e+00
Ngrid = 131

Cvac_min = 6.79387208e-04
alpha_min = 8.05039439e+01
freeEnergy_min = 1.53672669e-01
density_min = 9.10376233e-01

success = 1
