# Result for min over (Cvac,alpha) at 
kT = 7.2000e-01
mu = -6.5316e+00
Ngrid = 130

Cvac_min = 2.42284964e-05
alpha_min = 1.22331474e+02
freeEnergy_min = 1.05101470e-01
density_min = 9.32157660e-01

success = 1
