# Result for min over (Cvac,alpha) at 
kT = 8.4000e-01
mu = -4.7499e+00
Ngrid = 129

Cvac_min = 1.24680594e-04
alpha_min = 1.24027651e+02
freeEnergy_min = -1.64526330e-01
density_min = 9.53908393e-01

success = 1
