# Result for min over (Cvac,alpha) at 
kT = 5.2000e-01
mu = -1.1288e+01
Ngrid = 128

Cvac_min = 7.83858938e-06
alpha_min = 2.43811541e+02
freeEnergy_min = 6.24736751e-01
density_min = 9.76554845e-01

success = 1
