# Result for min over (Cvac,alpha) at 
kT = 7.0000e-01
mu = -6.8566e+00
Ngrid = 129

Cvac_min = 1.43565492e-05
alpha_min = 1.50095378e+02
freeEnergy_min = 1.18209938e-01
density_min = 9.54013645e-01

success = 1
