# Result for min over (Cvac,alpha) at 
kT = 5.0000e-01
mu = -1.1200e+01
Ngrid = 126

Cvac_min = 2.65470834e-05
alpha_min = 3.97071272e+02
freeEnergy_min = -5.33552688e-02
density_min = 1.02378035e+00

success = 1
