# Result for min over (Cvac,alpha) at 
kT = 7.0000e-01
mu = -7.0566e+00
Ngrid = 130

Cvac_min = 2.12870774e-05
alpha_min = 1.25935886e+02
freeEnergy_min = 3.15826774e-01
density_min = 9.32160402e-01

success = 1
