# Result for min over (Cvac,alpha) at 
kT = 5.8000e-01
mu = -9.3502e+00
Ngrid = 128

Cvac_min = 6.64971817e-06
alpha_min = 2.18716643e+02
freeEnergy_min = 2.87421831e-01
density_min = 9.76556006e-01

success = 1
