# Result for min over (Cvac,alpha) at 
kT = 9.0000e-01
mu = -4.1427e+00
Ngrid = 132

Cvac_min = 5.04992631e-04
alpha_min = 6.76958189e+01
freeEnergy_min = -2.08648500e-01
density_min = 8.89997502e-01

success = 1
