# Result for min over (Cvac,alpha) at 
kT = 5.6000e-01
mu = -1.0085e+01
Ngrid = 127

Cvac_min = 9.71467868e-06
alpha_min = 2.78797787e+02
freeEnergy_min = 5.40706578e-01
density_min = 9.99803310e-01

success = 1
