# Result for min over (Cvac,alpha) at 
kT = 6.2000e-01
mu = -8.3988e+00
Ngrid = 128

Cvac_min = 5.85793732e-06
alpha_min = 2.04584120e+02
freeEnergy_min = 2.20693305e-01
density_min = 9.76556779e-01

success = 1
