# Result for min over (Cvac,alpha) at 
kT = 8.6000e-01
mu = -4.5356e+00
Ngrid = 131

Cvac_min = 2.30725904e-04
alpha_min = 8.50022352e+01
freeEnergy_min = -1.89782167e-01
density_min = 9.10784961e-01

success = 1
