# Result for min over (Cvac,alpha) at 
kT = 7.2000e-01
mu = -6.3316e+00
Ngrid = 128

Cvac_min = 1.50865492e-05
alpha_min = 1.75645853e+02
freeEnergy_min = -8.02417641e-02
density_min = 9.76547767e-01

success = 1
