# Result for min over (Cvac,alpha) at 
kT = 8.2000e-01
mu = -4.9760e+00
Ngrid = 130

Cvac_min = 1.05850323e-04
alpha_min = 1.06570080e+02
freeEnergy_min = -1.67045396e-01
density_min = 9.32081574e-01

success = 1
