# Result for min over (Cvac,alpha) at 
kT = 5.8000e-01
mu = -9.5502e+00
Ngrid = 127

Cvac_min = 9.25751996e-06
alpha_min = 2.68803284e+02
freeEnergy_min = 5.03947108e-01
density_min = 9.99803767e-01

success = 1
