# Result for min over (Cvac,alpha) at 
kT = 5.6000e-01
mu = -1.0085e+01
Ngrid = 128

Cvac_min = 6.96432864e-06
alpha_min = 2.26448351e+02
freeEnergy_min = 5.24943013e-01
density_min = 9.76555699e-01

success = 1
