# Result for min over (Cvac,alpha) at 
kT = 7.8000e-01
mu = -5.6697e+00
Ngrid = 130

Cvac_min = 7.15465834e-05
alpha_min = 1.12463645e+02
freeEnergy_min = 4.70358785e-02
density_min = 9.32113551e-01

success = 1
