# Result for min over (Cvac,alpha) at 
kT = 7.6000e-01
mu = -6.1402e+00
Ngrid = 129

Cvac_min = 5.64816594e-05
alpha_min = 1.37892264e+02
freeEnergy_min = 2.57738673e-01
density_min = 9.53973457e-01

success = 1
