# Result for min over (Cvac,alpha) at 
kT = 8.2000e-01
mu = -5.1760e+00
Ngrid = 130

Cvac_min = 1.36534910e-04
alpha_min = 1.06565650e+02
freeEnergy_min = 1.93681340e-02
density_min = 9.32052971e-01

success = 1
