# Result for min over (Cvac,alpha) at 
kT = 8.0000e-01
mu = -5.6155e+00
Ngrid = 130

Cvac_min = 1.28847931e-04
alpha_min = 1.09443157e+02
freeEnergy_min = 2.18521862e-01
density_min = 9.32060136e-01

success = 1
