# Result for min over (Cvac,alpha) at 
kT = 5.0000e-01
mu = -1.1000e+01
Ngrid = 128

Cvac_min = 8.29131533e-06
alpha_min = 2.53365422e+02
freeEnergy_min = -2.61694993e-01
density_min = 9.76554403e-01

success = 1
