# Result for min over (Cvac,alpha) at 
kT = 7.8000e-01
mu = -5.8697e+00
Ngrid = 131

Cvac_min = 1.12780323e-04
alpha_min = 9.48390700e+01
freeEnergy_min = 2.38651769e-01
density_min = 9.10892409e-01

success = 1
