# Result for min over (Cvac,alpha) at 
kT = 7.8000e-01
mu = -5.4697e+00
Ngrid = 129

Cvac_min = 4.82111404e-05
alpha_min = 1.34199447e+02
freeEnergy_min = -1.37274909e-01
density_min = 9.53981347e-01

success = 1
