# Result for min over (Cvac,alpha) at 
kT = 7.8000e-01
mu = -5.8697e+00
Ngrid = 130

Cvac_min = 9.26914591e-05
alpha_min = 1.12459167e+02
freeEnergy_min = 2.33456668e-01
density_min = 9.32093841e-01

success = 1
