# Result for min over (Cvac,alpha) at 
kT = 5.4000e-01
mu = -1.0462e+01
Ngrid = 129

Cvac_min = 5.32985392e-06
alpha_min = 1.94306406e+02
freeEnergy_min = 4.09183704e-01
density_min = 9.54022257e-01

success = 1
