# Result for min over (Cvac,alpha) at 
kT = 6.8000e-01
mu = -7.4045e+00
Ngrid = 128

Cvac_min = 1.12206844e-05
alpha_min = 1.86256403e+02
freeEnergy_min = 3.44319132e-01
density_min = 9.76551542e-01

success = 1
