# Result for min over (Cvac,alpha) at 
kT = 8.2000e-01
mu = -5.1760e+00
Ngrid = 129

Cvac_min = 1.18147702e-04
alpha_min = 1.27266024e+02
freeEnergy_min = 3.35748776e-02
density_min = 9.53914626e-01

success = 1
