# Physical Properties at the Critical Point
eta = 1.30443884e-01
hsd = 1.00258554e+00
aVdW = -5.59395628e+00
kT = 1.40897188e+00
rho = 2.47207016e-01
mu = -2.79736721e+00
omega = -8.91120585e-02
