# Properties at the triple point
kT    = 8.42080317e-01
rhoV  = 8.25426555e-03
rhoL  = 6.99020682e-01
rhoS  = 9.16399556e-01
mu    = -4.91435992e+00
omega = -7.77136922e-03
