# Result for fluid-solid coexistence at 
kT = 8.6000e-01

fluidType = liquid

muCoex = -2.20175345e+00
freeEnergyCoex = -1.01185696e+00
densitySolidCoex = 8.32153221e-01
NgridCoex = 1.35271918e+02
CvacCoex = 6.54751679e-04
alphaCoex = 5.08414122e+01
densityFluidCoex = 7.00385249e-01

success = 1
