# Result for fluid-solid coexistence at 
kT = 9.0000e-01

fluidType = liquid

muCoex = -1.50874604e+00
freeEnergyCoex = -1.36492816e+00
densitySolidCoex = 8.41506940e-01
NgridCoex = 1.35212374e+02
CvacCoex = 6.05310435e-04
alphaCoex = 5.01478719e+01
densityFluidCoex = 7.21786935e-01

success = 1
