# Result for fluid-solid coexistence at 
kT = 1.1600e+00

fluidType = liquid

muCoex = 2.33668797e+00
freeEnergyCoex = -3.54386924e+00
densitySolidCoex = 8.92145904e-01
NgridCoex = 1.31904719e+02
CvacCoex = 2.60955565e-04
alphaCoex = 4.97214067e+01
densityFluidCoex = 8.14738733e-01

success = 1
