# Result for fluid-solid coexistence at 
kT = 1.1800e+00

fluidType = liquid

muCoex = 2.59429627e+00
freeEnergyCoex = -3.70709342e+00
densitySolidCoex = 8.96817993e-01
NgridCoex = 1.31676203e+02
CvacCoex = 2.41315524e-04
alphaCoex = 5.01099574e+01
densityFluidCoex = 8.20836217e-01

success = 1
