# Result for fluid-solid coexistence at 
kT = 1.3800e+00

fluidType = liquid

muCoex = 0.00000000e+00
freeEnergyCoex = 0.00000000e+00
densitySolidCoex = 0.00000000e+00
NgridCoex = 0.00000000e+00
CvacCoex = 0.00000000e+00
alphaCoex = 0.00000000e+00
densityFluidCoex = 0.00000000e+00

success = 0
