# Result for fluid-solid coexistence at 
kT = 1.0600e+00

fluidType = liquid

muCoex = 9.77023178e-01
freeEnergyCoex = -2.71778281e+00
densitySolidCoex = 8.70433124e-01
NgridCoex = 1.32987411e+02
CvacCoex = 3.75413195e-04
alphaCoex = 4.89237164e+01
densityFluidCoex = 7.82139953e-01

success = 1
