# Result for fluid-solid coexistence at 
kT = 7.8000e-01

fluidType = liquid

muCoex = -3.69316392e+00
freeEnergyCoex = -3.09720901e-01
densitySolidCoex = 8.19537258e-01
NgridCoex = 1.35705072e+02
CvacCoex = 6.82109287e-04
alphaCoex = 5.39534346e+01
densityFluidCoex = 6.51200832e-01

success = 1
