# Result for fluid-solid coexistence at 
kT = 1.3200e+00

fluidType = liquid

muCoex = 4.25911695e+00
freeEnergyCoex = -4.81102805e+00
densitySolidCoex = 9.26413544e-01
NgridCoex = 1.30262993e+02
CvacCoex = 1.41389862e-04
alphaCoex = 5.21984793e+01
densityFluidCoex = 8.59779187e-01

success = 1
