# Result for fluid-solid coexistence at 
kT = 8.4000e-01

fluidType = liquid

muCoex = -2.56143373e+00
freeEnergyCoex = -8.35754025e-01
densitySolidCoex = 8.28470153e-01
NgridCoex = 1.35368689e+02
CvacCoex = 6.70724600e-04
alphaCoex = 5.14168974e+01
densityFluidCoex = 6.89262345e-01

success = 1
