# Result for fluid-solid coexistence at 
kT = 8.2000e-01

fluidType = liquid

muCoex = -2.92997177e+00
freeEnergyCoex = -6.59794322e-01
densitySolidCoex = 8.25301046e-01
NgridCoex = 1.35472058e+02
CvacCoex = 6.84190880e-04
alphaCoex = 5.21692350e+01
densityFluidCoex = 6.77511534e-01

success = 1
