# Result for fluid-solid coexistence at 
kT = 1.3000e+00

fluidType = liquid

muCoex = 4.03269058e+00
freeEnergyCoex = -4.65540278e+00
densitySolidCoex = 9.22430879e-01
NgridCoex = 1.30449694e+02
CvacCoex = 1.53289525e-04
alphaCoex = 5.19051096e+01
densityFluidCoex = 8.54497899e-01

success = 1
