# Result for fluid-solid coexistence at 
kT = 9.8000e-01

fluidType = liquid

muCoex = -2.12128798e-01
freeEnergyCoex = -2.71642657e+00
densitySolidCoex = 1.11479846e+00
NgridCoex = 1.74294446e+02
CvacCoex = 5.94976083e-04
alphaCoex = 6.47498874e+01
densityFluidCoex = 9.83520153e-01

success = 1
