# Result for fluid-solid coexistence at 
kT = 9.6000e-01

fluidType = liquid

muCoex = -5.26196851e-01
freeEnergyCoex = -1.96112048e+00
densitySolidCoex = 8.83208627e-01
NgridCoex = 1.39237655e+02
CvacCoex = 5.28415240e-04
alphaCoex = 5.12642822e+01
densityFluidCoex = 7.74423823e-01

success = 1
