# Result for fluid-solid coexistence at 
kT = 1.2400e+00

fluidType = liquid

muCoex = 3.33332802e+00
freeEnergyCoex = -4.18603360e+00
densitySolidCoex = 9.09349905e-01
NgridCoex = 1.31070559e+02
CvacCoex = 1.91798966e-04
alphaCoex = 5.07654738e+01
densityFluidCoex = 8.38178340e-01

success = 1
