# Result for fluid-solid coexistence at 
kT = 7.2000e-01

fluidType = liquid

muCoex = -4.91238628e+00
freeEnergyCoex = 2.08855605e-01
densitySolidCoex = 8.14225926e-01
NgridCoex = 1.35969167e+02
CvacCoex = 6.07193403e-04
alphaCoex = 5.80864331e+01
densityFluidCoex = 5.95457504e-01

success = 1
