# Result for fluid computation at 
kT = 1.3200e+00
mu = 4.0820e+00

freeEnergyVapour = -4.65921104e+00
freeEnergyLiquid = -4.65921104e+00
densityVapour    = 8.54653741e-01
densityLiquid    = 8.54653741e-01
supercritical = 1

success = 1
