# Result for solid computation at 
kT = 1.2600e+00
mu = 3.4084e+00

Ngrid_min = 1.31103644e+02
Cvac_min = 2.23319770e-04
alpha_min = 4.90111773e+01
freeEnergy_min = -4.19555367e+00
freeEnergy_err = 5.80892236e-07
density_min = 9.08632936e-01

success = 1
