# Result for solid computation at 
kT = 1.0400e+00
mu = 7.7702e-01

Ngrid_min = 1.33052124e+02
Cvac_min = 3.54323500e-04
alpha_min = 4.99992918e+01
freeEnergy_min = -2.62676516e+00
freeEnergy_err = 6.45273204e-08
density_min = 8.69181582e-01

success = 1
