# Result for fluid computation at 
kT = 8.4000e-01
mu = -2.4018e+00

freeEnergyVapour = -9.43256171e-01
freeEnergyLiquid = -9.43256171e-01
densityVapour    = 6.98265493e-01
densityLiquid    = 6.98265493e-01
supercritical = 1

success = 1
