# Result for fluid computation at 
kT = 1.0400e+00
mu = 7.7702e-01

freeEnergyVapour = -2.61860273e+00
freeEnergyLiquid = -2.61860273e+00
densityVapour    = 7.78529547e-01
densityLiquid    = 7.78529547e-01
supercritical = 1

success = 1
