# Result for solid computation at 
kT = 1.3000e+00
mu = 4.0591e+00

Ngrid_min = 1.30413910e+02
Cvac_min = 1.47563629e-04
alpha_min = 5.22408720e+01
freeEnergy_min = -4.67979276e+00
freeEnergy_err = 4.06089850e-05
density_min = 9.23195029e-01

success = 1
