# Result for fluid computation at 
kT = 8.6000e-01
mu = -2.0506e+00

freeEnergyVapour = -1.11349023e+00
freeEnergyLiquid = -1.11349023e+00
densityVapour    = 7.07818998e-01
densityLiquid    = 7.07818998e-01
supercritical = 1

success = 1
