# Result for solid computation at 
kT = 1.2200e+00
mu = 3.3333e+00

Ngrid_min = 1.30927151e+02
Cvac_min = 1.47839166e-04
alpha_min = 5.35839758e+01
freeEnergy_min = -4.24731789e+00
freeEnergy_err = 2.07785519e-07
density_min = 9.12382033e-01

success = 1
