# Result for fluid computation at 
kT = 1.4000e+00
mu = 5.1000e+00

freeEnergyVapour = -5.39957515e+00
freeEnergyLiquid = -5.39957515e+00
densityVapour    = 8.79270530e-01
densityLiquid    = 8.79270530e-01
supercritical = 1

success = 1
