# Result for fluid computation at 
kT = 1.1600e+00
mu = 2.1943e+00

freeEnergyVapour = -3.42820189e+00
freeEnergyLiquid = -3.42820189e+00
densityVapour    = 8.09931773e-01
densityLiquid    = 8.09931773e-01
supercritical = 1

success = 1
