# Result for fluid computation at 
kT = 1.0600e+00
mu = 8.6054e-01

freeEnergyVapour = -2.62694039e+00
freeEnergyLiquid = -2.62694039e+00
densityVapour    = 7.77658514e-01
densityLiquid    = 7.77658514e-01
supercritical = 1

success = 1
