# Result for fluid computation at 
kT = 1.3800e+00
mu = 4.9223e+00

freeEnergyVapour = -5.27772411e+00
freeEnergyLiquid = -5.27772411e+00
densityVapour    = 8.75257007e-01
densityLiquid    = 8.75257007e-01
supercritical = 1

success = 1
