# Result for fluid computation at 
kT = 1.3400e+00
mu = 4.9223e+00

freeEnergyVapour = -5.34944509e+00
freeEnergyLiquid = -5.34944509e+00
densityVapour    = 8.77019118e-01
densityLiquid    = 8.77019118e-01
supercritical = 1

success = 1
