# Result for fluid computation at 
kT = 1.3200e+00
mu = 4.2820e+00

freeEnergyVapour = -4.83072234e+00
freeEnergyLiquid = -4.83072234e+00
densityVapour    = 8.60433136e-01
densityLiquid    = 8.60433136e-01
supercritical = 1

success = 1
