# Result for solid computation at 
kT = 1.0600e+00
mu = 1.0605e+00

Ngrid_min = 1.32842069e+02
Cvac_min = 3.31661890e-04
alpha_min = 5.00251717e+01
freeEnergy_min = -2.79064595e+00
freeEnergy_err = 1.78110031e-06
density_min = 8.73331781e-01

success = 1
