# Result for fluid computation at 
kT = 7.8000e-01
mu = -3.3060e+00

freeEnergyVapour = -5.66967792e-01
freeEnergyLiquid = -5.66967792e-01
densityVapour    = 6.80295102e-01
densityLiquid    = 6.80295102e-01
supercritical = 1

success = 1
