# Result for fluid computation at 
kT = 1.4000e+00
mu = 4.3000e+00

freeEnergyVapour = -4.70509802e+00
freeEnergyLiquid = -4.70509802e+00
densityVapour    = 8.56526717e-01
densityLiquid    = 8.56526717e-01
supercritical = 1

success = 1
