# Result for fluid computation at 
kT = 1.0200e+00
mu = 4.8733e-01

freeEnergyVapour = -2.45287174e+00
freeEnergyLiquid = -2.45287174e+00
densityVapour    = 7.71570281e-01
densityLiquid    = 7.71570281e-01
supercritical = 1

success = 1
