# Result for fluid computation at 
kT = 1.4000e+00
mu = 5.5000e+00

freeEnergyVapour = -5.75340804e+00
freeEnergyLiquid = -5.75340804e+00
densityVapour    = 8.89808628e-01
densityLiquid    = 8.89808628e-01
supercritical = 1

success = 1
