# Result for fluid computation at 
kT = 8.8000e-01
mu = -1.7087e+00

freeEnergyVapour = -1.28243290e+00
freeEnergyLiquid = -1.28243290e+00
densityVapour    = 7.16850137e-01
densityLiquid    = 7.16850137e-01
supercritical = 1

success = 1
