# Result for solid computation at 
kT = 1.3800e+00
mu = 5.5223e+00

Ngrid_min = 1.28935032e+02
Cvac_min = 4.91978845e-05
alpha_min = 6.18386045e+01
freeEnergy_min = -5.84703263e+00
freeEnergy_err = 1.70920134e-07
density_min = 9.55423502e-01

success = 1
