# Result for fluid computation at 
kT = 1.2400e+00
mu = 3.5730e+00

freeEnergyVapour = -4.38782140e+00
freeEnergyLiquid = -4.38782140e+00
densityVapour    = 8.45406585e-01
densityLiquid    = 8.45406585e-01
supercritical = 1

success = 1
