# Result for solid computation at 
kT = 1.3800e+00
mu = 5.1223e+00

Ngrid_min = 1.29406134e+02
Cvac_min = 8.41086594e-05
alpha_min = 5.63714190e+01
freeEnergy_min = -5.46696426e+00
freeEnergy_err = 4.12019118e-05
density_min = 9.44992060e-01

success = 1
