# Result for fluid computation at 
kT = 1.3600e+00
mu = 4.9223e+00

freeEnergyVapour = -5.31293723e+00
freeEnergyLiquid = -5.31293723e+00
densityVapour    = 8.76123321e-01
densityLiquid    = 8.76123321e-01
supercritical = 1

success = 1
