# Result for fluid computation at 
kT = 7.6000e-01
mu = -3.6932e+00

freeEnergyVapour = -3.10923286e-02
freeEnergyLiquid = -3.94040838e-01
densityVapour    = 4.20480235e-02
densityLiquid    = 6.69202738e-01
supercritical = 0

success = 1
