# Result for solid computation at 
kT = 7.0000e-01
mu = -5.1124e+00

Ngrid_min = 1.35519456e+02
Cvac_min = 3.83126195e-04
alpha_min = 6.37233758e+01
freeEnergy_min = 1.92329575e-01
freeEnergy_err = 4.41904041e-05
density_min = 8.22544080e-01

success = 1
