# Result for fluid computation at 
kT = 1.0400e+00
mu = 5.7702e-01

freeEnergyVapour = -2.46367798e+00
freeEnergyLiquid = -2.46367798e+00
densityVapour    = 7.70663350e-01
densityLiquid    = 7.70663350e-01
supercritical = 1

success = 1
