# Result for fluid computation at 
kT = 1.3000e+00
mu = 3.6591e+00

freeEnergyVapour = -4.33824042e+00
freeEnergyLiquid = -4.33824042e+00
densityVapour    = 8.43347046e-01
densityLiquid    = 8.43347046e-01
supercritical = 1

success = 1
