# Result for fluid computation at 
kT = 1.2400e+00
mu = 3.1730e+00

freeEnergyVapour = -4.05207595e+00
freeEnergyLiquid = -4.05207595e+00
densityVapour    = 8.33201227e-01
densityLiquid    = 8.33201227e-01
supercritical = 1

success = 1
