# Result for fluid computation at 
kT = 1.0800e+00
mu = 1.1347e+00

freeEnergyVapour = -2.78644291e+00
freeEnergyLiquid = -2.78644291e+00
densityVapour    = 7.84321846e-01
densityLiquid    = 7.84321846e-01
supercritical = 1

success = 1
