# Result for fluid computation at 
kT = 1.1800e+00
mu = 2.4420e+00

freeEnergyVapour = -3.58249047e+00
freeEnergyLiquid = -3.58249047e+00
densityVapour    = 8.15808459e-01
densityLiquid    = 8.15808459e-01
supercritical = 1

success = 1
