# Result for fluid computation at 
kT = 8.4000e-01
mu = -2.2018e+00

freeEnergyVapour = -1.08406754e+00
freeEnergyLiquid = -1.08406754e+00
densityVapour    = 7.09706693e-01
densityLiquid    = 7.09706693e-01
supercritical = 1

success = 1
