# Result for solid computation at 
kT = 1.1400e+00
mu = 2.3367e+00

Ngrid_min = 1.31707294e+02
Cvac_min = 1.94214275e-04
alpha_min = 5.29273415e+01
freeEnergy_min = -3.61390543e+00
freeEnergy_err = 1.24661062e-05
density_min = 8.96224064e-01

success = 1
