# Result for fluid computation at 
kT = 1.2800e+00
mu = 4.0327e+00

freeEnergyVapour = -4.69517239e+00
freeEnergyLiquid = -4.69517239e+00
densityVapour    = 8.55828459e-01
densityLiquid    = 8.55828459e-01
supercritical = 1

success = 1
