# Result for fluid computation at 
kT = 1.2800e+00
mu = 3.6327e+00

freeEnergyVapour = -4.35517662e+00
freeEnergyLiquid = -4.35517662e+00
densityVapour    = 8.44040397e-01
densityLiquid    = 8.44040397e-01
supercritical = 1

success = 1
