# Result for solid computation at 
kT = 9.2000e-01
mu = -1.2473e+00

Ngrid_min = 1.34613102e+02
Cvac_min = 6.45473709e-04
alpha_min = 4.86131934e+01
freeEnergy_min = -1.46508193e+00
freeEnergy_err = 2.16241939e-05
density_min = 8.39050432e-01

success = 1
