# Result for fluid computation at 
kT = 1.3400e+00
mu = 4.7223e+00

freeEnergyVapour = -5.17457769e+00
freeEnergyLiquid = -5.17457769e+00
densityVapour    = 8.71632264e-01
densityLiquid    = 8.71632264e-01
supercritical = 1

success = 1
