# Result for fluid computation at 
kT = 7.0000e-01
mu = -4.9124e+00

freeEnergyVapour = -7.78205432e-03
freeEnergyLiquid = 1.20563013e-01
densityVapour    = 8.26199024e-03
densityLiquid    = 6.29423961e-01
supercritical = 0

success = 1
