# Result for fluid computation at 
kT = 1.1800e+00
mu = 2.8420e+00

freeEnergyVapour = -3.91143180e+00
freeEnergyLiquid = -3.91143180e+00
densityVapour    = 8.28760668e-01
densityLiquid    = 8.28760668e-01
supercritical = 1

success = 1
