# Result for fluid computation at 
kT = 9.4000e-01
mu = -5.2620e-01

freeEnergyVapour = -1.93739848e+00
freeEnergyLiquid = -1.93739848e+00
densityVapour    = 7.50872701e-01
densityLiquid    = 7.50872701e-01
supercritical = 1

success = 1
