# Result for fluid computation at 
kT = 1.2000e+00
mu = 3.0893e+00

freeEnergyVapour = -4.07052154e+00
freeEnergyLiquid = -4.07052154e+00
densityVapour    = 8.34389563e-01
densityLiquid    = 8.34389563e-01
supercritical = 1

success = 1
