# Result for fluid computation at 
kT = 9.8000e-01
mu = 9.2851e-02

freeEnergyVapour = -2.27375940e+00
freeEnergyLiquid = -2.27375940e+00
densityVapour    = 7.65484351e-01
densityLiquid    = 7.65484351e-01
supercritical = 1

success = 1
