# Result for fluid computation at 
kT = 1.1200e+00
mu = 1.8735e+00

freeEnergyVapour = -3.26831335e+00
freeEnergyLiquid = -3.26831335e+00
densityVapour    = 8.04442336e-01
densityLiquid    = 8.04442336e-01
supercritical = 1

success = 1
