# Result for fluid computation at 
kT = 9.0000e-01
mu = -1.1737e+00

freeEnergyVapour = -1.59775740e+00
freeEnergyLiquid = -1.59775740e+00
densityVapour    = 7.35296914e-01
densityLiquid    = 7.35296914e-01
supercritical = 1

success = 1
