# Result for fluid computation at 
kT = 7.2000e-01
mu = -4.8968e+00

freeEnergyVapour = -7.89441623e-03
freeEnergyLiquid = 1.99595501e-01
densityVapour    = 8.36919706e-03
densityLiquid    = 5.97929251e-01
supercritical = 0

success = 1
