# Result for solid computation at 
kT = 9.4000e-01
mu = -7.2620e-01

Ngrid_min = 1.34048516e+02
Cvac_min = 4.54783047e-04
alpha_min = 5.08671157e+01
freeEnergy_min = -1.80128844e+00
freeEnergy_err = 4.83262551e-08
density_min = 8.49857846e-01

success = 1
