# Result for solid computation at 
kT = 1.0200e+00
mu = 2.8733e-01

Ngrid_min = 1.33599595e+02
Cvac_min = 5.03509085e-04
alpha_min = 4.75851589e+01
freeEnergy_min = -2.28909473e+00
freeEnergy_err = 2.59542600e-05
density_min = 8.58413129e-01

success = 1
