# Result for fluid computation at 
kT = 9.6000e-01
mu = -4.1213e-01

freeEnergyVapour = -1.95604774e+00
freeEnergyLiquid = -1.95604774e+00
densityVapour    = 7.49728034e-01
densityLiquid    = 7.49728034e-01
supercritical = 1

success = 1
