# Result for fluid computation at 
kT = 1.3600e+00
mu = 4.7223e+00

freeEnergyVapour = -5.13825586e+00
freeEnergyLiquid = -5.13825586e+00
densityVapour    = 8.70667311e-01
densityLiquid    = 8.70667311e-01
supercritical = 1

success = 1
