# Result for fluid computation at 
kT = 8.0000e-01
mu = -3.3300e+00

freeEnergyVapour = -4.67907095e-01
freeEnergyLiquid = -4.67907095e-01
densityVapour    = 6.62922405e-01
densityLiquid    = 6.62922405e-01
supercritical = 1

success = 1
