# Result for fluid computation at 
kT = 1.2000e+00
mu = 2.6893e+00

freeEnergyVapour = -3.73927731e+00
freeEnergyLiquid = -3.73927731e+00
densityVapour    = 8.21700607e-01
densityLiquid    = 8.21700607e-01
supercritical = 1

success = 1
