# Result for fluid computation at 
kT = 1.2400e+00
mu = 3.3730e+00

freeEnergyVapour = -4.21933850e+00
freeEnergyLiquid = -4.21933850e+00
densityVapour    = 8.39393481e-01
densityLiquid    = 8.39393481e-01
supercritical = 1

success = 1
