# Result for fluid computation at 
kT = 1.3600e+00
mu = 5.3223e+00

freeEnergyVapour = -5.66550635e+00
freeEnergyLiquid = -5.66550635e+00
densityVapour    = 8.86636457e-01
densityLiquid    = 8.86636457e-01
supercritical = 1

success = 1
