# Result for solid computation at 
kT = 8.6000e-01
mu = -1.8506e+00

Ngrid_min = 1.34361165e+02
Cvac_min = 3.76134870e-04
alpha_min = 5.57022970e+01
freeEnergy_min = -1.30163380e+00
freeEnergy_err = 2.12678037e-05
density_min = 8.44004459e-01

success = 1
