# Result for fluid computation at 
kT = 1.0000e+00
mu = 1.9366e-01

freeEnergyVapour = -2.28791312e+00
freeEnergyLiquid = -2.28791312e+00
densityVapour    = 7.64496901e-01
densityLiquid    = 7.64496901e-01
supercritical = 1

success = 1
