# Result for fluid computation at 
kT = 1.0600e+00
mu = 1.0605e+00

freeEnergyVapour = -2.78324052e+00
freeEnergyLiquid = -2.78324052e+00
densityVapour    = 7.85292072e-01
densityLiquid    = 7.85292072e-01
supercritical = 1

success = 1
