# Result for fluid computation at 
kT = 1.2600e+00
mu = 3.6084e+00

freeEnergyVapour = -4.37541996e+00
freeEnergyLiquid = -4.37541996e+00
densityVapour    = 8.44858297e-01
densityLiquid    = 8.44858297e-01
supercritical = 1

success = 1
