# Result for fluid computation at 
kT = 1.3000e+00
mu = 4.0591e+00

freeEnergyVapour = -4.67798524e+00
freeEnergyLiquid = -4.67798524e+00
densityVapour    = 8.55265352e-01
densityLiquid    = 8.55265352e-01
supercritical = 1

success = 1
