# Result for fluid computation at 
kT = 1.4000e+00
mu = 4.9000e+00

freeEnergyVapour = -5.22426547e+00
freeEnergyLiquid = -5.22426547e+00
densityVapour    = 8.73803333e-01
densityLiquid    = 8.73803333e-01
supercritical = 1

success = 1
