# Result for solid computation at 
kT = 1.2400e+00
mu = 3.1730e+00

Ngrid_min = 1.31299295e+02
Cvac_min = 2.40873916e-04
alpha_min = 4.87841867e+01
freeEnergy_min = -4.04065754e+00
freeEnergy_err = 1.40568752e-05
density_min = 9.04560546e-01

success = 1
