# Result for fluid computation at 
kT = 1.1000e+00
mu = 1.4070e+00

freeEnergyVapour = -2.94792121e+00
freeEnergyLiquid = -2.94792121e+00
densityVapour    = 7.90949793e-01
densityLiquid    = 7.90949793e-01
supercritical = 1

success = 1
