# Result for fluid computation at 
kT = 1.1400e+00
mu = 2.1367e+00

freeEnergyVapour = -3.43030185e+00
freeEnergyLiquid = -3.43030185e+00
densityVapour    = 8.10625358e-01
densityLiquid    = 8.10625358e-01
supercritical = 1

success = 1
