# Result for fluid computation at 
kT = 8.2000e-01
mu = -2.5614e+00

freeEnergyVapour = -9.11587388e-01
freeEnergyLiquid = -9.11587388e-01
densityVapour    = 7.00386559e-01
densityLiquid    = 7.00386559e-01
supercritical = 1

success = 1
