# Result for solid computation at 
kT = 7.6000e-01
mu = -4.0932e+00

Ngrid_min = 1.35810312e+02
Cvac_min = 6.69171290e-04
alpha_min = 5.50255623e+01
freeEnergy_min = -1.32269318e-01
freeEnergy_err = 2.50673939e-06
density_min = 8.17036153e-01

success = 1
