# Result for solid computation at 
kT = 1.4000e+00
mu = 4.5000e+00

Ngrid_min = 1.30347183e+02
Cvac_min = 2.48945229e-04
alpha_min = 4.58129300e+01
freeEnergy_min = -4.83770797e+00
freeEnergy_err = 2.28298425e-05
density_min = 9.24519971e-01

success = 1
