# Result for solid computation at 
kT = 8.4000e-01
mu = -2.2018e+00

Ngrid_min = 1.34498568e+02
Cvac_min = 3.79255144e-04
alpha_min = 5.65783297e+01
freeEnergy_min = -1.13302389e+00
freeEnergy_err = 5.68239660e-05
density_min = 8.41417563e-01

success = 1
