# Result for fluid computation at 
kT = 9.2000e-01
mu = -8.4734e-01

freeEnergyVapour = -1.76714965e+00
freeEnergyLiquid = -1.76714965e+00
densityVapour    = 7.43167040e-01
densityLiquid    = 7.43167040e-01
supercritical = 1

success = 1
