# Result for fluid computation at 
kT = 9.0000e-01
mu = -1.5737e+00

freeEnergyVapour = -1.30757853e+00
freeEnergyLiquid = -1.30757853e+00
densityVapour    = 7.15193968e-01
densityLiquid    = 7.15193968e-01
supercritical = 1

success = 1
