# Result for fluid computation at 
kT = 1.0800e+00
mu = 1.3347e+00

freeEnergyVapour = -2.94405458e+00
freeEnergyLiquid = -2.94405458e+00
densityVapour    = 7.91747386e-01
densityLiquid    = 7.91747386e-01
supercritical = 1

success = 1
