# Result for fluid computation at 
kT = 8.6000e-01
mu = -1.8506e+00

freeEnergyVapour = -1.25614515e+00
freeEnergyLiquid = -1.25614515e+00
densityVapour    = 7.18608361e-01
densityLiquid    = 7.18608361e-01
supercritical = 1

success = 1
