# Result for min over (Cvac,alpha) at 
kT = 1.3600e+00
mu = 5.1223e+00
Ngrid = 129

Cvac_min = 7.50034692e-05
alpha_min = 6.26908885e+01
freeEnergy_min = -5.51548695e+00
freeEnergy_err = 0.00000000e+00
density_min = 9.53955786e-01

success = 1
