# Result for min over (Cvac,alpha) at 
kT = 8.4000e-01
mu = -2.2018e+00
Ngrid = 132

Cvac_min = 3.93023900e-04
alpha_min = 7.98042249e+01
freeEnergy_min = -1.09394296e+00
freeEnergy_err = 0.00000000e+00
density_min = 8.90097204e-01

success = 1
