# Result for min over (Cvac,alpha) at 
kT = 9.8000e-01
mu = 9.2851e-02
Ngrid = 135

Cvac_min = 3.06967716e-04
alpha_min = 4.16021539e+01
freeEnergy_min = -2.28956042e+00
freeEnergy_err = 0.00000000e+00
density_min = 8.32137918e-01

success = 1
