# Result for min over (Cvac,alpha) at 
kT = 1.0400e+00
mu = 9.7702e-01
Ngrid = 131

Cvac_min = 3.19478892e-04
alpha_min = 6.86159648e+01
freeEnergy_min = -2.78165491e+00
freeEnergy_err = 0.00000000e+00
density_min = 9.10704107e-01

success = 1
