# Result for min over (Cvac,alpha) at 
kT = 7.6000e-01
mu = -3.8932e+00
Ngrid = 133

Cvac_min = 4.29323719e-04
alpha_min = 7.90843381e+01
freeEnergy_min = -2.65505752e-01
freeEnergy_err = 0.00000000e+00
density_min = 8.70138804e-01

success = 1
