# Result for min over (Cvac,alpha) at 
kT = 8.2000e-01
mu = -2.7614e+00
Ngrid = 134

Cvac_min = 4.94201038e-04
alpha_min = 6.25184365e+01
freeEnergy_min = -7.92001378e-01
freeEnergy_err = 0.00000000e+00
density_min = 8.50747880e-01

success = 1
