# Result for min over (Cvac,alpha) at 
kT = 1.3000e+00
mu = 3.8591e+00
Ngrid = 131

Cvac_min = 1.86883861e-04
alpha_min = 4.70872440e+01
freeEnergy_min = -4.49473935e+00
freeEnergy_err = 0.00000000e+00
density_min = 9.10824901e-01

success = 1
