# Result for min over (Cvac,alpha) at 
kT = 9.8000e-01
mu = -1.0715e-01
Ngrid = 136

Cvac_min = 4.53965243e-04
alpha_min = 3.60045907e+01
freeEnergy_min = -2.10731259e+00
freeEnergy_err = 0.00000000e+00
density_min = 8.13796894e-01

success = 1
