# Result for min over (Cvac,alpha) at 
kT = 7.2000e-01
mu = -4.8968e+00
Ngrid = 137

Cvac_min = 6.96240872e-04
alpha_min = 5.12412143e+01
freeEnergy_min = 2.00793334e-01
freeEnergy_err = 0.00000000e+00
density_min = 7.95913318e-01

success = 1
