# Result for min over (Cvac,alpha) at 
kT = 1.3600e+00
mu = 5.3223e+00
Ngrid = 131

Cvac_min = 2.43732010e-05
alpha_min = 4.31606288e+01
freeEnergy_min = -5.67567758e+00
freeEnergy_err = 0.00000000e+00
density_min = 9.10972947e-01

success = 1
