# Result for min over (Cvac,alpha) at 
kT = 8.8000e-01
mu = -1.9087e+00
Ngrid = 136

Cvac_min = 7.45821186e-04
alpha_min = 4.31808373e+01
freeEnergy_min = -1.12851730e+00
freeEnergy_err = 0.00000000e+00
density_min = 8.13559274e-01

success = 1
