# Result for min over (Cvac,alpha) at 
kT = 1.3800e+00
mu = 5.7223e+00
Ngrid = 129

Cvac_min = 3.42513799e-05
alpha_min = 6.10534214e+01
freeEnergy_min = -6.03779105e+00
freeEnergy_err = 0.00000000e+00
density_min = 9.53994665e-01

success = 1
