# Result for min over (Cvac,alpha) at 
kT = 1.3400e+00
mu = 4.9223e+00
Ngrid = 129

Cvac_min = 8.27084829e-05
alpha_min = 6.43824246e+01
freeEnergy_min = -5.37662767e+00
freeEnergy_err = 0.00000000e+00
density_min = 9.53948435e-01

success = 1
