# Result for min over (Cvac,alpha) at 
kT = 9.8000e-01
mu = -3.0715e-01
Ngrid = 132

Cvac_min = 5.95354425e-04
alpha_min = 6.41564439e+01
freeEnergy_min = -1.93824553e+00
freeEnergy_err = 0.00000000e+00
density_min = 8.89917040e-01

success = 1
