# Result for min over (Cvac,alpha) at 
kT = 9.0000e-01
mu = -1.5737e+00
Ngrid = 136

Cvac_min = 7.33469909e-04
alpha_min = 4.16458722e+01
freeEnergy_min = -1.29371725e+00
freeEnergy_err = 0.00000000e+00
density_min = 8.13569330e-01

success = 1
