# Result for min over (Cvac,alpha) at 
kT = 1.1600e+00
mu = 2.3943e+00
Ngrid = 132

Cvac_min = 2.35500938e-04
alpha_min = 4.89544333e+01
freeEnergy_min = -3.59513805e+00
freeEnergy_err = 0.00000000e+00
density_min = 8.90237470e-01

success = 1
