# Result for min over (Cvac,alpha) at 
kT = 1.1600e+00
mu = 2.1943e+00
Ngrid = 133

Cvac_min = 3.03691759e-04
alpha_min = 4.16789229e+01
freeEnergy_min = -3.41240207e+00
freeEnergy_err = 0.00000000e+00
density_min = 8.70248168e-01

success = 1
