# Result for min over (Cvac,alpha) at 
kT = 1.4000e+00
mu = 5.5000e+00
Ngrid = 130

Cvac_min = 4.83773879e-05
alpha_min = 4.90194815e+01
freeEnergy_min = -5.76882870e+00
freeEnergy_err = 0.00000000e+00
density_min = 9.32135149e-01

success = 1
