# Result for min over (Cvac,alpha) at 
kT = 1.3800e+00
mu = 4.9223e+00
Ngrid = 131

Cvac_min = 8.31650316e-05
alpha_min = 4.18866624e+01
freeEnergy_min = -5.26431030e+00
freeEnergy_err = 0.00000000e+00
density_min = 9.10919388e-01

success = 1
