# Result for min over (Cvac,alpha) at 
kT = 7.4000e-01
mu = -4.2902e+00
Ngrid = 136

Cvac_min = 4.85935700e-04
alpha_min = 5.57787382e+01
freeEnergy_min = -1.29780636e-01
freeEnergy_err = 0.00000000e+00
density_min = 8.13770864e-01

success = 1
