# Result for min over (Cvac,alpha) at 
kT = 1.2800e+00
mu = 3.6327e+00
Ngrid = 132

Cvac_min = 1.85986195e-04
alpha_min = 4.07770957e+01
freeEnergy_min = -4.33484115e+00
freeEnergy_err = 0.00000000e+00
density_min = 8.90281561e-01

success = 1
