# Result for min over (Cvac,alpha) at 
kT = 1.2000e+00
mu = 2.6893e+00
Ngrid = 130

Cvac_min = 3.49748841e-04
alpha_min = 6.46581892e+01
freeEnergy_min = -3.70668623e+00
freeEnergy_err = 0.00000000e+00
density_min = 9.31854217e-01

success = 1
