# Result for min over (Cvac,alpha) at 
kT = 1.2200e+00
mu = 3.1333e+00
Ngrid = 129

Cvac_min = 2.83102598e-04
alpha_min = 7.54615616e+01
freeEnergy_min = -4.02594012e+00
freeEnergy_err = 0.00000000e+00
density_min = 9.53757254e-01

success = 1
