# Result for min over (Cvac,alpha) at 
kT = 1.3600e+00
mu = 5.1223e+00
Ngrid = 127

Cvac_min = 1.25707779e-04
alpha_min = 9.42307902e+01
freeEnergy_min = -5.46064646e+00
freeEnergy_err = 0.00000000e+00
density_min = 9.99687339e-01

success = 1
