# Result for min over (Cvac,alpha) at 
kT = 8.4000e-01
mu = -2.2018e+00
Ngrid = 135

Cvac_min = 3.85488601e-04
alpha_min = 5.29822169e+01
freeEnergy_min = -1.13157282e+00
freeEnergy_err = 0.00000000e+00
density_min = 8.32072558e-01

success = 1
