# Result for min over (Cvac,alpha) at 
kT = 1.3000e+00
mu = 3.2591e+00
Ngrid = 131

Cvac_min = 4.85692871e-04
alpha_min = 4.69843757e+01
freeEnergy_min = -3.94831405e+00
freeEnergy_err = 0.00000000e+00
density_min = 9.10552687e-01

success = 1
