# Result for min over (Cvac,alpha) at 
kT = 1.2400e+00
mu = 3.3730e+00
Ngrid = 133

Cvac_min = 1.14916553e-04
alpha_min = 3.66332251e+01
freeEnergy_min = -4.19662185e+00
freeEnergy_err = 0.00000000e+00
density_min = 8.70412499e-01

success = 1
