# Result for min over (Cvac,alpha) at 
kT = 7.0000e-01
mu = -5.1124e+00
Ngrid = 138

Cvac_min = 5.71264244e-04
alpha_min = 4.72760396e+01
freeEnergy_min = 2.15838038e-01
freeEnergy_err = 0.00000000e+00
density_min = 7.78833324e-01

success = 1
