# Result for min over (Cvac,alpha) at 
kT = 7.2000e-01
mu = -4.6968e+00
Ngrid = 133

Cvac_min = 3.62609804e-04
alpha_min = 8.46975737e+01
freeEnergy_min = 6.79582002e-02
freeEnergy_err = 0.00000000e+00
density_min = 8.70196879e-01

success = 1
