# Result for min over (Cvac,alpha) at 
kT = 1.3400e+00
mu = 5.1223e+00
Ngrid = 130

Cvac_min = 4.45303580e-05
alpha_min = 5.33223116e+01
freeEnergy_min = -5.56269048e+00
freeEnergy_err = 0.00000000e+00
density_min = 9.32138735e-01

success = 1
