# Result for min over (Cvac,alpha) at 
kT = 1.0600e+00
mu = 1.2605e+00
Ngrid = 130

Cvac_min = 3.39779389e-04
alpha_min = 7.86366314e+01
freeEnergy_min = -2.91943027e+00
freeEnergy_err = 0.00000000e+00
density_min = 9.31863510e-01

success = 1
