# Result for min over (Cvac,alpha) at 
kT = 1.3800e+00
mu = 5.7223e+00
Ngrid = 128

Cvac_min = 4.87987988e-05
alpha_min = 7.45569573e+01
freeEnergy_min = -6.03420738e+00
freeEnergy_err = 0.00000000e+00
density_min = 9.76514845e-01

success = 1
