# Result for min over (Cvac,alpha) at 
kT = 1.4000e+00
mu = 5.5000e+00
Ngrid = 129

Cvac_min = 6.24631639e-05
alpha_min = 5.94293935e+01
freeEnergy_min = -5.77742494e+00
freeEnergy_err = 0.00000000e+00
density_min = 9.53967750e-01

success = 1
