# Result for min over (Cvac,alpha) at 
kT = 1.1200e+00
mu = 1.6735e+00
Ngrid = 135

Cvac_min = 2.77315948e-04
alpha_min = 3.23362656e+01
freeEnergy_min = -3.06726709e+00
freeEnergy_err = 0.00000000e+00
density_min = 8.32162600e-01

success = 1
