# Result for min over (Cvac,alpha) at 
kT = 1.1400e+00
mu = 2.1367e+00
Ngrid = 134

Cvac_min = 2.17429281e-04
alpha_min = 3.67442794e+01
freeEnergy_min = -3.41280017e+00
freeEnergy_err = 0.00000000e+00
density_min = 8.50983459e-01

success = 1
