# Result for min over (Cvac,alpha) at 
kT = 1.2600e+00
mu = 3.4084e+00
Ngrid = 133

Cvac_min = 1.43586364e-04
alpha_min = 3.54187834e+01
freeEnergy_min = -4.17284599e+00
freeEnergy_err = 0.00000000e+00
density_min = 8.70387542e-01

success = 1
