# Result for min over (Cvac,alpha) at 
kT = 1.2000e+00
mu = 2.8893e+00
Ngrid = 133

Cvac_min = 1.76895807e-04
alpha_min = 3.91122555e+01
freeEnergy_min = -3.89156395e+00
freeEnergy_err = 0.00000000e+00
density_min = 8.70358545e-01

success = 1
