# Result for min over (Cvac,alpha) at 
kT = 1.0800e+00
mu = 1.3347e+00
Ngrid = 134

Cvac_min = 3.00540995e-04
alpha_min = 4.06475326e+01
freeEnergy_min = -2.94011081e+00
freeEnergy_err = 0.00000000e+00
density_min = 8.50912717e-01

success = 1
