# Result for min over (Cvac,alpha) at 
kT = 1.3800e+00
mu = 4.9223e+00
Ngrid = 128

Cvac_min = 1.60846971e-04
alpha_min = 7.45118660e+01
freeEnergy_min = -5.25303130e+00
freeEnergy_err = 0.00000000e+00
density_min = 9.76405423e-01

success = 1
