# Result for min over (Cvac,alpha) at 
kT = 1.2000e+00
mu = 2.6893e+00
Ngrid = 132

Cvac_min = 2.71050140e-04
alpha_min = 4.60602797e+01
freeEnergy_min = -3.72707861e+00
freeEnergy_err = 0.00000000e+00
density_min = 8.90205816e-01

success = 1
