# Result for min over (Cvac,alpha) at 
kT = 1.3000e+00
mu = 4.0591e+00
Ngrid = 128

Cvac_min = 2.35740535e-04
alpha_min = 8.25013901e+01
freeEnergy_min = -4.62715637e+00
freeEnergy_err = 0.00000000e+00
density_min = 9.76332285e-01

success = 1
