# Result for min over (Cvac,alpha) at 
kT = 1.0200e+00
mu = 4.8733e-01
Ngrid = 131

Cvac_min = 4.45049636e-04
alpha_min = 7.06190327e+01
freeEnergy_min = -2.42883519e+00
freeEnergy_err = 0.00000000e+00
density_min = 9.10589713e-01

success = 1
