# Result for min over (Cvac,alpha) at 
kT = 1.3800e+00
mu = 4.9223e+00
Ngrid = 130

Cvac_min = 1.02963918e-04
alpha_min = 5.03963011e+01
freeEnergy_min = -5.27721825e+00
freeEnergy_err = 0.00000000e+00
density_min = 9.32084265e-01

success = 1
