# Result for min over (Cvac,alpha) at 
kT = 1.1200e+00
mu = 1.8735e+00
Ngrid = 134

Cvac_min = 2.49059923e-04
alpha_min = 3.80150709e+01
freeEnergy_min = -3.25577844e+00
freeEnergy_err = 0.00000000e+00
density_min = 8.50956536e-01

success = 1
