# Result for min over (Cvac,alpha) at 
kT = 1.1600e+00
mu = 2.5943e+00
Ngrid = 129

Cvac_min = 2.75783831e-04
alpha_min = 8.17884563e+01
freeEnergy_min = -3.72318414e+00
freeEnergy_err = 0.00000000e+00
density_min = 9.53764236e-01

success = 1
