# Result for min over (Cvac,alpha) at 
kT = 1.1600e+00
mu = 2.1943e+00
Ngrid = 134

Cvac_min = 2.76846982e-04
alpha_min = 3.54804279e+01
freeEnergy_min = -3.39766943e+00
freeEnergy_err = 0.00000000e+00
density_min = 8.50932885e-01

success = 1
