# Result for min over (Cvac,alpha) at 
kT = 1.0400e+00
mu = 7.7702e-01
Ngrid = 131

Cvac_min = 4.20881033e-04
alpha_min = 6.85871980e+01
freeEnergy_min = -2.59952282e+00
freeEnergy_err = 0.00000000e+00
density_min = 9.10611730e-01

success = 1
