# Result for min over (Cvac,alpha) at 
kT = 1.3600e+00
mu = 4.7223e+00
Ngrid = 131

Cvac_min = 9.47058055e-05
alpha_min = 4.31450257e+01
freeEnergy_min = -5.12911033e+00
freeEnergy_err = 0.00000000e+00
density_min = 9.10908874e-01

success = 1
