# Result for min over (Cvac,alpha) at 
kT = 1.3400e+00
mu = 4.9223e+00
Ngrid = 131

Cvac_min = 4.94264763e-05
alpha_min = 4.44510742e+01
freeEnergy_min = -5.36004810e+00
freeEnergy_err = 0.00000000e+00
density_min = 9.10950124e-01

success = 1
