# Result for min over (Cvac,alpha) at 
kT = 1.3800e+00
mu = 5.5223e+00
Ngrid = 131

Cvac_min = 1.32457015e-05
alpha_min = 4.18936643e+01
freeEnergy_min = -5.81088356e+00
freeEnergy_err = 0.00000000e+00
density_min = 9.10983084e-01

success = 1
