# Result for min over (Cvac,alpha) at 
kT = 1.0600e+00
mu = 1.2605e+00
Ngrid = 133

Cvac_min = 2.39500461e-04
alpha_min = 4.88595555e+01
freeEnergy_min = -2.96455893e+00
freeEnergy_err = 0.00000000e+00
density_min = 8.70304047e-01

success = 1
