# Result for min over (Cvac,alpha) at 
kT = 1.0600e+00
mu = 1.2605e+00
Ngrid = 131

Cvac_min = 2.97675363e-04
alpha_min = 6.66478584e+01
freeEnergy_min = -2.95078163e+00
freeEnergy_err = 0.00000000e+00
density_min = 9.10723970e-01

success = 1
