# Result for min over (Cvac,alpha) at 
kT = 1.1600e+00
mu = 2.5943e+00
Ngrid = 131

Cvac_min = 1.96523017e-04
alpha_min = 5.76988166e+01
freeEnergy_min = -3.77335109e+00
freeEnergy_err = 0.00000000e+00
density_min = 9.10816119e-01

success = 1
