# Result for min over (Cvac,alpha) at 
kT = 1.0600e+00
mu = 1.0605e+00
Ngrid = 135

Cvac_min = 3.16960484e-04
alpha_min = 3.61345510e+01
freeEnergy_min = -2.76692823e+00
freeEnergy_err = 0.00000000e+00
density_min = 8.32129600e-01

success = 1
