# Result for min over (Cvac,alpha) at 
kT = 8.4000e-01
mu = -2.4018e+00
Ngrid = 136

Cvac_min = 5.60588781e-04
alpha_min = 4.64683309e+01
freeEnergy_min = -9.59829421e-01
freeEnergy_err = 0.00000000e+00
density_min = 8.13710084e-01

success = 1
