# Result for min over (Cvac,alpha) at 
kT = 1.3600e+00
mu = 5.3223e+00
Ngrid = 127

Cvac_min = 9.54336029e-05
alpha_min = 9.42499557e+01
freeEnergy_min = -5.66058712e+00
freeEnergy_err = 0.00000000e+00
density_min = 9.99717608e-01

success = 1
