# Result for min over (Cvac,alpha) at 
kT = 1.0800e+00
mu = 1.1347e+00
Ngrid = 134

Cvac_min = 4.15541358e-04
alpha_min = 4.06201457e+01
freeEnergy_min = -2.76993741e+00
freeEnergy_err = 0.00000000e+00
density_min = 8.50814832e-01

success = 1
