# Result for min over (Cvac,alpha) at 
kT = 1.4000e+00
mu = 5.3000e+00
Ngrid = 129

Cvac_min = 8.70578221e-05
alpha_min = 5.94210891e+01
freeEnergy_min = -5.58663360e+00
freeEnergy_err = 0.00000000e+00
density_min = 9.53944286e-01

success = 1
