# Result for min over (Cvac,alpha) at 
kT = 9.4000e-01
mu = -5.2620e-01
Ngrid = 136

Cvac_min = 3.62812840e-04
alpha_min = 3.87837536e+01
freeEnergy_min = -1.94683820e+00
freeEnergy_err = 0.00000000e+00
density_min = 8.13871107e-01

success = 1
