# Result for min over (Cvac,alpha) at 
kT = 1.3800e+00
mu = 5.1223e+00
Ngrid = 130

Cvac_min = 7.29668669e-05
alpha_min = 5.04091794e+01
freeEnergy_min = -5.46363806e+00
freeEnergy_err = 0.00000000e+00
density_min = 9.32112228e-01

success = 1
