# Result for min over (Cvac,alpha) at 
kT = 1.2800e+00
mu = 4.0327e+00
Ngrid = 128

Cvac_min = 1.97496591e-04
alpha_min = 8.46618925e+01
freeEnergy_min = -4.66075820e+00
freeEnergy_err = 0.00000000e+00
density_min = 9.76369632e-01

success = 1
