# Result for min over (Cvac,alpha) at 
kT = 9.4000e-01
mu = -9.2620e-01
Ngrid = 136

Cvac_min = 6.89274863e-04
alpha_min = 3.87191808e+01
freeEnergy_min = -1.62133785e+00
freeEnergy_err = 0.00000000e+00
density_min = 8.13605313e-01

success = 1
