# Result for min over (Cvac,alpha) at 
kT = 1.3400e+00
mu = 4.5223e+00
Ngrid = 131

Cvac_min = 1.03953869e-04
alpha_min = 4.44355910e+01
freeEnergy_min = -4.99567702e+00
freeEnergy_err = 0.00000000e+00
density_min = 9.10900450e-01

success = 1
