# Result for min over (Cvac,alpha) at 
kT = 7.0000e-01
mu = -5.1124e+00
Ngrid = 137

Cvac_min = 4.70782859e-04
alpha_min = 5.32908738e+01
freeEnergy_min = 2.01464693e-01
freeEnergy_err = 0.00000000e+00
density_min = 7.96092888e-01

success = 1
