# Result for min over (Cvac,alpha) at 
kT = 9.2000e-01
mu = -1.2473e+00
Ngrid = 137

Cvac_min = 8.18652850e-04
alpha_min = 3.49097408e+01
freeEnergy_min = -1.44358447e+00
freeEnergy_err = 0.00000000e+00
density_min = 7.95815821e-01

success = 1
