# Result for min over (Cvac,alpha) at 
kT = 1.2800e+00
mu = 3.6327e+00
Ngrid = 129

Cvac_min = 2.86143566e-04
alpha_min = 6.96525276e+01
freeEnergy_min = -4.31429943e+00
freeEnergy_err = 0.00000000e+00
density_min = 9.53754353e-01

success = 1
