# Result for min over (Cvac,alpha) at 
kT = 1.1200e+00
mu = 1.6735e+00
Ngrid = 134

Cvac_min = 3.55391305e-04
alpha_min = 3.79907973e+01
freeEnergy_min = -3.08559573e+00
freeEnergy_err = 0.00000000e+00
density_min = 8.50866030e-01

success = 1
