# Result for min over (Cvac,alpha) at 
kT = 9.8000e-01
mu = -3.0715e-01
Ngrid = 136

Cvac_min = 6.35527500e-04
alpha_min = 3.59690417e+01
freeEnergy_min = -1.94456726e+00
freeEnergy_err = 0.00000000e+00
density_min = 8.13649072e-01

success = 1
