# Result for min over (Cvac,alpha) at 
kT = 1.1600e+00
mu = 2.3943e+00
Ngrid = 131

Cvac_min = 2.67281743e-04
alpha_min = 5.76719605e+01
freeEnergy_min = -3.59119404e+00
freeEnergy_err = 0.00000000e+00
density_min = 9.10751659e-01

success = 1
