# Result for min over (Cvac,alpha) at 
kT = 1.3200e+00
mu = 4.0820e+00
Ngrid = 132

Cvac_min = 1.36569989e-04
alpha_min = 3.83166489e+01
freeEnergy_min = -4.63170984e+00
freeEnergy_err = 0.00000000e+00
density_min = 8.90325563e-01

success = 1
