# Result for min over (Cvac,alpha) at 
kT = 1.3600e+00
mu = 4.9223e+00
Ngrid = 128

Cvac_min = 1.31461702e-04
alpha_min = 7.64491244e+01
freeEnergy_min = -5.30434359e+00
freeEnergy_err = 0.00000000e+00
density_min = 9.76434119e-01

success = 1
