# Result for min over (Cvac,alpha) at 
kT = 1.2200e+00
mu = 3.3333e+00
Ngrid = 133

Cvac_min = 9.23769729e-05
alpha_min = 3.78679836e+01
freeEnergy_min = -4.21886711e+00
freeEnergy_err = 0.00000000e+00
density_min = 8.70432120e-01

success = 1
