# Result for min over (Cvac,alpha) at 
kT = 8.8000e-01
mu = -1.5087e+00
Ngrid = 136

Cvac_min = 4.00462307e-04
alpha_min = 4.32509431e+01
freeEnergy_min = -1.45400239e+00
freeEnergy_err = 0.00000000e+00
density_min = 8.13840454e-01

success = 1
