# Result for min over (Cvac,alpha) at 
kT = 8.0000e-01
mu = -2.9300e+00
Ngrid = 134

Cvac_min = 3.65637190e-04
alpha_min = 6.46954462e+01
freeEnergy_min = -7.92845623e-01
freeEnergy_err = 0.00000000e+00
density_min = 8.50857309e-01

success = 1
