# Result for min over (Cvac,alpha) at 
kT = 1.3600e+00
mu = 5.1223e+00
Ngrid = 131

Cvac_min = 4.15872893e-05
alpha_min = 4.31580038e+01
freeEnergy_min = -5.49348450e+00
freeEnergy_err = 0.00000000e+00
density_min = 9.10957265e-01

success = 1
