# Result for min over (Cvac,alpha) at 
kT = 1.1200e+00
mu = 1.6735e+00
Ngrid = 131

Cvac_min = 4.24904667e-04
alpha_min = 6.10606390e+01
freeEnergy_min = -3.08175063e+00
freeEnergy_err = 0.00000000e+00
density_min = 9.10608065e-01

success = 1
