# Result for min over (Cvac,alpha) at 
kT = 1.3800e+00
mu = 5.1223e+00
Ngrid = 131

Cvac_min = 5.33243890e-05
alpha_min = 4.18922022e+01
freeEnergy_min = -5.44649703e+00
freeEnergy_err = 0.00000000e+00
density_min = 9.10946573e-01

success = 1
