# Result for min over (Cvac,alpha) at 
kT = 7.2000e-01
mu = -4.6968e+00
Ngrid = 134

Cvac_min = 3.75904965e-04
alpha_min = 7.42831657e+01
freeEnergy_min = 4.38553459e-02
freeEnergy_err = 0.00000000e+00
density_min = 8.50848570e-01

success = 1
