# Result for min over (Cvac,alpha) at 
kT = 7.2000e-01
mu = -4.6968e+00
Ngrid = 136

Cvac_min = 4.50295899e-04
alpha_min = 5.78901666e+01
freeEnergy_min = 3.33972394e-02
freeEnergy_err = 0.00000000e+00
density_min = 8.13799881e-01

success = 1
