# Result for min over (Cvac,alpha) at 
kT = 1.4000e+00
mu = 4.3000e+00
Ngrid = 130

Cvac_min = 3.56407761e-04
alpha_min = 4.88978663e+01
freeEnergy_min = -4.65038834e+00
freeEnergy_err = 0.00000000e+00
density_min = 9.31848010e-01

success = 1
