# Result for min over (Cvac,alpha) at 
kT = 1.4000e+00
mu = 5.5000e+00
Ngrid = 131

Cvac_min = 1.77958786e-05
alpha_min = 4.06559188e+01
freeEnergy_min = -5.74528445e+00
freeEnergy_err = 0.00000000e+00
density_min = 9.10978939e-01

success = 1
