# Result for min over (Cvac,alpha) at 
kT = 1.4000e+00
mu = 4.9000e+00
Ngrid = 130

Cvac_min = 1.35169163e-04
alpha_min = 4.89872865e+01
freeEnergy_min = -5.20956807e+00
freeEnergy_err = 0.00000000e+00
density_min = 9.32054244e-01

success = 1
