# Result for min over (Cvac,alpha) at 
kT = 7.0000e-01
mu = -5.3124e+00
Ngrid = 135

Cvac_min = 4.76346953e-04
alpha_min = 6.78778052e+01
freeEnergy_min = 3.59863323e-01
freeEnergy_err = 0.00000000e+00
density_min = 8.31996928e-01

success = 1
