# Result for min over (Cvac,alpha) at 
kT = 7.8000e-01
mu = -3.5060e+00
Ngrid = 134

Cvac_min = 4.64330473e-04
alpha_min = 6.69218986e+01
freeEnergy_min = -4.55240047e-01
freeEnergy_err = 0.00000000e+00
density_min = 8.50773305e-01

success = 1
