# Result for min over (Cvac,alpha) at 
kT = 1.2400e+00
mu = 3.1730e+00
Ngrid = 133

Cvac_min = 1.89445103e-04
alpha_min = 3.66231081e+01
freeEnergy_min = -4.02254557e+00
freeEnergy_err = 0.00000000e+00
density_min = 8.70347621e-01

success = 1
