# Result for min over (Cvac,alpha) at 
kT = 1.3200e+00
mu = 4.4820e+00
Ngrid = 132

Cvac_min = 4.14803798e-05
alpha_min = 3.83260761e+01
freeEnergy_min = -4.98785839e+00
freeEnergy_err = 0.00000000e+00
density_min = 8.90410235e-01

success = 1
