# Result for min over (Cvac,alpha) at 
kT = 1.1200e+00
mu = 2.0735e+00
Ngrid = 134

Cvac_min = 1.71102189e-04
alpha_min = 3.80327098e+01
freeEnergy_min = -3.42597671e+00
freeEnergy_err = 0.00000000e+00
density_min = 8.51022891e-01

success = 1
