# Result for min over (Cvac,alpha) at 
kT = 1.2800e+00
mu = 4.0327e+00
Ngrid = 130

Cvac_min = 1.29592847e-04
alpha_min = 5.79382436e+01
freeEnergy_min = -4.71011355e+00
freeEnergy_err = 0.00000000e+00
density_min = 9.32059442e-01

success = 1
