# Result for min over (Cvac,alpha) at 
kT = 7.2000e-01
mu = -4.8968e+00
Ngrid = 134

Cvac_min = 4.90309626e-04
alpha_min = 7.42508830e+01
freeEnergy_min = 2.14015722e-01
freeEnergy_err = 0.00000000e+00
density_min = 8.50751192e-01

success = 1
