# Result for min over (Cvac,alpha) at 
kT = 1.3000e+00
mu = 3.6591e+00
Ngrid = 129

Cvac_min = 3.45227801e-04
alpha_min = 6.77986124e+01
freeEnergy_min = -4.28150180e+00
freeEnergy_err = 0.00000000e+00
density_min = 9.53697985e-01

success = 1
