# Result for min over (Cvac,alpha) at 
kT = 8.6000e-01
mu = -1.8506e+00
Ngrid = 132

Cvac_min = 3.97183216e-04
alpha_min = 7.73212601e+01
freeEnergy_min = -1.26728460e+00
freeEnergy_err = 0.00000000e+00
density_min = 8.90093501e-01

success = 1
