# Result for min over (Cvac,alpha) at 
kT = 1.3600e+00
mu = 5.3223e+00
Ngrid = 129

Cvac_min = 5.40745319e-05
alpha_min = 6.27009087e+01
freeEnergy_min = -5.70628021e+00
freeEnergy_err = 0.00000000e+00
density_min = 9.53975753e-01

success = 1
