# Result for min over (Cvac,alpha) at 
kT = 1.1200e+00
mu = 1.8735e+00
Ngrid = 130

Cvac_min = 3.62865347e-04
alpha_min = 7.22691511e+01
freeEnergy_min = -3.23784082e+00
freeEnergy_err = 0.00000000e+00
density_min = 9.31841990e-01

success = 1
