# Result for min over (Cvac,alpha) at 
kT = 1.4000e+00
mu = 4.7000e+00
Ngrid = 131

Cvac_min = 1.63861922e-04
alpha_min = 4.06298967e+01
freeEnergy_min = -5.01654527e+00
freeEnergy_err = 0.00000000e+00
density_min = 9.10845874e-01

success = 1
