# Result for min over (Cvac,alpha) at 
kT = 9.2000e-01
mu = -1.0473e+00
Ngrid = 136

Cvac_min = 5.20540365e-04
alpha_min = 4.01987616e+01
freeEnergy_min = -1.61987224e+00
freeEnergy_err = 0.00000000e+00
density_min = 8.13742691e-01

success = 1
