# Result for min over (Cvac,alpha) at 
kT = 1.2000e+00
mu = 2.8893e+00
Ngrid = 129

Cvac_min = 3.07038977e-04
alpha_min = 7.74969363e+01
freeEnergy_min = -3.86090475e+00
freeEnergy_err = 0.00000000e+00
density_min = 9.53734418e-01

success = 1
