# Result for min over (Cvac,alpha) at 
kT = 8.2000e-01
mu = -2.9614e+00
Ngrid = 133

Cvac_min = 6.37828243e-04
alpha_min = 7.15114529e+01
freeEnergy_min = -6.00849375e-01
freeEnergy_err = 0.00000000e+00
density_min = 8.69957298e-01

success = 1
