# Result for min over (Cvac,alpha) at 
kT = 7.0000e-01
mu = -5.3124e+00
Ngrid = 137

Cvac_min = 6.32162839e-04
alpha_min = 5.32623176e+01
freeEnergy_min = 3.60671001e-01
freeEnergy_err = 0.00000000e+00
density_min = 7.95964354e-01

success = 1
