# Result for min over (Cvac,alpha) at 
kT = 1.2200e+00
mu = 3.3333e+00
Ngrid = 129

Cvac_min = 2.14086195e-04
alpha_min = 7.54864401e+01
freeEnergy_min = -4.21669851e+00
freeEnergy_err = 0.00000000e+00
density_min = 9.53823098e-01

success = 1
