# Result for min over (Cvac,alpha) at 
kT = 7.2000e-01
mu = -4.8968e+00
Ngrid = 138

Cvac_min = 8.45481319e-04
alpha_min = 4.53815979e+01
freeEnergy_min = 2.11576168e-01
freeEnergy_err = 0.00000000e+00
density_min = 7.78619632e-01

success = 1
