# Result for min over (Cvac,alpha) at 
kT = 1.2800e+00
mu = 4.0327e+00
Ngrid = 129

Cvac_min = 1.60996754e-04
alpha_min = 6.97042366e+01
freeEnergy_min = -4.69582713e+00
freeEnergy_err = 0.00000000e+00
density_min = 9.53873746e-01

success = 1
