# Result for min over (Cvac,alpha) at 
kT = 9.0000e-01
mu = -1.1737e+00
Ngrid = 133

Cvac_min = 3.69961019e-04
alpha_min = 6.28973631e+01
freeEnergy_min = -1.63134411e+00
freeEnergy_err = 0.00000000e+00
density_min = 8.70190480e-01

success = 1
