# Result for min over (Cvac,alpha) at 
kT = 1.3200e+00
mu = 4.4820e+00
Ngrid = 128

Cvac_min = 1.62666191e-04
alpha_min = 8.04470471e+01
freeEnergy_min = -4.98282720e+00
freeEnergy_err = 0.00000000e+00
density_min = 9.76403646e-01

success = 1
