# Result for min over (Cvac,alpha) at 
kT = 1.3200e+00
mu = 4.0820e+00
Ngrid = 128

Cvac_min = 2.80820048e-04
alpha_min = 8.03915500e+01
freeEnergy_min = -4.59228693e+00
freeEnergy_err = 0.00000000e+00
density_min = 9.76288262e-01

success = 1
