# Result for min over (Cvac,alpha) at 
kT = 1.3800e+00
mu = 5.3223e+00
Ngrid = 127

Cvac_min = 1.14785898e-04
alpha_min = 9.19425915e+01
freeEnergy_min = -5.60830868e+00
freeEnergy_err = 0.00000000e+00
density_min = 9.99698259e-01

success = 1
