# Result for min over (Cvac,alpha) at 
kT = 1.3400e+00
mu = 4.7223e+00
Ngrid = 128

Cvac_min = 1.42687447e-04
alpha_min = 7.84269100e+01
freeEnergy_min = -5.16225652e+00
freeEnergy_err = 0.00000000e+00
density_min = 9.76423157e-01

success = 1
