# Result for min over (Cvac,alpha) at 
kT = 1.3600e+00
mu = 5.1223e+00
Ngrid = 130

Cvac_min = 5.71809171e-05
alpha_min = 5.18472664e+01
freeEnergy_min = -5.51225761e+00
freeEnergy_err = 0.00000000e+00
density_min = 9.32126943e-01

success = 1
