# Result for min over (Cvac,alpha) at 
kT = 1.3000e+00
mu = 3.4591e+00
Ngrid = 129

Cvac_min = 4.57442478e-04
alpha_min = 6.77493862e+01
freeEnergy_min = -4.09077238e+00
freeEnergy_err = 0.00000000e+00
density_min = 9.53590929e-01

success = 1
