# Result for min over (Cvac,alpha) at 
kT = 1.3600e+00
mu = 5.3223e+00
Ngrid = 130

Cvac_min = 4.03040899e-05
alpha_min = 5.18537706e+01
freeEnergy_min = -5.69868466e+00
freeEnergy_err = 0.00000000e+00
density_min = 9.32142675e-01

success = 1
