# Result for min over (Cvac,alpha) at 
kT = 1.3400e+00
mu = 4.7223e+00
Ngrid = 131

Cvac_min = 7.25469930e-05
alpha_min = 4.44455216e+01
freeEnergy_min = -5.17786009e+00
freeEnergy_err = 0.00000000e+00
density_min = 9.10929061e-01

success = 1
