# Result for min over (Cvac,alpha) at 
kT = 1.2200e+00
mu = 2.9333e+00
Ngrid = 129

Cvac_min = 3.69677612e-04
alpha_min = 7.54186096e+01
freeEnergy_min = -3.83519657e+00
freeEnergy_err = 0.00000000e+00
density_min = 9.53674659e-01

success = 1
