# Result for min over (Cvac,alpha) at 
kT = 8.6000e-01
mu = -2.2506e+00
Ngrid = 133

Cvac_min = 6.55552361e-04
alpha_min = 6.69973352e+01
freeEnergy_min = -9.43182052e-01
freeEnergy_err = 0.00000000e+00
density_min = 8.69941869e-01

success = 1
