# Result for min over (Cvac,alpha) at 
kT = 7.2000e-01
mu = -4.8968e+00
Ngrid = 135

Cvac_min = 5.31912774e-04
alpha_min = 6.54468254e+01
freeEnergy_min = 1.99724139e-01
freeEnergy_err = 0.00000000e+00
density_min = 8.31950675e-01

success = 1
