# Result for min over (Cvac,alpha) at 
kT = 1.4000e+00
mu = 4.5000e+00
Ngrid = 131

Cvac_min = 2.33922895e-04
alpha_min = 4.06084706e+01
freeEnergy_min = -4.83438220e+00
freeEnergy_err = 0.00000000e+00
density_min = 9.10782048e-01

success = 1
