# Result for min over (Cvac,alpha) at 
kT = 1.3800e+00
mu = 5.1223e+00
Ngrid = 127

Cvac_min = 1.50345824e-04
alpha_min = 9.19268870e+01
freeEnergy_min = -5.40837246e+00
freeEnergy_err = 0.00000000e+00
density_min = 9.99662706e-01

success = 1
