# Result for min over (Cvac,alpha) at 
kT = 1.2400e+00
mu = 3.1730e+00
Ngrid = 129

Cvac_min = 3.40219372e-04
alpha_min = 7.34513307e+01
freeEnergy_min = -3.99874606e+00
freeEnergy_err = 0.00000000e+00
density_min = 9.53702763e-01

success = 1
