# Result for min over (Cvac,alpha) at 
kT = 7.6000e-01
mu = -3.6932e+00
Ngrid = 133

Cvac_min = 3.30346860e-04
alpha_min = 7.90994275e+01
freeEnergy_min = -4.39542549e-01
freeEnergy_err = 0.00000000e+00
density_min = 8.70224964e-01

success = 1
