# Result for min over (Cvac,alpha) at 
kT = 1.2200e+00
mu = 3.1333e+00
Ngrid = 133

Cvac_min = 1.49892574e-04
alpha_min = 3.78627488e+01
freeEnergy_min = -4.04478550e+00
freeEnergy_err = 0.00000000e+00
density_min = 8.70382052e-01

success = 1
