# Result for min over (Cvac,alpha) at 
kT = 1.4000e+00
mu = 4.3000e+00
Ngrid = 128

Cvac_min = 4.62249429e-04
alpha_min = 7.24749144e+01
freeEnergy_min = -4.59601677e+00
freeEnergy_err = 0.00000000e+00
density_min = 9.76111085e-01

success = 1
