# Result for min over (Cvac,alpha) at 
kT = 1.1000e+00
mu = 1.6070e+00
Ngrid = 133

Cvac_min = 2.82097267e-04
alpha_min = 4.58560395e+01
freeEnergy_min = -3.11068652e+00
freeEnergy_err = 0.00000000e+00
density_min = 8.70266966e-01

success = 1
