# Result for min over (Cvac,alpha) at 
kT = 9.6000e-01
mu = -6.1213e-01
Ngrid = 135

Cvac_min = 6.08396430e-04
alpha_min = 4.30032224e+01
freeEnergy_min = -1.79500516e+00
freeEnergy_err = 0.00000000e+00
density_min = 8.31887011e-01

success = 1
