# Result for min over (Cvac,alpha) at 
kT = 1.3400e+00
mu = 4.5223e+00
Ngrid = 128

Cvac_min = 1.89008716e-04
alpha_min = 7.84018321e+01
freeEnergy_min = -4.96697623e+00
freeEnergy_err = 0.00000000e+00
density_min = 9.76377921e-01

success = 1
