# Result for min over (Cvac,alpha) at 
kT = 1.0600e+00
mu = 1.0605e+00
Ngrid = 132

Cvac_min = 3.56777079e-04
alpha_min = 5.68968793e+01
freeEnergy_min = -2.78665571e+00
freeEnergy_err = 0.00000000e+00
density_min = 8.90129480e-01

success = 1
