# Result for min over (Cvac,alpha) at 
kT = 1.3200e+00
mu = 4.4820e+00
Ngrid = 130

Cvac_min = 1.02885701e-04
alpha_min = 5.48087082e+01
freeEnergy_min = -5.01821453e+00
freeEnergy_err = 0.00000000e+00
density_min = 9.32084338e-01

success = 1
