# Result for min over (Cvac,alpha) at 
kT = 1.1800e+00
mu = 2.4420e+00
Ngrid = 134

Cvac_min = 2.24700412e-04
alpha_min = 3.42552273e+01
freeEnergy_min = -3.54696959e+00
freeEnergy_err = 0.00000000e+00
density_min = 8.50977270e-01

success = 1
