# Result for min over (Cvac,alpha) at 
kT = 1.1400e+00
mu = 2.1367e+00
Ngrid = 130

Cvac_min = 3.35586336e-04
alpha_min = 7.02919983e+01
freeEnergy_min = -3.40570430e+00
freeEnergy_err = 0.00000000e+00
density_min = 9.31867419e-01

success = 1
