# Result for min over (Cvac,alpha) at 
kT = 1.1000e+00
mu = 1.8070e+00
Ngrid = 131

Cvac_min = 2.57169056e-04
alpha_min = 6.29056866e+01
freeEnergy_min = -3.28153950e+00
freeEnergy_err = 0.00000000e+00
density_min = 9.10760871e-01

success = 1
