# Result for min over (Cvac,alpha) at 
kT = 1.3600e+00
mu = 4.9223e+00
Ngrid = 130

Cvac_min = 8.06737632e-05
alpha_min = 5.18400073e+01
freeEnergy_min = -5.32583428e+00
freeEnergy_err = 0.00000000e+00
density_min = 9.32105043e-01

success = 1
