# Result for min over (Cvac,alpha) at 
kT = 1.4000e+00
mu = 4.5000e+00
Ngrid = 132

Cvac_min = 1.09183342e-04
alpha_min = 3.36233434e+01
freeEnergy_min = -4.81952806e+00
freeEnergy_err = 0.00000000e+00
density_min = 8.90349949e-01

success = 1
