# Result for min over (Cvac,alpha) at 
kT = 1.3400e+00
mu = 4.5223e+00
Ngrid = 130

Cvac_min = 1.23098921e-04
alpha_min = 5.32917336e+01
freeEnergy_min = -5.00342578e+00
freeEnergy_err = 0.00000000e+00
density_min = 9.32065495e-01

success = 1
