# Result for min over (Cvac,alpha) at 
kT = 8.0000e-01
mu = -2.9300e+00
Ngrid = 133

Cvac_min = 3.64817545e-04
alpha_min = 7.39828952e+01
freeEnergy_min = -7.77907135e-01
freeEnergy_err = 0.00000000e+00
density_min = 8.70194957e-01

success = 1
