# Result for min over (Cvac,alpha) at 
kT = 1.2200e+00
mu = 2.9333e+00
Ngrid = 131

Cvac_min = 2.75208964e-04
alpha_min = 5.28701746e+01
freeEnergy_min = -3.88295558e+00
freeEnergy_err = 0.00000000e+00
density_min = 9.10744437e-01

success = 1
