# Result for min over (Cvac,alpha) at 
kT = 1.3800e+00
mu = 5.3223e+00
Ngrid = 130

Cvac_min = 5.16002212e-05
alpha_min = 5.04163110e+01
freeEnergy_min = -5.65006258e+00
freeEnergy_err = 0.00000000e+00
density_min = 9.32132145e-01

success = 1
