# Result for min over (Cvac,alpha) at 
kT = 1.4000e+00
mu = 4.7000e+00
Ngrid = 129

Cvac_min = 2.23238371e-04
alpha_min = 5.93683812e+01
freeEnergy_min = -5.01430045e+00
freeEnergy_err = 0.00000000e+00
density_min = 9.53814366e-01

success = 1
