# Result for min over (Cvac,alpha) at 
kT = 1.2800e+00
mu = 3.8327e+00
Ngrid = 130

Cvac_min = 1.77170075e-04
alpha_min = 5.79237232e+01
freeEnergy_min = -4.52370590e+00
freeEnergy_err = 0.00000000e+00
density_min = 9.32015091e-01

success = 1
