# Result for min over (Cvac,alpha) at 
kT = 7.8000e-01
mu = -3.7060e+00
Ngrid = 138

Cvac_min = 9.91497430e-04
alpha_min = 4.02292631e+01
freeEnergy_min = -2.80501875e-01
freeEnergy_err = 0.00000000e+00
density_min = 7.78505845e-01

success = 1
