# Result for min over (Cvac,alpha) at 
kT = 1.0200e+00
mu = 2.8733e-01
Ngrid = 134

Cvac_min = 5.03301532e-04
alpha_min = 4.48584792e+01
freeEnergy_min = -2.28834394e+00
freeEnergy_err = 0.00000000e+00
density_min = 8.50740134e-01

success = 1
