# Result for min over (Cvac,alpha) at 
kT = 1.3000e+00
mu = 4.0591e+00
Ngrid = 130

Cvac_min = 1.59202784e-04
alpha_min = 5.63406328e+01
freeEnergy_min = -4.67835470e+00
freeEnergy_err = 0.00000000e+00
density_min = 9.32031840e-01

success = 1
