# Result for min over (Cvac,alpha) at 
kT = 1.3000e+00
mu = 3.6591e+00
Ngrid = 131

Cvac_min = 2.58841263e-04
alpha_min = 4.70649431e+01
freeEnergy_min = -4.31258053e+00
freeEnergy_err = 0.00000000e+00
density_min = 9.10759348e-01

success = 1
