# Result for min over (Cvac,alpha) at 
kT = 9.2000e-01
mu = -1.2473e+00
Ngrid = 135

Cvac_min = 6.58473352e-04
alpha_min = 4.60819390e+01
freeEnergy_min = -1.46446378e+00
freeEnergy_err = 0.00000000e+00
density_min = 8.31845327e-01

success = 1
