# Result for min over (Cvac,alpha) at 
kT = 1.3400e+00
mu = 4.3223e+00
Ngrid = 128

Cvac_min = 2.48559441e-04
alpha_min = 7.83775881e+01
freeEnergy_min = -4.77170625e+00
freeEnergy_err = 0.00000000e+00
density_min = 9.76319766e-01

success = 1
