# Result for min over (Cvac,alpha) at 
kT = 1.0000e+00
mu = 3.9366e-01
Ngrid = 131

Cvac_min = 3.57133458e-04
alpha_min = 7.27553949e+01
freeEnergy_min = -2.44095000e+00
freeEnergy_err = 0.00000000e+00
density_min = 9.10669804e-01

success = 1
