# Result for min over (Cvac,alpha) at 
kT = 1.2400e+00
mu = 3.3730e+00
Ngrid = 129

Cvac_min = 2.58697834e-04
alpha_min = 7.34799300e+01
freeEnergy_min = -4.18949483e+00
freeEnergy_err = 0.00000000e+00
density_min = 9.53780537e-01

success = 1
