# Result for min over (Cvac,alpha) at 
kT = 1.3800e+00
mu = 4.9223e+00
Ngrid = 129

Cvac_min = 1.28227138e-04
alpha_min = 6.10207974e+01
freeEnergy_min = -5.27462412e+00
freeEnergy_err = 0.00000000e+00
density_min = 9.53905009e-01

success = 1
