# Result for min over (Cvac,alpha) at 
kT = 8.8000e-01
mu = -1.9087e+00
Ngrid = 135

Cvac_min = 6.86108790e-04
alpha_min = 4.93777109e+01
freeEnergy_min = -1.13288251e+00
freeEnergy_err = 0.00000000e+00
density_min = 8.31822324e-01

success = 1
