# Result for min over (Cvac,alpha) at 
kT = 8.0000e-01
mu = -3.3300e+00
Ngrid = 134

Cvac_min = 6.35009991e-04
alpha_min = 6.46361792e+01
freeEnergy_min = -4.52544847e-01
freeEnergy_err = 0.00000000e+00
density_min = 8.50628028e-01

success = 1
