# Result for min over (Cvac,alpha) at 
kT = 1.3600e+00
mu = 5.3223e+00
Ngrid = 128

Cvac_min = 7.34888599e-05
alpha_min = 7.64771708e+01
freeEnergy_min = -5.69492958e+00
freeEnergy_err = 0.00000000e+00
density_min = 9.76490734e-01

success = 1
