# Result for min over (Cvac,alpha) at 
kT = 1.3800e+00
mu = 5.3223e+00
Ngrid = 129

Cvac_min = 6.75091324e-05
alpha_min = 6.10415219e+01
freeEnergy_min = -5.65619887e+00
freeEnergy_err = 0.00000000e+00
density_min = 9.53962936e-01

success = 1
