# Result for min over (Cvac,alpha) at 
kT = 1.4000e+00
mu = 4.9000e+00
Ngrid = 131

Cvac_min = 1.11330869e-04
alpha_min = 4.06470934e+01
freeEnergy_min = -5.19871943e+00
freeEnergy_err = 0.00000000e+00
density_min = 9.10893729e-01

success = 1
