# Result for min over (Cvac,alpha) at 
kT = 1.1800e+00
mu = 2.8420e+00
Ngrid = 131

Cvac_min = 1.80057584e-04
alpha_min = 5.60586781e+01
freeEnergy_min = -3.92989431e+00
freeEnergy_err = 0.00000000e+00
density_min = 9.10831119e-01

success = 1
