# Result for min over (Cvac,alpha) at 
kT = 1.0800e+00
mu = 1.1347e+00
Ngrid = 131

Cvac_min = 4.90410886e-04
alpha_min = 6.46797481e+01
freeEnergy_min = -2.75092429e+00
freeEnergy_err = 0.00000000e+00
density_min = 9.10548389e-01

success = 1
