# Result for min over (Cvac,alpha) at 
kT = 9.8000e-01
mu = -3.0715e-01
Ngrid = 135

Cvac_min = 5.80667964e-04
alpha_min = 4.15400617e+01
freeEnergy_min = -1.95674653e+00
freeEnergy_err = 0.00000000e+00
density_min = 8.31910092e-01

success = 1
