# Result for min over (Cvac,alpha) at 
kT = 1.3600e+00
mu = 4.7223e+00
Ngrid = 130

Cvac_min = 1.12927085e-04
alpha_min = 5.18291949e+01
freeEnergy_min = -5.13941611e+00
freeEnergy_err = 0.00000000e+00
density_min = 9.32074977e-01

success = 1
