# Result for min over (Cvac,alpha) at 
kT = 9.4000e-01
mu = -7.2620e-01
Ngrid = 132

Cvac_min = 4.87316785e-04
alpha_min = 6.82441365e+01
freeEnergy_min = -1.77699400e+00
freeEnergy_err = 0.00000000e+00
density_min = 8.90013242e-01

success = 1
