# Result for min over (Cvac,alpha) at 
kT = 1.0800e+00
mu = 1.3347e+00
Ngrid = 135

Cvac_min = 2.76784211e-04
alpha_min = 3.48545332e+01
freeEnergy_min = -2.92200794e+00
freeEnergy_err = 0.00000000e+00
density_min = 8.32163043e-01

success = 1
