# Result for min over (Cvac,alpha) at 
kT = 8.2000e-01
mu = -2.5614e+00
Ngrid = 133

Cvac_min = 3.74439247e-04
alpha_min = 7.15837653e+01
freeEnergy_min = -9.48881867e-01
freeEnergy_err = 0.00000000e+00
density_min = 8.70186581e-01

success = 1
