# Result for min over (Cvac,alpha) at 
kT = 1.2600e+00
mu = 3.8084e+00
Ngrid = 131

Cvac_min = 1.17400396e-04
alpha_min = 4.99387009e+01
freeEnergy_min = -4.55981454e+00
freeEnergy_err = 0.00000000e+00
density_min = 9.10888200e-01

success = 1
