# Result for min over (Cvac,alpha) at 
kT = 1.1600e+00
mu = 2.5943e+00
Ngrid = 133

Cvac_min = 1.54982489e-04
alpha_min = 4.17197192e+01
freeEnergy_min = -3.76052974e+00
freeEnergy_err = 0.00000000e+00
density_min = 8.70377621e-01

success = 1
