# Result for min over (Cvac,alpha) at 
kT = 1.3400e+00
mu = 4.9223e+00
Ngrid = 130

Cvac_min = 6.30136791e-05
alpha_min = 5.33165923e+01
freeEnergy_min = -5.37626435e+00
freeEnergy_err = 0.00000000e+00
density_min = 9.32121506e-01

success = 1
