# Result for min over (Cvac,alpha) at 
kT = 1.3000e+00
mu = 4.0591e+00
Ngrid = 132

Cvac_min = 1.08369827e-04
alpha_min = 3.95462402e+01
freeEnergy_min = -4.66192223e+00
freeEnergy_err = 0.00000000e+00
density_min = 8.90350674e-01

success = 1
