# Result for min over (Cvac,alpha) at 
kT = 1.3400e+00
mu = 4.3223e+00
Ngrid = 129

Cvac_min = 2.06681546e-04
alpha_min = 6.43367808e+01
freeEnergy_min = -4.80428912e+00
freeEnergy_err = 0.00000000e+00
density_min = 9.53830162e-01

success = 1
