# Result for min over (Cvac,alpha) at 
kT = 1.3600e+00
mu = 4.7223e+00
Ngrid = 128

Cvac_min = 1.74259901e-04
alpha_min = 7.64336049e+01
freeEnergy_min = -5.10906082e+00
freeEnergy_err = 0.00000000e+00
density_min = 9.76392324e-01

success = 1
