# Result for min over (Cvac,alpha) at 
kT = 1.4000e+00
mu = 4.3000e+00
Ngrid = 132

Cvac_min = 2.32426340e-04
alpha_min = 3.36201517e+01
freeEnergy_min = -4.64146863e+00
freeEnergy_err = 0.00000000e+00
density_min = 8.90240208e-01

success = 1
