# Result for min over (Cvac,alpha) at 
kT = 1.3000e+00
mu = 3.6591e+00
Ngrid = 132

Cvac_min = 2.35154007e-04
alpha_min = 3.95146491e+01
freeEnergy_min = -4.30580252e+00
freeEnergy_err = 0.00000000e+00
density_min = 8.90237779e-01

success = 1
