# Result for min over (Cvac,alpha) at 
kT = 1.2000e+00
mu = 3.0893e+00
Ngrid = 129

Cvac_min = 2.34676314e-04
alpha_min = 7.75237795e+01
freeEnergy_min = -4.05165878e+00
freeEnergy_err = 0.00000000e+00
density_min = 9.53803454e-01

success = 1
