# Result for min over (Cvac,alpha) at 
kT = 1.3000e+00
mu = 3.8591e+00
Ngrid = 129

Cvac_min = 2.59721465e-04
alpha_min = 6.78342742e+01
freeEnergy_min = -4.47224983e+00
freeEnergy_err = 0.00000000e+00
density_min = 9.53779560e-01

success = 1
