# Result for min over (Cvac,alpha) at 
kT = 9.8000e-01
mu = -1.0715e-01
Ngrid = 134

Cvac_min = 4.13784515e-04
alpha_min = 4.79500538e+01
freeEnergy_min = -2.13147890e+00
freeEnergy_err = 0.00000000e+00
density_min = 8.50816328e-01

success = 1
