# Result for min over (Cvac,alpha) at 
kT = 7.2000e-01
mu = -5.0968e+00
Ngrid = 135

Cvac_min = 6.96635679e-04
alpha_min = 6.54140566e+01
freeEnergy_min = 3.66101147e-01
freeEnergy_err = 0.00000000e+00
density_min = 8.31813561e-01

success = 1
