# Result for min over (Cvac,alpha) at 
kT = 1.3600e+00
mu = 4.7223e+00
Ngrid = 129

Cvac_min = 1.40770372e-04
alpha_min = 6.26641646e+01
freeEnergy_min = -5.13391595e+00
freeEnergy_err = 0.00000000e+00
density_min = 9.53893043e-01

success = 1
