# Result for min over (Cvac,alpha) at 
kT = 9.0000e-01
mu = -1.1737e+00
Ngrid = 134

Cvac_min = 3.61302612e-04
alpha_min = 5.47356669e+01
freeEnergy_min = -1.63718311e+00
freeEnergy_err = 0.00000000e+00
density_min = 8.50860999e-01

success = 1
