# Result for min over (Cvac,alpha) at 
kT = 1.0800e+00
mu = 1.5347e+00
Ngrid = 134

Cvac_min = 2.14462308e-04
alpha_min = 4.06699384e+01
freeEnergy_min = -3.11030117e+00
freeEnergy_err = 0.00000000e+00
density_min = 8.50985984e-01

success = 1
