# Result for min over (Cvac,alpha) at 
kT = 1.1400e+00
mu = 1.9367e+00
Ngrid = 134

Cvac_min = 3.19569928e-04
alpha_min = 3.67251025e+01
freeEnergy_min = -3.24261174e+00
freeEnergy_err = 0.00000000e+00
density_min = 8.50896520e-01

success = 1
