# Result for min over (Cvac,alpha) at 
kT = 1.0400e+00
mu = 5.7702e-01
Ngrid = 131

Cvac_min = 5.52095116e-04
alpha_min = 6.85462891e+01
freeEnergy_min = -2.41741189e+00
freeEnergy_err = 0.00000000e+00
density_min = 9.10492195e-01

success = 1
