# Result for min over (Cvac,alpha) at 
kT = 1.1800e+00
mu = 2.8420e+00
Ngrid = 129

Cvac_min = 2.55210734e-04
alpha_min = 7.96269616e+01
freeEnergy_min = -3.88617933e+00
freeEnergy_err = 0.00000000e+00
density_min = 9.53783864e-01

success = 1
