# Result for min over (Cvac,alpha) at 
kT = 1.3000e+00
mu = 3.4591e+00
Ngrid = 130

Cvac_min = 3.99237241e-04
alpha_min = 5.62481889e+01
freeEnergy_min = -4.11919349e+00
freeEnergy_err = 0.00000000e+00
density_min = 9.31808085e-01

success = 1
