# Result for min over (Cvac,alpha) at 
kT = 8.2000e-01
mu = -2.7614e+00
Ngrid = 135

Cvac_min = 5.16116900e-04
alpha_min = 5.48315727e+01
freeEnergy_min = -7.97196426e-01
freeEnergy_err = 0.00000000e+00
density_min = 8.31963824e-01

success = 1
