# Result for min over (Cvac,alpha) at 
kT = 7.8000e-01
mu = -3.3060e+00
Ngrid = 136

Cvac_min = 3.97081524e-04
alpha_min = 5.18463256e+01
freeEnergy_min = -6.23679876e-01
freeEnergy_err = 0.00000000e+00
density_min = 8.13843207e-01

success = 1
