# Result for min over (Cvac,alpha) at 
kT = 9.6000e-01
mu = -6.1213e-01
Ngrid = 136

Cvac_min = 6.63182814e-04
alpha_min = 3.73223059e+01
freeEnergy_min = -1.78445511e+00
freeEnergy_err = 0.00000000e+00
density_min = 8.13626556e-01

success = 1
