# Result for min over (Cvac,alpha) at 
kT = 1.4000e+00
mu = 5.3000e+00
Ngrid = 127

Cvac_min = 1.41934892e-04
alpha_min = 8.96964259e+01
freeEnergy_min = -5.53558322e+00
freeEnergy_err = 0.00000000e+00
density_min = 9.99671115e-01

success = 1
