# Result for min over (Cvac,alpha) at 
kT = 1.3200e+00
mu = 4.0820e+00
Ngrid = 131

Cvac_min = 1.68305687e-04
alpha_min = 4.57364090e+01
freeEnergy_min = -4.64524052e+00
freeEnergy_err = 0.00000000e+00
density_min = 9.10841825e-01

success = 1
