# Result for min over (Cvac,alpha) at 
kT = 1.4000e+00
mu = 5.3000e+00
Ngrid = 131

Cvac_min = 4.13950832e-05
alpha_min = 4.06575244e+01
freeEnergy_min = -5.56309073e+00
freeEnergy_err = 0.00000000e+00
density_min = 9.10957440e-01

success = 1
