# Result for min over (Cvac,alpha) at 
kT = 8.0000e-01
mu = -3.1300e+00
Ngrid = 137

Cvac_min = 6.28454908e-04
alpha_min = 4.39943660e+01
freeEnergy_min = -6.15889026e-01
freeEnergy_err = 0.00000000e+00
density_min = 7.95967308e-01

success = 1
