# Result for min over (Cvac,alpha) at 
kT = 7.8000e-01
mu = -3.5060e+00
Ngrid = 133

Cvac_min = 4.55735694e-04
alpha_min = 7.64599005e+01
freeEnergy_min = -4.34917568e-01
freeEnergy_err = 0.00000000e+00
density_min = 8.70115812e-01

success = 1
