# Result for min over (Cvac,alpha) at 
kT = 1.3200e+00
mu = 4.2820e+00
Ngrid = 131

Cvac_min = 1.20642969e-04
alpha_min = 4.57538745e+01
freeEnergy_min = -4.82741344e+00
freeEnergy_err = 0.00000000e+00
density_min = 9.10885246e-01

success = 1
