# Result for min over (Cvac,alpha) at 
kT = 1.3400e+00
mu = 5.1223e+00
Ngrid = 131

Cvac_min = 3.22102811e-05
alpha_min = 4.44541094e+01
freeEnergy_min = -5.54223975e+00
freeEnergy_err = 0.00000000e+00
density_min = 9.10965808e-01

success = 1
