# Result for min over (Cvac,alpha) at 
kT = 8.8000e-01
mu = -1.7087e+00
Ngrid = 137

Cvac_min = 6.23812744e-04
alpha_min = 3.77678070e+01
freeEnergy_min = -1.27671215e+00
freeEnergy_err = 0.00000000e+00
density_min = 7.95971005e-01

success = 1
