# Result for min over (Cvac,alpha) at 
kT = 1.0400e+00
mu = 9.7702e-01
Ngrid = 135

Cvac_min = 2.46410254e-04
alpha_min = 3.74624886e+01
freeEnergy_min = -2.77383601e+00
freeEnergy_err = 0.00000000e+00
density_min = 8.32188326e-01

success = 1
