# Result for min over (Cvac,alpha) at 
kT = 1.2600e+00
mu = 3.8084e+00
Ngrid = 130

Cvac_min = 1.43103424e-04
alpha_min = 5.95648651e+01
freeEnergy_min = -4.55966661e+00
freeEnergy_err = 0.00000000e+00
density_min = 9.32046848e-01

success = 1
