# Result for min over (Cvac,alpha) at 
kT = 1.4000e+00
mu = 5.5000e+00
Ngrid = 127

Cvac_min = 1.08197707e-04
alpha_min = 8.97150836e+01
freeEnergy_min = -5.73552097e+00
freeEnergy_err = 0.00000000e+00
density_min = 9.99704846e-01

success = 1
