# Result for min over (Cvac,alpha) at 
kT = 1.0400e+00
mu = 7.7702e-01
Ngrid = 135

Cvac_min = 3.51550380e-04
alpha_min = 3.74374605e+01
freeEnergy_min = -2.60740658e+00
freeEnergy_err = 0.00000000e+00
density_min = 8.32100808e-01

success = 1
