# Result for min over (Cvac,alpha) at 
kT = 8.4000e-01
mu = -2.4018e+00
Ngrid = 137

Cvac_min = 6.35391815e-04
alpha_min = 4.07667784e+01
freeEnergy_min = -9.47583500e-01
freeEnergy_err = 0.00000000e+00
density_min = 7.95961783e-01

success = 1
