# Result for min over (Cvac,alpha) at 
kT = 1.1000e+00
mu = 1.8070e+00
Ngrid = 134

Cvac_min = 1.94518562e-04
alpha_min = 3.93333336e+01
freeEnergy_min = -3.26904854e+00
freeEnergy_err = 0.00000000e+00
density_min = 8.51002960e-01

success = 1
