# Result for min over (Cvac,alpha) at 
kT = 1.3000e+00
mu = 3.6591e+00
Ngrid = 130

Cvac_min = 2.95728008e-04
alpha_min = 5.62888278e+01
freeEnergy_min = -4.30556511e+00
freeEnergy_err = 0.00000000e+00
density_min = 9.31904574e-01

success = 1
