# Result for min over (Cvac,alpha) at 
kT = 1.0200e+00
mu = 6.8733e-01
Ngrid = 135

Cvac_min = 2.70603040e-04
alpha_min = 3.88030104e+01
freeEnergy_min = -2.61274020e+00
freeEnergy_err = 0.00000000e+00
density_min = 8.32168188e-01

success = 1
