# Result for min over (Cvac,alpha) at 
kT = 7.4000e-01
mu = -4.2902e+00
Ngrid = 133

Cvac_min = 3.98878685e-04
alpha_min = 8.18208444e+01
freeEnergy_min = -9.75351178e-02
freeEnergy_err = 0.00000000e+00
density_min = 8.70165307e-01

success = 1
