# Result for min over (Cvac,alpha) at 
kT = 1.2400e+00
mu = 3.1730e+00
Ngrid = 131

Cvac_min = 2.50089041e-04
alpha_min = 5.13721892e+01
freeEnergy_min = -4.04000503e+00
freeEnergy_err = 0.00000000e+00
density_min = 9.10767321e-01

success = 1
