# Result for min over (Cvac,alpha) at 
kT = 7.4000e-01
mu = -4.0902e+00
Ngrid = 133

Cvac_min = 3.05928877e-04
alpha_min = 8.18462171e+01
freeEnergy_min = -2.71576597e-01
freeEnergy_err = 0.00000000e+00
density_min = 8.70246221e-01

success = 1
