# Result for min over (Cvac,alpha) at 
kT = 1.3800e+00
mu = 5.7223e+00
Ngrid = 130

Cvac_min = 2.52240172e-05
alpha_min = 5.04262419e+01
freeEnergy_min = -6.02292089e+00
freeEnergy_err = 0.00000000e+00
density_min = 9.32156732e-01

success = 1
