# Result for min over (Cvac,alpha) at 
kT = 1.3400e+00
mu = 4.9223e+00
Ngrid = 127

Cvac_min = 1.34969649e-04
alpha_min = 9.65864798e+01
freeEnergy_min = -5.31489390e+00
freeEnergy_err = 0.00000000e+00
density_min = 9.99678079e-01

success = 1
