# Result for min over (Cvac,alpha) at 
kT = 1.1600e+00
mu = 2.1943e+00
Ngrid = 130

Cvac_min = 4.09857431e-04
alpha_min = 6.83285654e+01
freeEnergy_min = -3.38513577e+00
freeEnergy_err = 0.00000000e+00
density_min = 9.31798185e-01

success = 1
