# Result for min over (Cvac,alpha) at 
kT = 9.8000e-01
mu = 9.2851e-02
Ngrid = 134

Cvac_min = 3.02520087e-04
alpha_min = 4.79722432e+01
freeEnergy_min = -2.30165199e+00
freeEnergy_err = 0.00000000e+00
density_min = 8.50911032e-01

success = 1
