# Result for min over (Cvac,alpha) at 
kT = 1.0200e+00
mu = 6.8733e-01
Ngrid = 131

Cvac_min = 3.39301715e-04
alpha_min = 7.06474887e+01
freeEnergy_min = -2.61096317e+00
freeEnergy_err = 0.00000000e+00
density_min = 9.10686049e-01

success = 1
