# Result for min over (Cvac,alpha) at 
kT = 1.3400e+00
mu = 4.3223e+00
Ngrid = 131

Cvac_min = 1.47036096e-04
alpha_min = 4.44197569e+01
freeEnergy_min = -4.81350065e+00
freeEnergy_err = 0.00000000e+00
density_min = 9.10861202e-01

success = 1
