# Result for min over (Cvac,alpha) at 
kT = 7.0000e-01
mu = -5.5124e+00
Ngrid = 134

Cvac_min = 5.69778543e-04
alpha_min = 7.69254376e+01
freeEnergy_min = 5.44813459e-01
freeEnergy_err = 0.00000000e+00
density_min = 8.50683550e-01

success = 1
