# Result for min over (Cvac,alpha) at 
kT = 1.1600e+00
mu = 2.3943e+00
Ngrid = 130

Cvac_min = 3.09369421e-04
alpha_min = 6.83670605e+01
freeEnergy_min = -3.57150525e+00
freeEnergy_err = 0.00000000e+00
density_min = 9.31891858e-01

success = 1
