# Result for min over (Cvac,alpha) at 
kT = 1.3600e+00
mu = 4.7223e+00
Ngrid = 132

Cvac_min = 1.93847255e-06
alpha_min = 3.59317198e+01
freeEnergy_min = -5.10616651e+00
freeEnergy_err = 0.00000000e+00
density_min = 8.90445445e-01

success = 1
