# Result for min over (Cvac,alpha) at 
kT = 7.8000e-01
mu = -3.3060e+00
Ngrid = 133

Cvac_min = 3.49212965e-04
alpha_min = 7.64842555e+01
freeEnergy_min = -6.08950500e-01
freeEnergy_err = 0.00000000e+00
density_min = 8.70208541e-01

success = 1
