# Result for min over (Cvac,alpha) at 
kT = 1.1400e+00
mu = 2.3367e+00
Ngrid = 130

Cvac_min = 2.54561251e-04
alpha_min = 7.03211946e+01
freeEnergy_min = -3.59208569e+00
freeEnergy_err = 0.00000000e+00
density_min = 9.31942949e-01

success = 1
