# Result for min over (Cvac,alpha) at 
kT = 1.1800e+00
mu = 2.4420e+00
Ngrid = 130

Cvac_min = 3.78865265e-04
alpha_min = 6.64684182e+01
freeEnergy_min = -3.54469735e+00
freeEnergy_err = 0.00000000e+00
density_min = 9.31827075e-01

success = 1
