# Result for min over (Cvac,alpha) at 
kT = 7.6000e-01
mu = -4.0932e+00
Ngrid = 138

Cvac_min = 9.55242318e-04
alpha_min = 4.18788007e+01
freeEnergy_min = -1.15546838e-01
freeEnergy_err = 0.00000000e+00
density_min = 7.78534098e-01

success = 1
