# Result for min over (Cvac,alpha) at 
kT = 1.4000e+00
mu = 4.9000e+00
Ngrid = 129

Cvac_min = 1.64320118e-04
alpha_min = 5.93883469e+01
freeEnergy_min = -5.20506917e+00
freeEnergy_err = 0.00000000e+00
density_min = 9.53870576e-01

success = 1
