# Result for min over (Cvac,alpha) at 
kT = 1.2600e+00
mu = 3.6084e+00
Ngrid = 129

Cvac_min = 2.35580526e-04
alpha_min = 7.15548754e+01
freeEnergy_min = -4.35140498e+00
freeEnergy_err = 0.00000000e+00
density_min = 9.53802591e-01

success = 1
