# Result for min over (Cvac,alpha) at 
kT = 7.6000e-01
mu = -3.8932e+00
Ngrid = 134

Cvac_min = 4.40143003e-04
alpha_min = 6.92619224e+01
freeEnergy_min = -2.87247785e-01
freeEnergy_err = 0.00000000e+00
density_min = 8.50793892e-01

success = 1
