# Result for min over (Cvac,alpha) at 
kT = 1.1000e+00
mu = 1.6070e+00
Ngrid = 131

Cvac_min = 3.43446393e-04
alpha_min = 6.28784116e+01
freeEnergy_min = -3.09939490e+00
freeEnergy_err = 0.00000000e+00
density_min = 9.10682273e-01

success = 1
