# Result for min over (Cvac,alpha) at 
kT = 1.2600e+00
mu = 3.4084e+00
Ngrid = 132

Cvac_min = 2.03869559e-04
alpha_min = 4.20480875e+01
freeEnergy_min = -4.18982452e+00
freeEnergy_err = 0.00000000e+00
density_min = 8.90265636e-01

success = 1
