# Result for min over (Cvac,alpha) at 
kT = 1.1400e+00
mu = 2.1367e+00
Ngrid = 133

Cvac_min = 2.39034378e-04
alpha_min = 4.30486243e+01
freeEnergy_min = -3.42914585e+00
freeEnergy_err = 0.00000000e+00
density_min = 8.70304453e-01

success = 1
