# Result for min over (Cvac,alpha) at 
kT = 8.2000e-01
mu = -2.7614e+00
Ngrid = 133

Cvac_min = 4.89715613e-04
alpha_min = 7.15554420e+01
freeEnergy_min = -7.74854134e-01
freeEnergy_err = 0.00000000e+00
density_min = 8.70086232e-01

success = 1
