# Result for min over (Cvac,alpha) at 
kT = 1.3800e+00
mu = 5.1223e+00
Ngrid = 129

Cvac_min = 9.31282597e-05
alpha_min = 6.10321951e+01
freeEnergy_min = -5.46540862e+00
freeEnergy_err = 0.00000000e+00
density_min = 9.53938495e-01

success = 1
