# Result for min over (Cvac,alpha) at 
kT = 1.2600e+00
mu = 3.8084e+00
Ngrid = 129

Cvac_min = 1.76952469e-04
alpha_min = 7.15841461e+01
freeEnergy_min = -4.54217141e+00
freeEnergy_err = 0.00000000e+00
density_min = 9.53858524e-01

success = 1
