# Result for min over (Cvac,alpha) at 
kT = 1.3000e+00
mu = 3.2591e+00
Ngrid = 130

Cvac_min = 5.37331305e-04
alpha_min = 5.61944276e+01
freeEnergy_min = -3.93284410e+00
freeEnergy_err = 0.00000000e+00
density_min = 9.31679356e-01

success = 1
