# Result for min over (Cvac,alpha) at 
kT = 7.6000e-01
mu = -3.6932e+00
Ngrid = 135

Cvac_min = 3.51664139e-04
alpha_min = 6.09609934e+01
freeEnergy_min = -4.62505260e-01
freeEnergy_err = 0.00000000e+00
density_min = 8.32100713e-01

success = 1
