# Result for min over (Cvac,alpha) at 
kT = 8.8000e-01
mu = -1.5087e+00
Ngrid = 132

Cvac_min = 3.95281729e-04
alpha_min = 7.49248071e+01
freeEnergy_min = -1.43933006e+00
freeEnergy_err = 0.00000000e+00
density_min = 8.90095194e-01

success = 1
