# Result for min over (Cvac,alpha) at 
kT = 1.3400e+00
mu = 5.1223e+00
Ngrid = 129

Cvac_min = 5.98511938e-05
alpha_min = 6.43921153e+01
freeEnergy_min = -5.56741965e+00
freeEnergy_err = 0.00000000e+00
density_min = 9.53970242e-01

success = 1
