# Result for min over (Cvac,alpha) at 
kT = 9.2000e-01
mu = -1.2473e+00
Ngrid = 136

Cvac_min = 7.14920068e-04
alpha_min = 4.01550176e+01
freeEnergy_min = -1.45713880e+00
freeEnergy_err = 0.00000000e+00
density_min = 8.13584433e-01

success = 1
