# Result for min over (Cvac,alpha) at 
kT = 1.3600e+00
mu = 4.9223e+00
Ngrid = 131

Cvac_min = 6.43999169e-05
alpha_min = 4.31534262e+01
freeEnergy_min = -5.31129503e+00
freeEnergy_err = 0.00000000e+00
density_min = 9.10936483e-01

success = 1
