# Result for min over (Cvac,alpha) at 
kT = 1.3200e+00
mu = 4.4820e+00
Ngrid = 129

Cvac_min = 1.30383233e-04
alpha_min = 6.61028327e+01
freeEnergy_min = -5.01051172e+00
freeEnergy_err = 0.00000000e+00
density_min = 9.53902952e-01

success = 1
