# Result for min over (Cvac,alpha) at 
kT = 1.3400e+00
mu = 4.7223e+00
Ngrid = 129

Cvac_min = 1.12976247e-04
alpha_min = 6.43737813e+01
freeEnergy_min = -5.18584071e+00
freeEnergy_err = 0.00000000e+00
density_min = 9.53919559e-01

success = 1
