# Result for min over (Cvac,alpha) at 
kT = 8.2000e-01
mu = -2.9614e+00
Ngrid = 134

Cvac_min = 6.52730134e-04
alpha_min = 6.24816239e+01
freeEnergy_min = -6.21864846e-01
freeEnergy_err = 0.00000000e+00
density_min = 8.50612945e-01

success = 1
