# Result for min over (Cvac,alpha) at 
kT = 1.3400e+00
mu = 4.5223e+00
Ngrid = 132

Cvac_min = 4.43841046e-05
alpha_min = 3.71224350e+01
freeEnergy_min = -4.97499499e+00
freeEnergy_err = 0.00000000e+00
density_min = 8.90407650e-01

success = 1
