# Result for min over (Cvac,alpha) at 
kT = 1.3000e+00
mu = 3.2591e+00
Ngrid = 132

Cvac_min = 4.63509990e-04
alpha_min = 3.94448050e+01
freeEnergy_min = -3.94974407e+00
freeEnergy_err = 0.00000000e+00
density_min = 8.90034440e-01

success = 1
