# Result for min over (Cvac,alpha) at 
kT = 1.3200e+00
mu = 4.0820e+00
Ngrid = 129

Cvac_min = 2.35710649e-04
alpha_min = 6.60623320e+01
freeEnergy_min = -4.62896885e+00
freeEnergy_err = 0.00000000e+00
density_min = 9.53802467e-01

success = 1
