# Result for min over (Cvac,alpha) at 
kT = 7.4000e-01
mu = -4.6902e+00
Ngrid = 136

Cvac_min = 8.57762723e-04
alpha_min = 5.57171631e+01
freeEnergy_min = 1.95672816e-01
freeEnergy_err = 0.00000000e+00
density_min = 8.13468135e-01

success = 1
