# Result for min over (Cvac,alpha) at 
kT = 9.2000e-01
mu = -1.0473e+00
Ngrid = 133

Cvac_min = 4.79643689e-04
alpha_min = 6.08987657e+01
freeEnergy_min = -1.62595981e+00
freeEnergy_err = 0.00000000e+00
density_min = 8.70095000e-01

success = 1
