# Result for min over (Cvac,alpha) at 
kT = 1.2600e+00
mu = 3.4084e+00
Ngrid = 129

Cvac_min = 3.10405009e-04
alpha_min = 7.15238967e+01
freeEnergy_min = -4.16065126e+00
freeEnergy_err = 0.00000000e+00
density_min = 9.53731207e-01

success = 1
