# Result for min over (Cvac,alpha) at 
kT = 1.1600e+00
mu = 2.5943e+00
Ngrid = 130

Cvac_min = 2.32835648e-04
alpha_min = 6.83990541e+01
freeEnergy_min = -3.75789103e+00
freeEnergy_err = 0.00000000e+00
density_min = 9.31963201e-01

success = 1
