# Result for min over (Cvac,alpha) at 
kT = 8.0000e-01
mu = -3.1300e+00
Ngrid = 133

Cvac_min = 4.77394018e-04
alpha_min = 7.39556191e+01
freeEnergy_min = -6.03877345e-01
freeEnergy_err = 0.00000000e+00
density_min = 8.70096958e-01

success = 1
