# Result for min over (Cvac,alpha) at 
kT = 1.3400e+00
mu = 4.7223e+00
Ngrid = 130

Cvac_min = 8.82656879e-05
alpha_min = 5.33083380e+01
freeEnergy_min = -5.18984228e+00
freeEnergy_err = 0.00000000e+00
density_min = 9.32097966e-01

success = 1
