# Result for min over (Cvac,alpha) at 
kT = 9.0000e-01
mu = -1.1737e+00
Ngrid = 135

Cvac_min = 3.66249388e-04
alpha_min = 4.77659085e+01
freeEnergy_min = -1.63233150e+00
freeEnergy_err = 0.00000000e+00
density_min = 8.32088572e-01

success = 1
