# Result for min over (Cvac,alpha) at 
kT = 1.0400e+00
mu = 9.7702e-01
Ngrid = 132

Cvac_min = 2.85011388e-04
alpha_min = 5.86620696e+01
freeEnergy_min = -2.79841218e+00
freeEnergy_err = 0.00000000e+00
density_min = 8.90193384e-01

success = 1
