# Result for min over (Cvac,alpha) at 
kT = 1.0000e+00
mu = -6.3371e-03
Ngrid = 132

Cvac_min = 5.69146587e-04
alpha_min = 6.22474349e+01
freeEnergy_min = -2.10735320e+00
freeEnergy_err = 0.00000000e+00
density_min = 8.89940376e-01

success = 1
