# Result for min over (Cvac,alpha) at 
kT = 1.0400e+00
mu = 5.7702e-01
Ngrid = 135

Cvac_min = 4.92158456e-04
alpha_min = 3.74097003e+01
freeEnergy_min = -2.44099745e+00
freeEnergy_err = 0.00000000e+00
density_min = 8.31983766e-01

success = 1
