# Result for min over (Cvac,alpha) at 
kT = 8.8000e-01
mu = -1.7087e+00
Ngrid = 136

Cvac_min = 5.49883479e-04
alpha_min = 4.32218522e+01
freeEnergy_min = -1.29124583e+00
freeEnergy_err = 0.00000000e+00
density_min = 8.13718800e-01

success = 1
