# Result for min over (Cvac,alpha) at 
kT = 9.6000e-01
mu = -2.1213e-01
Ngrid = 131

Cvac_min = 3.90544176e-04
alpha_min = 7.71896326e+01
freeEnergy_min = -2.09814014e+00
freeEnergy_err = 0.00000000e+00
density_min = 9.10639367e-01

success = 1
