# Result for min over (Cvac,alpha) at 
kT = 1.1400e+00
mu = 1.9367e+00
Ngrid = 133

Cvac_min = 3.29549944e-04
alpha_min = 4.30217487e+01
freeEnergy_min = -3.25509252e+00
freeEnergy_err = 0.00000000e+00
density_min = 8.70225658e-01

success = 1
