# Result for min over (Cvac,alpha) at 
kT = 1.0600e+00
mu = 1.0605e+00
Ngrid = 134

Cvac_min = 3.20785921e-04
alpha_min = 4.20243047e+01
freeEnergy_min = -2.78310078e+00
freeEnergy_err = 0.00000000e+00
density_min = 8.50895485e-01

success = 1
