# Result for min over (Cvac,alpha) at 
kT = 1.3400e+00
mu = 5.1223e+00
Ngrid = 127

Cvac_min = 1.03640884e-04
alpha_min = 9.65968948e+01
freeEnergy_min = -5.51483273e+00
freeEnergy_err = 0.00000000e+00
density_min = 9.99709402e-01

success = 1
