# Result for min over (Cvac,alpha) at 
kT = 1.3000e+00
mu = 4.2591e+00
Ngrid = 132

Cvac_min = 6.69581541e-05
alpha_min = 3.95524310e+01
freeEnergy_min = -4.83999619e+00
freeEnergy_err = 0.00000000e+00
density_min = 8.90387549e-01

success = 1
