# Result for min over (Cvac,alpha) at 
kT = 1.2000e+00
mu = 2.6893e+00
Ngrid = 131

Cvac_min = 3.03242973e-04
alpha_min = 5.44165517e+01
freeEnergy_min = -3.72448512e+00
freeEnergy_err = 0.00000000e+00
density_min = 9.10718898e-01

success = 1
