# Result for min over (Cvac,alpha) at 
kT = 1.3800e+00
mu = 5.3223e+00
Ngrid = 131

Cvac_min = 3.07284077e-05
alpha_min = 4.18946014e+01
freeEnergy_min = -5.62868848e+00
freeEnergy_err = 0.00000000e+00
density_min = 9.10967158e-01

success = 1
