# Result for min over (Cvac,alpha) at 
kT = 8.4000e-01
mu = -2.4018e+00
Ngrid = 133

Cvac_min = 4.99184631e-04
alpha_min = 6.92468883e+01
freeEnergy_min = -9.46036913e-01
freeEnergy_err = 0.00000000e+00
density_min = 8.70077989e-01

success = 1
