# Result for min over (Cvac,alpha) at 
kT = 1.0000e+00
mu = 1.9366e-01
Ngrid = 133

Cvac_min = 4.03736352e-04
alpha_min = 5.36683781e+01
freeEnergy_min = -2.29670604e+00
freeEnergy_err = 0.00000000e+00
density_min = 8.70161078e-01

success = 1
