# Result for min over (Cvac,alpha) at 
kT = 9.0000e-01
mu = -1.3737e+00
Ngrid = 132

Cvac_min = 5.10532785e-04
alpha_min = 7.25969365e+01
freeEnergy_min = -1.43394294e+00
freeEnergy_err = 0.00000000e+00
density_min = 8.89992569e-01

success = 1
