# Result for min over (Cvac,alpha) at 
kT = 9.4000e-01
mu = -5.2620e-01
Ngrid = 132

Cvac_min = 3.69351270e-04
alpha_min = 6.82751234e+01
freeEnergy_min = -1.95500751e+00
freeEnergy_err = 0.00000000e+00
density_min = 8.90118284e-01

success = 1
