# Result for min over (Cvac,alpha) at 
kT = 9.4000e-01
mu = -7.2620e-01
Ngrid = 135

Cvac_min = 4.64621973e-04
alpha_min = 4.45553375e+01
freeEnergy_min = -1.79664150e+00
freeEnergy_err = 0.00000000e+00
density_min = 8.32006688e-01

success = 1
