# Result for min over (Cvac,alpha) at 
kT = 1.4000e+00
mu = 4.7000e+00
Ngrid = 130

Cvac_min = 1.88051269e-04
alpha_min = 4.89655681e+01
freeEnergy_min = -5.02316193e+00
freeEnergy_err = 0.00000000e+00
density_min = 9.32004948e-01

success = 1
