# Result for min over (Cvac,alpha) at 
kT = 7.2000e-01
mu = -4.6968e+00
Ngrid = 135

Cvac_min = 4.04205674e-04
alpha_min = 6.54707574e+01
freeEnergy_min = 3.33228023e-02
freeEnergy_err = 0.00000000e+00
density_min = 8.32056978e-01

success = 1
