# Result for min over (Cvac,alpha) at 
kT = 1.3400e+00
mu = 4.3223e+00
Ngrid = 130

Cvac_min = 1.70780776e-04
alpha_min = 5.32776980e+01
freeEnergy_min = -4.81701690e+00
freeEnergy_err = 0.00000000e+00
density_min = 9.32021047e-01

success = 1
