# Result for min over (Cvac,alpha) at 
kT = 1.4000e+00
mu = 5.1000e+00
Ngrid = 128

Cvac_min = 1.51386201e-04
alpha_min = 7.26324184e+01
freeEnergy_min = -5.37704785e+00
freeEnergy_err = 0.00000000e+00
density_min = 9.76414662e-01

success = 1
