# Result for min over (Cvac,alpha) at 
kT = 9.2000e-01
mu = -1.0473e+00
Ngrid = 135

Cvac_min = 4.82636202e-04
alpha_min = 4.61169957e+01
freeEnergy_min = -1.63084823e+00
freeEnergy_err = 0.00000000e+00
density_min = 8.31991693e-01

success = 1
