# Result for min over (Cvac,alpha) at 
kT = 8.6000e-01
mu = -2.0506e+00
Ngrid = 137

Cvac_min = 6.31438756e-04
alpha_min = 3.92421894e+01
freeEnergy_min = -1.11292687e+00
freeEnergy_err = 0.00000000e+00
density_min = 7.95964931e-01

success = 1
