# Result for min over (Cvac,alpha) at 
kT = 1.4000e+00
mu = 4.3000e+00
Ngrid = 129

Cvac_min = 4.05925196e-04
alpha_min = 5.92872973e+01
freeEnergy_min = -4.63280635e+00
freeEnergy_err = 0.00000000e+00
density_min = 9.53640078e-01

success = 1
