# Result for min over (Cvac,alpha) at 
kT = 1.1600e+00
mu = 2.3943e+00
Ngrid = 134

Cvac_min = 1.75486976e-04
alpha_min = 3.54952441e+01
freeEnergy_min = -3.56786497e+00
freeEnergy_err = 0.00000000e+00
density_min = 8.51019159e-01

success = 1
