# Result for min over (Cvac,alpha) at 
kT = 7.8000e-01
mu = -3.7060e+00
Ngrid = 136

Cvac_min = 7.18923112e-04
alpha_min = 5.17951627e+01
freeEnergy_min = -2.98190199e-01
freeEnergy_err = 0.00000000e+00
density_min = 8.13581174e-01

success = 1
