# Result for min over (Cvac,alpha) at 
kT = 7.4000e-01
mu = -4.4902e+00
Ngrid = 137

Cvac_min = 7.50708071e-04
alpha_min = 4.93029004e+01
freeEnergy_min = 3.78780356e-02
freeEnergy_err = 0.00000000e+00
density_min = 7.95869937e-01

success = 1
