# Result for min over (Cvac,alpha) at 
kT = 1.2200e+00
mu = 3.1333e+00
Ngrid = 132

Cvac_min = 1.77869106e-04
alpha_min = 4.47109708e+01
freeEnergy_min = -4.06083360e+00
freeEnergy_err = 0.00000000e+00
density_min = 8.90288788e-01

success = 1
