# Result for min over (Cvac,alpha) at 
kT = 9.6000e-01
mu = -4.1213e-01
Ngrid = 133

Cvac_min = 4.45330028e-04
alpha_min = 5.71570468e+01
freeEnergy_min = -1.96436991e+00
freeEnergy_err = 0.00000000e+00
density_min = 8.70124870e-01

success = 1
