# Properties at the triple point
kT    = 7.91531896e-01
rhoV  = 9.77773776e-03
rhoL  = 6.83893142e-01
rhoS  = 9.08525532e-01
mu    = -4.76340836e+00
omega = -9.11647695e-03
