# Result for fluid-solid coexistence at 
kT = 3.4000e-01

fluidType = fluid

muCoex = -9.12947591e+00
freeEnergyCoex = -1.08685538e-04
densitySolidCoex = 1.17759174e+00
NgridCoex = 1.20257422e+02
CvacCoex = -2.38212965e-06
alphaCoex = 2.53822435e+03
densityFluidCoex = 1.08774208e-04

success = 1
