# Result for fluid-solid coexistence at 
kT = 3.2000e-01

fluidType = fluid

muCoex = -1.02148489e+01
freeEnergyCoex = -3.66364791e-05
densitySolidCoex = 1.17838201e+00
NgridCoex = 1.20230666e+02
CvacCoex = -5.48627951e-06
alphaCoex = 2.72202545e+03
densityFluidCoex = 3.66711712e-05

success = 1
