# Result for fluid-solid coexistence at 
kT = 4.0000e-01

fluidType = fluid

muCoex = -6.35556412e+00
freeEnergyCoex = -1.75673567e-03
densitySolidCoex = 1.15459143e+00
NgridCoex = 1.20970602e+02
CvacCoex = 1.98394507e-03
alphaCoex = 1.32559448e+03
densityFluidCoex = 1.77306942e-03

success = 1
