# Result for fluid-solid coexistence at 
kT = 5.8000e-01

fluidType = fluid

muCoex = -1.80658811e+00
freeEnergyCoex = -3.92688044e-01
densitySolidCoex = 1.16643154e+00
NgridCoex = 1.20637750e+02
CvacCoex = 4.99661099e-05
alphaCoex = 1.37025736e+03
densityFluidCoex = 4.74468573e-01

success = 1
