# Result for fluid-solid coexistence at 
kT = 4.6000e-01

fluidType = fluid

muCoex = -4.67068001e+00
freeEnergyCoex = -9.78371412e-03
densitySolidCoex = 1.17262056e+00
NgridCoex = 1.20426843e+02
CvacCoex = 3.85799974e-06
alphaCoex = 1.78381638e+03
densityFluidCoex = 1.02232155e-02

success = 1
