# Result for fluid-solid coexistence at 
kT = 4.2000e-01

fluidType = fluid

muCoex = -5.86218792e+00
freeEnergyCoex = -2.89075832e-03
densitySolidCoex = 1.17430755e+00
NgridCoex = 1.20369268e+02
CvacCoex = 1.00835915e-06
alphaCoex = 1.98524050e+03
densityFluidCoex = 2.93242086e-03

success = 1
