# Result for fluid-solid coexistence at 
kT = 5.2000e-01

fluidType = fluid

muCoex = -3.16619226e+00
freeEnergyCoex = -5.13051097e-02
densitySolidCoex = 1.15692526e+00
NgridCoex = 1.20886569e+02
CvacCoex = 2.05155283e-03
alphaCoex = 1.34165313e+03
densityFluidCoex = 6.55001186e-02

success = 1
