# Result for fluid-solid coexistence at 
kT = 4.6000e-01

fluidType = fluid

muCoex = -4.57010433e+00
freeEnergyCoex = -1.08782837e-02
densitySolidCoex = 1.15591922e+00
NgridCoex = 1.20922648e+02
CvacCoex = 2.02538140e-03
alphaCoex = 1.33256210e+03
densityFluidCoex = 1.14279081e-02

success = 1
