# Result for fluid-solid coexistence at 
kT = 5.4000e-01

fluidType = fluid

muCoex = -2.77115511e+00
freeEnergyCoex = -8.79879976e-02
densitySolidCoex = 1.16851123e+00
NgridCoex = 1.20567064e+02
CvacCoex = 2.71687269e-05
alphaCoex = 1.50269774e+03
densityFluidCoex = 1.51535744e-01

success = 1
