# Result for fluid-solid coexistence at 
kT = 5.6000e-01

fluidType = fluid

muCoex = -2.30214601e+00
freeEnergyCoex = -2.08950936e-01
densitySolidCoex = 1.16737127e+00
NgridCoex = 1.20605830e+02
CvacCoex = 3.86396496e-05
alphaCoex = 1.43222448e+03
densityFluidCoex = 3.97167321e-01

success = 1
