# Result for fluid-solid coexistence at 
kT = 6.2000e-01

fluidType = fluid

muCoex = -8.44045944e-01
freeEnergyCoex = -8.09208976e-01
densitySolidCoex = 1.16480340e+00
NgridCoex = 1.20692970e+02
CvacCoex = 7.36525594e-05
alphaCoex = 1.26256921e+03
densityFluidCoex = 5.59593266e-01

success = 1
