# Result for fluid-solid coexistence at 
kT = 6.6000e-01

fluidType = fluid

muCoex = 5.92178530e-02
freeEnergyCoex = -1.24592358e+00
densitySolidCoex = 1.16103190e+00
NgridCoex = 1.20813922e+02
CvacCoex = 3.07087056e-04
alphaCoex = 1.12271039e+03
densityFluidCoex = 6.12149635e-01

success = 1
