# Result for fluid-solid coexistence at 
kT = 8.6000e-01

fluidType = fluid

muCoex = 3.57685494e+00
freeEnergyCoex = -3.20719292e+00
densitySolidCoex = 1.15805988e+00
NgridCoex = 1.20922373e+02
CvacCoex = 1.82171889e-04
alphaCoex = 8.61039342e+02
densityFluidCoex = 7.40068570e-01

success = 1
