# Result for fluid-solid coexistence at 
kT = 7.8000e-01

fluidType = fluid

muCoex = 2.34122184e+00
freeEnergyCoex = -2.47814550e+00
densitySolidCoex = 1.15941190e+00
NgridCoex = 1.20871107e+02
CvacCoex = 2.84904964e-04
alphaCoex = 9.58820949e+02
densityFluidCoex = 7.02727480e-01

success = 1
