# Result for fluid-solid coexistence at 
kT = 6.8000e-01

fluidType = fluid

muCoex = 4.75772314e-01
freeEnergyCoex = -1.45760878e+00
densitySolidCoex = 1.16273987e+00
NgridCoex = 1.20762885e+02
CvacCoex = 1.09161382e-04
alphaCoex = 1.13049562e+03
densityFluidCoex = 6.31850654e-01

success = 1
