# Result for fluid-solid coexistence at 
kT = 6.0000e-01

fluidType = fluid

muCoex = -1.30308277e+00
freeEnergyCoex = -6.04368676e-01
densitySolidCoex = 1.16036150e+00
NgridCoex = 1.20839758e+02
CvacCoex = 2.43618923e-04
alphaCoex = 1.20743282e+03
densityFluidCoex = 5.25563963e-01

success = 1
