# Result for fluid-solid coexistence at 
kT = 4.8000e-01

fluidType = fluid

muCoex = -4.06945484e+00
freeEnergyCoex = -1.84735688e-02
densitySolidCoex = 1.15628331e+00
NgridCoex = 1.20909558e+02
CvacCoex = 2.03557303e-03
alphaCoex = 1.33549828e+03
densityFluidCoex = 2.00501944e-02

success = 1
