# Result for fluid-solid coexistence at 
kT = 9.6000e-01

fluidType = fluid

muCoex = 4.87137178e+00
freeEnergyCoex = -4.01130486e+00
densitySolidCoex = 1.15605970e+00
NgridCoex = 1.20991321e+02
CvacCoex = 2.00442675e-04
alphaCoex = 7.59955960e+02
densityFluidCoex = 7.74577159e-01

success = 1
