# Result for fluid-solid coexistence at 
kT = 7.2000e-01

fluidType = fluid

muCoex = 1.26921284e+00
freeEnergyCoex = -1.87867879e+00
densitySolidCoex = 1.16153827e+00
NgridCoex = 1.20803654e+02
CvacCoex = 1.30333420e-04
alphaCoex = 1.05707743e+03
densityFluidCoex = 6.64887701e-01

success = 1
