# Result for fluid-solid coexistence at 
kT = 3.6000e-01

fluidType = fluid

muCoex = -8.16983812e+00
freeEnergyCoex = -2.83994899e-04
densitySolidCoex = 1.17678588e+00
NgridCoex = 1.20284802e+02
CvacCoex = -9.47532476e-07
alphaCoex = 2.37564749e+03
densityFluidCoex = 2.84501089e-04

success = 1
