# Result for fluid-solid coexistence at 
kT = 5.2000e-01

fluidType = fluid

muCoex = -3.20042772e+00
freeEnergyCoex = -4.92133877e-02
densitySolidCoex = 1.16987949e+00
NgridCoex = 1.20520447e+02
CvacCoex = 1.72123611e-05
alphaCoex = 1.58338588e+03
densityFluidCoex = 6.20375370e-02

success = 1
