# Result for fluid-solid coexistence at 
kT = 4.4000e-01

fluidType = fluid

muCoex = -5.23855031e+00
freeEnergyCoex = -5.44423152e-03
densitySolidCoex = 1.17346668e+00
NgridCoex = 1.20397968e+02
CvacCoex = 2.03260847e-06
alphaCoex = 1.87973118e+03
densityFluidCoex = 5.58462153e-03

success = 1
