# Result for fluid-solid coexistence at 
kT = 6.0000e-01

fluidType = fluid

muCoex = -1.31824955e+00
freeEnergyCoex = -5.96419363e-01
densitySolidCoex = 1.16558438e+00
NgridCoex = 1.20666489e+02
CvacCoex = 6.18050475e-05
alphaCoex = 1.31402292e+03
densityFluidCoex = 5.23638547e-01

success = 1
