# Result for fluid-solid coexistence at 
kT = 3.4000e-01

fluidType = fluid

muCoex = -8.76230217e+00
freeEnergyCoex = -1.56682325e-04
densitySolidCoex = 1.15323059e+00
NgridCoex = 1.21019369e+02
CvacCoex = 1.95313825e-03
alphaCoex = 1.32403301e+03
densityFluidCoex = 1.56851220e-04

success = 1
