# Result for fluid-solid coexistence at 
kT = 5.0000e-01

fluidType = fluid

muCoex = -3.60403784e+00
freeEnergyCoex = -3.07558194e-02
densitySolidCoex = 1.15661601e+00
NgridCoex = 1.20897626e+02
CvacCoex = 2.04423259e-03
alphaCoex = 1.33854445e+03
densityFluidCoex = 3.52712758e-02

success = 1
