# Result for fluid-solid coexistence at 
kT = 7.8000e-01

fluidType = fluid

muCoex = 2.34059992e+00
freeEnergyCoex = -2.47770844e+00
densitySolidCoex = 1.15992917e+00
NgridCoex = 1.20858422e+02
CvacCoex = 1.56614893e-04
alphaCoex = 9.63168201e+02
densityFluidCoex = 7.02697178e-01

success = 1
