# Result for fluid-solid coexistence at 
kT = 7.4000e-01

fluidType = fluid

muCoex = 1.64150954e+00
freeEnergyCoex = -2.08310683e+00
densitySolidCoex = 1.16097897e+00
NgridCoex = 1.20822672e+02
CvacCoex = 1.39637365e-04
alphaCoex = 1.02379019e+03
densityFluidCoex = 6.78755391e-01

success = 1
