# Result for fluid-solid coexistence at 
kT = 8.4000e-01

fluidType = fluid

muCoex = 3.28666303e+00
freeEnergyCoex = -3.03253176e+00
densitySolidCoex = 1.15810685e+00
NgridCoex = 1.20917950e+02
CvacCoex = 2.49701442e-04
alphaCoex = 8.81213337e+02
densityFluidCoex = 7.31762102e-01

success = 1
