# Result for fluid-solid coexistence at 
kT = 5.0000e-01

fluidType = fluid

muCoex = -3.67308258e+00
freeEnergyCoex = -2.84383360e-02
densitySolidCoex = 1.17091170e+00
NgridCoex = 1.20485043e+02
CvacCoex = 1.20937156e-05
alphaCoex = 1.60991000e+03
densityFluidCoex = 3.22170427e-02

success = 1
