# Result for solid computation at 
kT = 3.8000e-01
mu = -7.0710e+00

Ngrid_min = 1.20989806e+02
Cvac_min = 1.96593213e-03
alpha_min = 1.32467631e+03
freeEnergy_min = -3.75547797e-03
density_min = 1.15406192e+00

success = 1
