# Result for fluid computation at 
kT = 4.8000e-01
mu = -4.2707e+00

freeEnergyVapour = -1.48396019e-02
freeEnergyLiquid = -1.48396019e-02
densityVapour    = 1.58175055e-02
densityLiquid    = 1.58175055e-02
supercritical = 1

success = 1
