# Result for solid computation at 
kT = 6.8000e-01
mu = 2.5922e-01

Ngrid_min = 1.20839278e+02
Cvac_min = 3.12311695e-04
alpha_min = 1.08897839e+03
freeEnergy_min = -1.20427120e+00
density_min = 1.16029565e+00

success = 1
