# Result for fluid computation at 
kT = 5.6000e-01
mu = -2.3712e+00

freeEnergyVapour = -1.82121388e-01
freeEnergyLiquid = -1.82121388e-01
densityVapour    = 3.69829719e-01
densityLiquid    = 3.69829719e-01
supercritical = 1

success = 1
