# Result for fluid computation at 
kT = 6.2000e-01
mu = -1.1182e+00

freeEnergyVapour = -6.59622858e-01
freeEnergyLiquid = -6.59622858e-01
densityVapour    = 5.29410637e-01
densityLiquid    = 5.29410637e-01
supercritical = 1

success = 1
