# Result for solid computation at 
kT = 8.6000e-01
mu = 3.6863e+00

Ngrid_min = 1.20902995e+02
Cvac_min = 1.61729500e-04
alpha_min = 8.66446141e+02
freeEnergy_min = -3.33398167e+00
density_min = 1.15864056e+00

success = 1
