# Result for solid computation at 
kT = 3.4000e-01
mu = -9.6148e+00

Ngrid_min = 1.20276045e+02
Cvac_min = -2.46630271e-06
alpha_min = 2.51564387e+03
freeEnergy_min = 5.71331577e-01
density_min = 1.17704481e+00

success = 1
