# Result for fluid computation at 
kT = 9.4000e-01
mu = 4.7830e+00

freeEnergyVapour = -3.97610410e+00
freeEnergyLiquid = -3.97610410e+00
densityVapour    = 7.73952029e-01
densityLiquid    = 7.73952029e-01
supercritical = 1

success = 1
