# Result for solid computation at 
kT = 6.0000e-01
mu = -1.1876e+00

Ngrid_min = 1.20829493e+02
Cvac_min = 2.49336284e-04
alpha_min = 1.20954182e+03
freeEnergy_min = -7.38390054e-01
density_min = 1.16065040e+00

success = 1
