# Result for solid computation at 
kT = 6.8000e-01
mu = 4.5343e-01

Ngrid_min = 1.20765937e+02
Cvac_min = 1.11747718e-04
alpha_min = 1.12933002e+03
freeEnergy_min = -1.43162954e+00
density_min = 1.16264868e+00

success = 1
