# Result for fluid computation at 
kT = 3.8000e-01
mu = -7.5698e+00

freeEnergyVapour = -5.17263839e-04
freeEnergyLiquid = -5.17263839e-04
densityVapour    = 5.18760138e-04
densityLiquid    = 5.18760138e-04
supercritical = 1

success = 1
