# Result for fluid computation at 
kT = 1.0000e+00
mu = 5.3023e+00

freeEnergyVapour = -4.28461678e+00
freeEnergyLiquid = -4.28461678e+00
densityVapour    = 7.85106632e-01
densityLiquid    = 7.85106632e-01
supercritical = 1

success = 1
