# Result for solid computation at 
kT = 1.3800e+00
mu = 8.4911e+00

Ngrid_min = 1.21172347e+02
Cvac_min = 1.79728572e-04
alpha_min = 5.10963615e+02
freeEnergy_min = -6.50529722e+00
density_min = 1.15090890e+00

success = 1
