# Result for solid computation at 
kT = 1.1000e+00
mu = 6.5410e+00

Ngrid_min = 1.21022710e+02
Cvac_min = 1.64893228e-04
alpha_min = 6.62342337e+02
freeEnergy_min = -5.20917476e+00
density_min = 1.15520129e+00

success = 1
