# Result for fluid computation at 
kT = 1.0200e+00
mu = 5.3250e+00

freeEnergyVapour = -4.27281542e+00
freeEnergyLiquid = -4.27281542e+00
densityVapour    = 7.83803967e-01
densityLiquid    = 7.83803967e-01
supercritical = 1

success = 1
