# Result for solid computation at 
kT = 6.2000e-01
mu = -1.1031e+00

Ngrid_min = 1.20854412e+02
Cvac_min = 2.60510169e-04
alpha_min = 1.17173674e+03
freeEnergy_min = -5.01701455e-01
density_min = 1.15992015e+00

success = 1
