# Result for fluid computation at 
kT = 1.2800e+00
mu = 8.0260e+00

freeEnergyVapour = -6.17286406e+00
freeEnergyLiquid = -6.17286406e+00
densityVapour    = 8.49819294e-01
densityLiquid    = 8.49819294e-01
supercritical = 1

success = 1
