# Result for fluid computation at 
kT = 3.4000e-01
mu = -9.4148e+00

freeEnergyVapour = -8.15478023e-05
freeEnergyLiquid = -8.15478023e-05
densityVapour    = 8.15908715e-05
densityLiquid    = 8.15908715e-05
supercritical = 1

success = 1
