# Result for solid computation at 
kT = 7.4000e-01
mu = 1.6706e+00

Ngrid_min = 1.20833530e+02
Cvac_min = 3.14041590e-04
alpha_min = 1.01807303e+03
freeEnergy_min = -2.11640580e+00
density_min = 1.16045915e+00

success = 1
