# Result for solid computation at 
kT = 1.0400e+00
mu = 5.7398e+00

Ngrid_min = 1.21041225e+02
Cvac_min = 2.08862514e-04
alpha_min = 6.94140445e+02
freeEnergy_min = -4.56922155e+00
density_min = 1.15462037e+00

success = 1
