# Result for solid computation at 
kT = 3.0000e-01
mu = -1.1600e+01

Ngrid_min = 1.21070529e+02
Cvac_min = 1.94486400e-03
alpha_min = 1.32282943e+03
freeEnergy_min = 8.03623560e-01
density_min = 1.15177828e+00

success = 1
