# Result for solid computation at 
kT = 7.0000e-01
mu = 8.7577e-01

Ngrid_min = 1.20784475e+02
Cvac_min = 1.20267899e-04
alpha_min = 1.09227033e+03
freeEnergy_min = -1.66408727e+00
density_min = 1.16210345e+00

success = 1
