# Result for solid computation at 
kT = 5.6000e-01
mu = -2.5423e+00

Ngrid_min = 1.20883876e+02
Cvac_min = 1.95076255e-03
alpha_min = 1.26703764e+03
freeEnergy_min = 9.16362566e-02
density_min = 1.15711905e+00

success = 1
