# Result for solid computation at 
kT = 4.0000e-01
mu = -6.8736e+00

Ngrid_min = 1.20989664e+02
Cvac_min = 1.96605676e-03
alpha_min = 1.32486639e+03
freeEnergy_min = 5.96183724e-01
density_min = 1.15406584e+00

success = 1
