# Result for solid computation at 
kT = 3.2000e-01
mu = -1.0652e+01

Ngrid_min = 1.20246329e+02
Cvac_min = -5.73964349e-06
alpha_min = 2.70064900e+03
freeEnergy_min = 5.14425545e-01
density_min = 1.17792181e+00

success = 1
