# Result for solid computation at 
kT = 6.6000e-01
mu = -3.7813e-01

Ngrid_min = 1.20863452e+02
Cvac_min = 3.02323485e-04
alpha_min = 1.10968059e+03
freeEnergy_min = -7.38454355e-01
density_min = 1.15961163e+00

success = 1
