# Result for fluid computation at 
kT = 4.8000e-01
mu = -4.0707e+00

freeEnergyVapour = -1.83976702e-02
freeEnergyLiquid = -1.83976702e-02
densityVapour    = 1.99476887e-02
densityLiquid    = 1.99476887e-02
supercritical = 1

success = 1
