# Result for solid computation at 
kT = 7.0000e-01
mu = 8.7952e-01

Ngrid_min = 1.20816539e+02
Cvac_min = 3.22773003e-04
alpha_min = 1.07014207e+03
freeEnergy_min = -1.66727546e+00
density_min = 1.16093832e+00

success = 1
