# Result for solid computation at 
kT = 1.0800e+00
mu = 5.9475e+00

Ngrid_min = 1.21106033e+02
Cvac_min = 2.56336225e-04
alpha_min = 6.56655088e+02
freeEnergy_min = -4.61509599e+00
density_min = 1.15271266e+00

success = 1
