# Result for solid computation at 
kT = 1.4600e+00
mu = 9.1599e+00

Ngrid_min = 1.21129312e+02
Cvac_min = 1.37726688e-04
alpha_min = 4.90584954e+02
freeEnergy_min = -7.08303643e+00
density_min = 1.15218465e+00

success = 1
