# Result for fluid computation at 
kT = 7.2000e-01
mu = 8.8083e-01

freeEnergyVapour = -1.62496211e+00
freeEnergyLiquid = -1.62496211e+00
densityVapour    = 6.41048857e-01
densityLiquid    = 6.41048857e-01
supercritical = 1

success = 1
