# Result for solid computation at 
kT = 1.0200e+00
mu = 5.3250e+00

Ngrid_min = 1.21074030e+02
Cvac_min = 2.60296149e-04
alpha_min = 6.99625533e+02
freeEnergy_min = -4.19400892e+00
density_min = 1.15362257e+00

success = 1
