# Result for fluid computation at 
kT = 5.6000e-01
mu = -2.1712e+00

freeEnergyVapour = -2.62752839e-01
freeEnergyLiquid = -2.62752839e-01
densityVapour    = 4.31716591e-01
densityLiquid    = 4.31716591e-01
supercritical = 1

success = 1
