# Result for fluid computation at 
kT = 4.6000e-01
mu = -5.2386e+00

freeEnergyVapour = -5.43232206e-03
freeEnergyLiquid = -5.43232206e-03
densityVapour    = 5.56243533e-03
densityLiquid    = 5.56243533e-03
supercritical = 1

success = 1
