# Result for fluid computation at 
kT = 3.2000e-01
mu = -1.0452e+01

freeEnergyVapour = -2.89102475e-05
freeEnergyLiquid = -2.89102475e-05
densityVapour    = 2.89161086e-05
densityLiquid    = 2.89161086e-05
supercritical = 1

success = 1
