# Result for solid computation at 
kT = 7.2000e-01
mu = 1.2831e+00

Ngrid_min = 1.20822641e+02
Cvac_min = 3.21567839e-04
alpha_min = 1.04430828e+03
freeEnergy_min = -1.89413703e+00
density_min = 1.16076397e+00

success = 1
