# Result for fluid computation at 
kT = 7.6000e-01
mu = 1.8415e+00

freeEnergyVapour = -2.17497066e+00
freeEnergyLiquid = -2.17497066e+00
densityVapour    = 6.83097876e-01
densityLiquid    = 6.83097876e-01
supercritical = 1

success = 1
