# Result for solid computation at 
kT = 3.2000e-01
mu = -1.0303e+01

Ngrid_min = 1.21051325e+02
Cvac_min = 1.94806083e-03
alpha_min = 1.32329438e+03
freeEnergy_min = 6.19527123e-01
density_min = 1.15232304e+00

success = 1
