# Result for solid computation at 
kT = 7.6000e-01
mu = 1.6424e+00

Ngrid_min = 1.20905867e+02
Cvac_min = 3.10213938e-04
alpha_min = 9.71098272e+02
freeEnergy_min = -1.86986347e+00
density_min = 1.15838349e+00

success = 1
