# Result for fluid computation at 
kT = 6.0000e-01
mu = -1.2066e+00

freeEnergyVapour = -6.55448843e-01
freeEnergyLiquid = -6.55448843e-01
densityVapour    = 5.37464905e-01
densityLiquid    = 5.37464905e-01
supercritical = 1

success = 1
