# Result for fluid computation at 
kT = 5.8000e-01
mu = -1.7021e+00

freeEnergyVapour = -4.42866452e-01
freeEnergyLiquid = -4.42866452e-01
densityVapour    = 4.92278850e-01
densityLiquid    = 4.92278850e-01
supercritical = 1

success = 1
