# Result for solid computation at 
kT = 7.8000e-01
mu = 1.9991e+00

Ngrid_min = 1.20922089e+02
Cvac_min = 2.99721422e-04
alpha_min = 9.42999812e+02
freeEnergy_min = -2.08176806e+00
density_min = 1.15792988e+00

success = 1
