# Result for solid computation at 
kT = 6.0000e-01
mu = -1.5876e+00

Ngrid_min = 1.20865102e+02
Cvac_min = 2.35257327e-04
alpha_min = 1.20214518e+03
freeEnergy_min = -2.74330813e-01
density_min = 1.15964190e+00

success = 1
