# Result for solid computation at 
kT = 7.0000e-01
mu = 4.7952e-01

Ngrid_min = 1.20867711e+02
Cvac_min = 3.22073097e-04
alpha_min = 1.05502698e+03
freeEnergy_min = -1.20319294e+00
density_min = 1.15946626e+00

success = 1
