# Result for solid computation at 
kT = 4.2000e-01
mu = -6.3509e+00

Ngrid_min = 1.20392886e+02
Cvac_min = 1.67657198e-06
alpha_min = 1.96574873e+03
freeEnergy_min = 5.70865115e-01
density_min = 1.17361570e+00

success = 1
