# Result for fluid computation at 
kT = 1.1000e+00
mu = 6.5410e+00

freeEnergyVapour = -5.13651104e+00
freeEnergyLiquid = -5.13651104e+00
densityVapour    = 8.16451077e-01
densityLiquid    = 8.16451077e-01
supercritical = 1

success = 1
