# Result for fluid computation at 
kT = 5.0000e-01
mu = -3.5504e+00

freeEnergyVapour = -3.26290998e-02
freeEnergyLiquid = -3.26290998e-02
densityVapour    = 3.77523036e-02
densityLiquid    = 3.77523036e-02
supercritical = 1

success = 1
