# Result for solid computation at 
kT = 1.4000e+00
mu = 8.6131e+00

Ngrid_min = 1.21178118e+02
Cvac_min = 1.76926979e-04
alpha_min = 5.03201233e+02
freeEnergy_min = -6.59522068e+00
density_min = 1.15074768e+00

success = 1
