# Result for fluid computation at 
kT = 1.2800e+00
mu = 7.8260e+00

freeEnergyVapour = -6.00344978e+00
freeEnergyLiquid = -6.00344978e+00
densityVapour    = 8.44303326e-01
densityLiquid    = 8.44303326e-01
supercritical = 1

success = 1
