# Result for solid computation at 
kT = 6.4000e-01
mu = -4.3249e-01

Ngrid_min = 1.20824982e+02
Cvac_min = 2.87467179e-04
alpha_min = 1.14822576e+03
freeEnergy_min = -9.67427994e-01
density_min = 1.16073605e+00

success = 1
