# Result for fluid computation at 
kT = 6.4000e-01
mu = -8.4405e-01

freeEnergyVapour = -7.66152951e-01
freeEnergyLiquid = -7.66152951e-01
densityVapour    = 5.43896761e-01
densityLiquid    = 5.43896761e-01
supercritical = 1

success = 1
