# Result for solid computation at 
kT = 1.2000e+00
mu = 7.0179e+00

Ngrid_min = 1.21162842e+02
Cvac_min = 2.45234815e-04
alpha_min = 5.84635305e+02
freeEnergy_min = -5.35820720e+00
density_min = 1.15110448e+00

success = 1
