# Result for solid computation at 
kT = 6.0000e-01
mu = -1.3876e+00

Ngrid_min = 1.20847275e+02
Cvac_min = 2.40045036e-04
alpha_min = 1.20588045e+03
freeEnergy_min = -5.06310033e-01
density_min = 1.16014925e+00

success = 1
