# Result for fluid computation at 
kT = 1.0400e+00
mu = 5.7398e+00

freeEnergyVapour = -4.57186801e+00
freeEnergyLiquid = -4.57186801e+00
densityVapour    = 7.95886754e-01
densityLiquid    = 7.95886754e-01
supercritical = 1

success = 1
