# Result for solid computation at 
kT = 1.2800e+00
mu = 8.0260e+00

Ngrid_min = 1.21084812e+02
Cvac_min = 1.52473518e-04
alpha_min = 5.63328626e+02
freeEnergy_min = -6.25220657e+00
density_min = 1.15343870e+00

success = 1
