# Result for fluid computation at 
kT = 1.4800e+00
mu = 9.2694e+00

freeEnergyVapour = -7.08369148e+00
freeEnergyLiquid = -7.08369148e+00
densityVapour    = 8.77160928e-01
densityLiquid    = 8.77160928e-01
supercritical = 1

success = 1
