# Result for fluid computation at 
kT = 6.0000e-01
mu = -1.6066e+00

freeEnergyVapour = -4.50832994e-01
freeEnergyLiquid = -4.50832994e-01
densityVapour    = 4.82871544e-01
densityLiquid    = 4.82871544e-01
supercritical = 1

success = 1
