# Result for fluid computation at 
kT = 4.8000e-01
mu = -4.6707e+00

freeEnergyVapour = -9.74010987e-03
freeEnergyLiquid = -9.74010987e-03
densityVapour    = 1.01441663e-02
densityLiquid    = 1.01441663e-02
supercritical = 1

success = 1
