# Result for solid computation at 
kT = 5.0000e-01
mu = -3.6695e+00

Ngrid_min = 1.20901343e+02
Cvac_min = 2.04127639e-03
alpha_min = 1.33809076e+03
freeEnergy_min = 4.49054490e-02
density_min = 1.15651265e+00

success = 1
