# Result for solid computation at 
kT = 1.2000e+00
mu = 7.4179e+00

Ngrid_min = 1.21059593e+02
Cvac_min = 1.58227167e-04
alpha_min = 6.03356302e+02
freeEnergy_min = -5.81925921e+00
density_min = 1.15415321e+00

success = 1
