# Result for solid computation at 
kT = 8.4000e-01
mu = 3.1839e+00

Ngrid_min = 1.20924870e+02
Cvac_min = 1.97798031e-04
alpha_min = 8.79445645e+02
freeEnergy_min = -2.91361097e+00
density_min = 1.15796997e+00

success = 1
