# Result for fluid computation at 
kT = 1.4800e+00
mu = 9.0694e+00

freeEnergyVapour = -6.90876572e+00
freeEnergyLiquid = -6.90876572e+00
densityVapour    = 8.72079696e-01
densityLiquid    = 8.72079696e-01
supercritical = 1

success = 1
