# Result for solid computation at 
kT = 9.4000e-01
mu = 4.3830e+00

Ngrid_min = 1.21026928e+02
Cvac_min = 2.60240194e-04
alpha_min = 7.66348415e+02
freeEnergy_min = -3.57198931e+00
density_min = 1.15497034e+00

success = 1
