# Result for fluid computation at 
kT = 3.8000e-01
mu = -8.1698e+00

freeEnergyVapour = -2.83510846e-04
freeEnergyLiquid = -2.83510846e-04
densityVapour    = 2.83959236e-04
densityLiquid    = 2.83959236e-04
supercritical = 1

success = 1
