# Result for fluid computation at 
kT = 1.2400e+00
mu = 7.7313e+00

freeEnergyVapour = -5.96292849e+00
freeEnergyLiquid = -5.96292849e+00
densityVapour    = 8.43300347e-01
densityLiquid    = 8.43300347e-01
supercritical = 1

success = 1
