# Result for solid computation at 
kT = 1.1400e+00
mu = 6.9091e+00

Ngrid_min = 1.21038225e+02
Cvac_min = 1.63018628e-04
alpha_min = 6.37392958e+02
freeEnergy_min = -5.46323942e+00
density_min = 1.15475919e+00

success = 1
