# Result for solid computation at 
kT = 5.8000e-01
mu = -1.9021e+00

Ngrid_min = 1.20648736e+02
Cvac_min = 5.52911738e-05
alpha_min = 1.36502187e+03
freeEnergy_min = -2.81235187e-01
density_min = 1.16610664e+00

success = 1
