# Result for solid computation at 
kT = 3.8000e-01
mu = -7.3698e+00

Ngrid_min = 1.20314975e+02
Cvac_min = -1.91351624e-07
alpha_min = 2.22885934e+03
freeEnergy_min = 6.29642265e-02
density_min = 1.17589969e+00

success = 1
