# Result for solid computation at 
kT = 3.4000e-01
mu = -9.5654e+00

Ngrid_min = 1.21043285e+02
Cvac_min = 1.94936679e-03
alpha_min = 1.32348434e+03
freeEnergy_min = 9.25722738e-01
density_min = 1.15255125e+00

success = 1
