# Result for solid computation at 
kT = 7.0000e-01
mu = 1.0795e+00

Ngrid_min = 1.20791092e+02
Cvac_min = 3.33910890e-04
alpha_min = 1.07767977e+03
freeEnergy_min = -1.89953532e+00
density_min = 1.16165875e+00

success = 1
