# Result for solid computation at 
kT = 3.4000e-01
mu = -9.8148e+00

Ngrid_min = 1.20283712e+02
Cvac_min = -2.51086243e-06
alpha_min = 2.50616718e+03
freeEnergy_min = 8.06718099e-01
density_min = 1.17681976e+00

success = 1
