# Result for fluid computation at 
kT = 5.4000e-01
mu = -3.0004e+00

freeEnergyVapour = -6.22425374e-02
freeEnergyLiquid = -6.22425374e-02
densityVapour    = 8.29334218e-02
densityLiquid    = 8.29334218e-02
supercritical = 1

success = 1
