# Result for fluid computation at 
kT = 1.0800e+00
mu = 6.1475e+00

freeEnergyVapour = -4.84352037e+00
freeEnergyLiquid = -4.84352037e+00
densityVapour    = 8.05686931e-01
densityLiquid    = 8.05686931e-01
supercritical = 1

success = 1
