# Result for fluid computation at 
kT = 8.2000e-01
mu = 2.6689e+00

freeEnergyVapour = -2.62692366e+00
freeEnergyLiquid = -2.62692366e+00
densityVapour    = 7.08367861e-01
densityLiquid    = 7.08367861e-01
supercritical = 1

success = 1
