# Result for solid computation at 
kT = 7.4000e-01
mu = 1.2692e+00

Ngrid_min = 1.20878395e+02
Cvac_min = 2.09701147e-04
alpha_min = 1.00501276e+03
freeEnergy_min = -1.65118667e+00
density_min = 1.15929253e+00

success = 1
