# Result for solid computation at 
kT = 3.4000e-01
mu = -9.2148e+00

Ngrid_min = 1.20260699e+02
Cvac_min = -2.40050392e-06
alpha_min = 2.53416563e+03
freeEnergy_min = 1.00423606e-01
density_min = 1.17749547e+00

success = 1
