# Result for solid computation at 
kT = 7.0000e-01
mu = 4.7577e-01

Ngrid_min = 1.20840799e+02
Cvac_min = 1.85719626e-04
alpha_min = 1.07179671e+03
freeEnergy_min = -1.19958524e+00
density_min = 1.16040290e+00

success = 1
