# Result for solid computation at 
kT = 6.4000e-01
mu = -8.3249e-01

Ngrid_min = 1.20867127e+02
Cvac_min = 2.83981393e-04
alpha_min = 1.13787777e+03
freeEnergy_min = -5.03374272e-01
density_min = 1.15952719e+00

success = 1
