# Result for solid computation at 
kT = 4.0000e-01
mu = -6.2736e+00

Ngrid_min = 1.20967578e+02
Cvac_min = 1.98672546e-03
alpha_min = 1.32570757e+03
freeEnergy_min = -9.64382739e-02
density_min = 1.15467491e+00

success = 1
