# Result for solid computation at 
kT = 6.8000e-01
mu = 4.5922e-01

Ngrid_min = 1.20815146e+02
Cvac_min = 3.17251185e-04
alpha_min = 1.09574225e+03
freeEnergy_min = -1.43639948e+00
density_min = 1.16098485e+00

success = 1
