# Result for solid computation at 
kT = 5.0000e-01
mu = -4.0695e+00

Ngrid_min = 1.20923999e+02
Cvac_min = 2.02264633e-03
alpha_min = 1.33522502e+03
freeEnergy_min = 5.07384536e-01
density_min = 1.15588354e+00

success = 1
