# Result for fluid computation at 
kT = 8.0000e-01
mu = 2.7406e+00

freeEnergyVapour = -2.71879691e+00
freeEnergyLiquid = -2.71879691e+00
densityVapour    = 7.16482214e-01
densityLiquid    = 7.16482214e-01
supercritical = 1

success = 1
