# Result for solid computation at 
kT = 4.8000e-01
mu = -4.5701e+00

Ngrid_min = 1.20935330e+02
Cvac_min = 2.01406393e-03
alpha_min = 1.33257720e+03
freeEnergy_min = 5.60242713e-01
density_min = 1.15556827e+00

success = 1
