# Result for solid computation at 
kT = 1.0200e+00
mu = 5.5250e+00

Ngrid_min = 1.21031218e+02
Cvac_min = 2.08638658e-04
alpha_min = 7.09072368e+02
freeEnergy_min = -4.42486200e+00
density_min = 1.15490712e+00

success = 1
