# Result for fluid computation at 
kT = 3.4000e-01
mu = -9.8148e+00

freeEnergyVapour = -5.46536119e-05
freeEnergyLiquid = -5.46536119e-05
densityVapour    = 5.46729511e-05
densityLiquid    = 5.46729511e-05
supercritical = 1

success = 1
