# Result for solid computation at 
kT = 8.2000e-01
mu = 2.6694e+00

Ngrid_min = 1.20952801e+02
Cvac_min = 2.81845782e-04
alpha_min = 8.91286806e+02
freeEnergy_min = -2.48811377e+00
density_min = 1.15706941e+00

success = 1
