# Result for solid computation at 
kT = 1.2600e+00
mu = 7.4808e+00

Ngrid_min = 1.21188079e+02
Cvac_min = 2.37341966e-04
alpha_min = 5.54164910e+02
freeEnergy_min = -5.68730905e+00
density_min = 1.15039441e+00

success = 1
