# Result for fluid computation at 
kT = 8.6000e-01
mu = 3.6863e+00

freeEnergyVapour = -3.28840491e+00
freeEnergyLiquid = -3.28840491e+00
densityVapour    = 7.44553559e-01
densityLiquid    = 7.44553559e-01
supercritical = 1

success = 1
