# Result for fluid computation at 
kT = 4.2000e-01
mu = -6.1509e+00

freeEnergyVapour = -2.15390091e-03
freeEnergyLiquid = -2.15390091e-03
densityVapour    = 2.17674387e-03
densityLiquid    = 2.17674387e-03
supercritical = 1

success = 1
