# Result for solid computation at 
kT = 1.1800e+00
mu = 7.2537e+00

Ngrid_min = 1.21052714e+02
Cvac_min = 1.59944693e-04
alpha_min = 6.14291884e+02
freeEnergy_min = -5.70376062e+00
density_min = 1.15434804e+00

success = 1
