# Result for fluid computation at 
kT = 6.0000e-01
mu = -1.4066e+00

freeEnergyVapour = -5.50422594e-01
freeEnergyLiquid = -5.50422594e-01
densityVapour    = 5.12219496e-01
densityLiquid    = 5.12219496e-01
supercritical = 1

success = 1
