# Result for solid computation at 
kT = 5.6000e-01
mu = -2.5712e+00

Ngrid_min = 1.20635603e+02
Cvac_min = 5.14853991e-05
alpha_min = 1.41739049e+03
freeEnergy_min = 1.04969332e-01
density_min = 1.16649200e+00

success = 1
