# Result for solid computation at 
kT = 6.0000e-01
mu = -1.7876e+00

Ngrid_min = 1.20882977e+02
Cvac_min = 2.34759376e-04
alpha_min = 1.19831871e+03
freeEnergy_min = -4.24536338e-02
density_min = 1.15912851e+00

success = 1
