# Result for solid computation at 
kT = 3.2000e-01
mu = -1.0103e+01

Ngrid_min = 1.21045840e+02
Cvac_min = 1.94895393e-03
alpha_min = 1.32342429e+03
freeEnergy_min = 3.89046948e-01
density_min = 1.15247873e+00

success = 1
