# Result for fluid computation at 
kT = 6.0000e-01
mu = -1.8066e+00

freeEnergyVapour = -3.57666374e-01
freeEnergyLiquid = -3.57666374e-01
densityVapour    = 4.47587663e-01
densityLiquid    = 4.47587663e-01
supercritical = 1

success = 1
