# Result for solid computation at 
kT = 1.0200e+00
mu = 5.7250e+00

Ngrid_min = 1.20988310e+02
Cvac_min = 1.68076680e-04
alpha_min = 7.18696715e+02
freeEnergy_min = -4.65597107e+00
density_min = 1.15618344e+00

success = 1
