# Result for solid computation at 
kT = 4.4000e-01
mu = -5.0622e+00

Ngrid_min = 1.20388993e+02
Cvac_min = 1.69727497e-06
alpha_min = 1.88663078e+03
freeEnergy_min = -2.12422203e-01
density_min = 1.17372956e+00

success = 1
