# Result for solid computation at 
kT = 6.4000e-01
mu = -4.4405e-01

Ngrid_min = 1.20725029e+02
Cvac_min = 9.13271714e-05
alpha_min = 1.21211701e+03
freeEnergy_min = -9.58641802e-01
density_min = 1.16385494e+00

success = 1
