# Result for solid computation at 
kT = 4.4000e-01
mu = -5.1053e+00

Ngrid_min = 1.20936747e+02
Cvac_min = 2.01380108e-03
alpha_min = 1.32985708e+03
freeEnergy_min = -1.50195284e-02
density_min = 1.15552793e+00

success = 1
