# Result for solid computation at 
kT = 1.2400e+00
mu = 7.3313e+00

Ngrid_min = 1.21179884e+02
Cvac_min = 2.40177002e-04
alpha_min = 5.63966782e+02
freeEnergy_min = -5.58044161e+00
density_min = 1.15062459e+00

success = 1
