# Result for solid computation at 
kT = 3.8000e-01
mu = -7.2710e+00

Ngrid_min = 1.20996639e+02
Cvac_min = 1.95934345e-03
alpha_min = 1.32453140e+03
freeEnergy_min = 2.27038087e-01
density_min = 1.15387380e+00

success = 1
