# Result for solid computation at 
kT = 3.6000e-01
mu = -8.7623e+00

Ngrid_min = 1.21030152e+02
Cvac_min = 1.95145886e-03
alpha_min = 1.32378868e+03
freeEnergy_min = 1.02753450e+00
density_min = 1.15292422e+00

success = 1
