# Result for fluid computation at 
kT = 8.8000e-01
mu = 3.5769e+00

freeEnergyVapour = -3.16997058e+00
freeEnergyLiquid = -3.16997058e+00
densityVapour    = 7.36427757e-01
densityLiquid    = 7.36427757e-01
supercritical = 1

success = 1
