# Result for solid computation at 
kT = 5.4000e-01
mu = -2.9662e+00

Ngrid_min = 1.20891821e+02
Cvac_min = 1.99507519e-03
alpha_min = 1.30249184e+03
freeEnergy_min = 1.66694067e-01
density_min = 1.15683956e+00

success = 1
