# Result for solid computation at 
kT = 5.0000e-01
mu = -3.5504e+00

Ngrid_min = 1.20477767e+02
Cvac_min = 1.04542847e-05
alpha_min = 1.62046897e+03
freeEnergy_min = -1.68847275e-01
density_min = 1.17112640e+00

success = 1
