# Result for solid computation at 
kT = 5.6000e-01
mu = -2.3423e+00

Ngrid_min = 1.20868420e+02
Cvac_min = 1.95888574e-03
alpha_min = 1.26602124e+03
freeEnergy_min = -1.39831181e-01
density_min = 1.15755404e+00

success = 1
