# Result for solid computation at 
kT = 3.4000e-01
mu = -8.7654e+00

Ngrid_min = 1.21019461e+02
Cvac_min = 1.95312404e-03
alpha_min = 1.32403094e+03
freeEnergy_min = 3.41119572e-03
density_min = 1.15322797e+00

success = 1
