# Result for fluid computation at 
kT = 9.4000e-01
mu = 4.3830e+00

freeEnergyVapour = -3.66945249e+00
freeEnergyLiquid = -3.66945249e+00
densityVapour    = 7.59157215e-01
densityLiquid    = 7.59157215e-01
supercritical = 1

success = 1
