# Result for fluid computation at 
kT = 1.3400e+00
mu = 8.4365e+00

freeEnergyVapour = -6.46896653e+00
freeEnergyLiquid = -6.46896653e+00
densityVapour    = 8.58855634e-01
densityLiquid    = 8.58855634e-01
supercritical = 1

success = 1
