# Result for solid computation at 
kT = 5.4000e-01
mu = -2.7662e+00

Ngrid_min = 1.20877854e+02
Cvac_min = 2.00625063e-03
alpha_min = 1.30463578e+03
freeEnergy_min = -6.47126737e-02
density_min = 1.15722811e+00

success = 1
