# Result for fluid computation at 
kT = 1.4400e+00
mu = 8.6474e+00

freeEnergyVapour = -6.57111371e+00
freeEnergyLiquid = -6.57111371e+00
densityVapour    = 8.61864290e-01
densityLiquid    = 8.61864290e-01
supercritical = 1

success = 1
