# Result for solid computation at 
kT = 3.0000e-01
mu = -1.1400e+01

Ngrid_min = 1.20203194e+02
Cvac_min = -1.18463450e-05
alpha_min = 2.93458886e+03
freeEnergy_min = -6.07563803e-02
density_min = 1.17919806e+00

success = 1
