# Result for solid computation at 
kT = 3.6000e-01
mu = -7.7623e+00

Ngrid_min = 1.20997921e+02
Cvac_min = 1.95637646e-03
alpha_min = 1.32450419e+03
freeEnergy_min = -1.25847499e-01
density_min = 1.15384045e+00

success = 1
