# Result for solid computation at 
kT = 1.4800e+00
mu = 9.0694e+00

Ngrid_min = 1.21199284e+02
Cvac_min = 1.69455989e-04
alpha_min = 4.74313592e+02
freeEnergy_min = -6.93480594e+00
density_min = 1.15015335e+00

success = 1
