# Result for solid computation at 
kT = 3.0000e-01
mu = -1.0800e+01

Ngrid_min = 1.21058297e+02
Cvac_min = 1.90495883e-03
alpha_min = 1.32313259e+03
freeEnergy_min = -1.18484697e-01
density_min = 1.15217253e+00

success = 1
