# Result for fluid computation at 
kT = 3.8000e-01
mu = -7.9698e+00

freeEnergyVapour = -3.46402266e-04
freeEnergyLiquid = -3.46402266e-04
densityVapour    = 3.47072102e-04
densityLiquid    = 3.47072102e-04
supercritical = 1

success = 1
