# Result for solid computation at 
kT = 1.1800e+00
mu = 7.0537e+00

Ngrid_min = 1.21103421e+02
Cvac_min = 1.98276462e-04
alpha_min = 6.04801156e+02
freeEnergy_min = -5.47304042e+00
density_min = 1.15285417e+00

success = 1
