# Result for fluid computation at 
kT = 4.0000e-01
mu = -6.5157e+00

freeEnergyVapour = -1.49148947e-03
freeEnergyLiquid = -1.49148947e-03
densityVapour    = 1.50317481e-03
densityLiquid    = 1.50317481e-03
supercritical = 1

success = 1
