# Result for solid computation at 
kT = 1.3000e+00
mu = 7.9668e+00

Ngrid_min = 1.21147299e+02
Cvac_min = 1.87704060e-04
alpha_min = 5.44743277e+02
freeEnergy_min = -6.12322201e+00
density_min = 1.15161390e+00

success = 1
