# Result for solid computation at 
kT = 3.0000e-01
mu = -1.1200e+01

Ngrid_min = 1.21068202e+02
Cvac_min = 1.89571526e-03
alpha_min = 1.32289272e+03
freeEnergy_min = 3.42329808e-01
density_min = 1.15190013e+00

success = 1
