# Result for fluid computation at 
kT = 8.8000e-01
mu = 3.9769e+00

freeEnergyVapour = -3.46781751e+00
freeEnergyLiquid = -3.46781751e+00
densityVapour    = 7.52626455e-01
densityLiquid    = 7.52626455e-01
supercritical = 1

success = 1
