# Result for solid computation at 
kT = 3.4000e-01
mu = -1.0015e+01

Ngrid_min = 1.20291376e+02
Cvac_min = -2.54503891e-06
alpha_min = 2.49694529e+03
freeEnergy_min = 1.04205955e+00
density_min = 1.17659487e+00

success = 1
