# Result for fluid computation at 
kT = 8.4000e-01
mu = 3.1839e+00

freeEnergyVapour = -2.95748427e+00
freeEnergyLiquid = -2.95748427e+00
densityVapour    = 7.27330715e-01
densityLiquid    = 7.27330715e-01
supercritical = 1

success = 1
