# Result for solid computation at 
kT = 8.6000e-01
mu = 3.4867e+00

Ngrid_min = 1.20938330e+02
Cvac_min = 2.00937730e-04
alpha_min = 8.56613718e+02
freeEnergy_min = -3.10276107e+00
density_min = 1.15757970e+00

success = 1
