# Result for solid computation at 
kT = 5.4000e-01
mu = -3.0004e+00

Ngrid_min = 1.20591486e+02
Cvac_min = 3.47728480e-05
alpha_min = 1.48979950e+03
freeEnergy_min = 1.79839257e-01
density_min = 1.16779241e+00

success = 1
