# Result for fluid computation at 
kT = 1.3800e+00
mu = 8.4911e+00

freeEnergyVapour = -6.48248468e+00
freeEnergyLiquid = -6.48248468e+00
densityVapour    = 8.59175957e-01
densityLiquid    = 8.59175957e-01
supercritical = 1

success = 1
