# Result for solid computation at 
kT = 5.2000e-01
mu = -3.2040e+00

Ngrid_min = 1.20888952e+02
Cvac_min = 2.04969297e-03
alpha_min = 1.34133840e+03
freeEnergy_min = -7.52037506e-03
density_min = 1.15685891e+00

success = 1
