# Result for fluid computation at 
kT = 1.3600e+00
mu = 8.3656e+00

freeEnergyVapour = -6.39119650e+00
freeEnergyLiquid = -6.39119650e+00
densityVapour    = 8.56376183e-01
densityLiquid    = 8.56376183e-01
supercritical = 1

success = 1
