# Result for solid computation at 
kT = 4.6000e-01
mu = -4.8386e+00

Ngrid_min = 1.20435804e+02
Cvac_min = 4.58013163e-06
alpha_min = 1.77751921e+03
freeEnergy_min = 1.87044666e-01
density_min = 1.17235795e+00

success = 1
