# Result for solid computation at 
kT = 6.2000e-01
mu = -9.0308e-01

Ngrid_min = 1.20834982e+02
Cvac_min = 2.65811800e-04
alpha_min = 1.17614893e+03
freeEnergy_min = -7.33740900e-01
density_min = 1.16047322e+00

success = 1
