# Result for fluid computation at 
kT = 1.4000e+00
mu = 8.8131e+00

freeEnergyVapour = -6.74457422e+00
freeEnergyLiquid = -6.74457422e+00
densityVapour    = 8.67127382e-01
densityLiquid    = 8.67127382e-01
supercritical = 1

success = 1
