# Result for solid computation at 
kT = 1.0800e+00
mu = 6.3475e+00

Ngrid_min = 1.21014546e+02
Cvac_min = 1.65684810e-04
alpha_min = 6.75581659e+02
freeEnergy_min = -5.07672598e+00
density_min = 1.15543422e+00

success = 1
