# Result for fluid computation at 
kT = 6.6000e-01
mu = -1.8653e-01

freeEnergyVapour = -1.09779391e+00
freeEnergyLiquid = -1.09779391e+00
densityVapour    = 5.92542152e-01
densityLiquid    = 5.92542152e-01
supercritical = 1

success = 1
