# Result for solid computation at 
kT = 7.6000e-01
mu = 1.6415e+00

Ngrid_min = 1.20895914e+02
Cvac_min = 2.19793469e-04
alpha_min = 9.74653062e+02
freeEnergy_min = -1.86899732e+00
density_min = 1.15877685e+00

success = 1
