# Result for min over (Cvac,alpha) at 
kT = 5.0000e-01
mu = -3.9504e+00
Ngrid = 119

Cvac_min = 1.87495881e-05
alpha_min = 3.18483141e+03
freeEnergy_min = 8.61752188e-01
density_min = 1.21529280e+00

success = 1
