# Result for min over (Cvac,alpha) at 
kT = 3.2000e-01
mu = -1.1452e+01
Ngrid = 120

Cvac_min = 3.37657506e-08
alpha_min = 3.07715954e+03
freeEnergy_min = 1.48743110e+00
density_min = 1.18518515e+00

success = 1
