# Result for min over (Cvac,alpha) at 
kT = 6.8000e-01
mu = 2.5922e-01
Ngrid = 122

Cvac_min = 2.84211017e-04
alpha_min = 7.71144161e+02
freeEnergy_min = -1.05126422e+00
density_min = 1.12752716e+00

success = 1
