# Result for min over (Cvac,alpha) at 
kT = 3.2000e-01
mu = -1.0052e+01
Ngrid = 120

Cvac_min = 1.39882716e-08
alpha_min = 3.07716027e+03
freeEnergy_min = -1.71828140e-01
density_min = 1.18518518e+00

success = 1
