# Result for min over (Cvac,alpha) at 
kT = 1.0800e+00
mu = 5.9475e+00
Ngrid = 122

Cvac_min = 3.38355035e-04
alpha_min = 5.05802222e+02
freeEnergy_min = -4.56495857e+00
density_min = 1.12746609e+00

success = 1
