# Result for min over (Cvac,alpha) at 
kT = 9.8000e-01
mu = 4.8714e+00
Ngrid = 121

Cvac_min = 2.57724609e-04
alpha_min = 7.43331055e+02
freeEnergy_min = -3.89201537e+00
density_min = 1.15574467e+00

success = 1
