# Result for min over (Cvac,alpha) at 
kT = 7.8000e-01
mu = 1.9984e+00
Ngrid = 120

Cvac_min = 1.95976057e-04
alpha_min = 1.27743365e+03
freeEnergy_min = -2.00522046e+00
density_min = 1.18495292e+00

success = 1
