# Result for min over (Cvac,alpha) at 
kT = 7.4000e-01
mu = 1.6692e+00
Ngrid = 120

Cvac_min = 1.19353884e-04
alpha_min = 1.34560133e+03
freeEnergy_min = -2.05067713e+00
density_min = 1.18504373e+00

success = 1
