# Result for min over (Cvac,alpha) at 
kT = 1.2600e+00
mu = 7.8808e+00
Ngrid = 120

Cvac_min = 1.49419531e-04
alpha_min = 7.94999046e+02
freeEnergy_min = -6.08733040e+00
density_min = 1.18500810e+00

success = 1
