# Result for min over (Cvac,alpha) at 
kT = 6.8000e-01
mu = 6.5343e-01
Ngrid = 121

Cvac_min = 1.01954472e-04
alpha_min = 1.04452575e+03
freeEnergy_min = -1.65700638e+00
density_min = 1.15592475e+00

success = 1
