# Result for min over (Cvac,alpha) at 
kT = 3.0000e-01
mu = -1.2000e+01
Ngrid = 119

Cvac_min = 1.45707398e-04
alpha_min = 5.94458986e+03
freeEnergy_min = 1.30637633e+00
density_min = 1.21513851e+00

success = 1
