# Result for min over (Cvac,alpha) at 
kT = 3.4000e-01
mu = -9.2148e+00
Ngrid = 120

Cvac_min = 2.95757945e-08
alpha_min = 2.89794433e+03
freeEnergy_min = 1.26426905e-01
density_min = 1.18518515e+00

success = 1
