# Result for min over (Cvac,alpha) at 
kT = 4.4000e-01
mu = -5.5053e+00
Ngrid = 122

Cvac_min = 1.15883220e-05
alpha_min = 1.14241481e+03
freeEnergy_min = 7.98035453e-01
density_min = 1.12783464e+00

success = 1
