# Result for min over (Cvac,alpha) at 
kT = 4.2000e-01
mu = -6.1556e+00
Ngrid = 122

Cvac_min = 6.50499854e-06
alpha_min = 1.19138170e+03
freeEnergy_min = 8.84581092e-01
density_min = 1.12784037e+00

success = 1
