# Result for min over (Cvac,alpha) at 
kT = 6.0000e-01
mu = -1.8066e+00
Ngrid = 122

Cvac_min = 2.60489367e-04
alpha_min = 8.63494850e+02
freeEnergy_min = 1.70606628e-01
density_min = 1.12755391e+00

success = 1
