# Result for min over (Cvac,alpha) at 
kT = 6.8000e-01
mu = 5.3430e-02
Ngrid = 121

Cvac_min = 1.89121342e-04
alpha_min = 1.04437949e+03
freeEnergy_min = -9.63478545e-01
density_min = 1.15582398e+00

success = 1
