# Result for min over (Cvac,alpha) at 
kT = 7.8000e-01
mu = 1.9984e+00
Ngrid = 122

Cvac_min = 3.92971791e-04
alpha_min = 6.80869962e+02
freeEnergy_min = -1.97343489e+00
density_min = 1.12740449e+00

success = 1
