# Result for min over (Cvac,alpha) at 
kT = 4.2000e-01
mu = -6.1509e+00
Ngrid = 121

Cvac_min = 2.03052981e-06
alpha_min = 1.62822456e+03
freeEnergy_min = 4.51292173e-01
density_min = 1.15604026e+00

success = 1
