# Result for min over (Cvac,alpha) at 
kT = 3.6000e-01
mu = -8.1295e+00
Ngrid = 119

Cvac_min = 1.01973403e-05
alpha_min = 4.75395157e+03
freeEnergy_min = 5.43282936e-01
density_min = 1.21530319e+00

success = 1
