# Result for min over (Cvac,alpha) at 
kT = 9.2000e-01
mu = 4.5246e+00
Ngrid = 122

Cvac_min = 2.51053751e-04
alpha_min = 5.85978354e+02
freeEnergy_min = -3.78222249e+00
density_min = 1.12756456e+00

success = 1
