# Result for min over (Cvac,alpha) at 
kT = 9.0000e-01
mu = 4.2561e+00
Ngrid = 120

Cvac_min = 1.49657407e-04
alpha_min = 1.10929788e+03
freeEnergy_min = -3.62843198e+00
density_min = 1.18500781e+00

success = 1
