# Result for min over (Cvac,alpha) at 
kT = 7.4000e-01
mu = 1.2706e+00
Ngrid = 122

Cvac_min = 3.83888826e-04
alpha_min = 7.14201073e+02
freeEnergy_min = -1.53123991e+00
density_min = 1.12741474e+00

success = 1
