# Result for min over (Cvac,alpha) at 
kT = 1.3600e+00
mu = 8.3656e+00
Ngrid = 122

Cvac_min = 2.12954857e-04
alpha_min = 4.08657526e+02
freeEnergy_min = -6.37999480e+00
density_min = 1.12760752e+00

success = 1
