# Result for min over (Cvac,alpha) at 
kT = 1.4000e+00
mu = 8.8131e+00
Ngrid = 122

Cvac_min = 1.66185855e-04
alpha_min = 3.97797647e+02
freeEnergy_min = -6.78954184e+00
density_min = 1.12766027e+00

success = 1
