# Result for min over (Cvac,alpha) at 
kT = 6.2000e-01
mu = -1.3031e+00
Ngrid = 122

Cvac_min = 2.86343126e-04
alpha_min = 8.38289799e+02
freeEnergy_min = -9.11050038e-02
density_min = 1.12752475e+00

success = 1
