# Result for min over (Cvac,alpha) at 
kT = 8.8000e-01
mu = 3.9769e+00
Ngrid = 122

Cvac_min = 2.56279006e-04
alpha_min = 6.10247966e+02
freeEnergy_min = -3.42382880e+00
density_min = 1.12755866e+00

success = 1
