# Result for min over (Cvac,alpha) at 
kT = 1.0400e+00
mu = 5.9398e+00
Ngrid = 122

Cvac_min = 2.29408737e-04
alpha_min = 5.23763972e+02
freeEnergy_min = -4.73456470e+00
density_min = 1.12758897e+00

success = 1
