# Result for min over (Cvac,alpha) at 
kT = 4.8000e-01
mu = -4.3701e+00
Ngrid = 122

Cvac_min = 3.16514209e-05
alpha_min = 1.05620250e+03
freeEnergy_min = 6.40863520e-01
density_min = 1.12781201e+00

success = 1
