# Result for min over (Cvac,alpha) at 
kT = 6.6000e-01
mu = 2.2187e-01
Ngrid = 121

Cvac_min = 9.37170031e-05
alpha_min = 1.07375555e+03
freeEnergy_min = -1.42973385e+00
density_min = 1.15593427e+00

success = 1
