# Result for min over (Cvac,alpha) at 
kT = 4.8000e-01
mu = -3.9701e+00
Ngrid = 122

Cvac_min = 2.10049492e-05
alpha_min = 1.05621892e+03
freeEnergy_min = 1.89736125e-01
density_min = 1.12782401e+00

success = 1
