# Result for min over (Cvac,alpha) at 
kT = 8.2000e-01
mu = 3.0694e+00
Ngrid = 122

Cvac_min = 2.60946055e-04
alpha_min = 6.50724331e+02
freeEnergy_min = -2.84329274e+00
density_min = 1.12755340e+00

success = 1
