# Result for min over (Cvac,alpha) at 
kT = 3.8000e-01
mu = -7.7698e+00
Ngrid = 119

Cvac_min = 4.02716369e-06
alpha_min = 4.44364158e+03
freeEnergy_min = 1.13379934e+00
density_min = 1.21531069e+00

success = 1
