# Result for min over (Cvac,alpha) at 
kT = 5.8000e-01
mu = -1.9021e+00
Ngrid = 121

Cvac_min = 6.90361120e-05
alpha_min = 1.20975304e+03
freeEnergy_min = -2.65649358e-01
density_min = 1.15596280e+00

success = 1
