# Result for min over (Cvac,alpha) at 
kT = 1.2400e+00
mu = 7.7313e+00
Ngrid = 120

Cvac_min = 1.50343331e-04
alpha_min = 8.07708515e+02
freeEnergy_min = -5.98009665e+00
density_min = 1.18500700e+00

success = 1
