# Result for min over (Cvac,alpha) at 
kT = 7.4000e-01
mu = 1.4692e+00
Ngrid = 122

Cvac_min = 3.12156633e-04
alpha_min = 7.14242443e+02
freeEnergy_min = -1.75518878e+00
density_min = 1.12749564e+00

success = 1
