# Result for min over (Cvac,alpha) at 
kT = 6.6000e-01
mu = -3.7813e-01
Ngrid = 122

Cvac_min = 3.32827101e-04
alpha_min = 7.92193489e+02
freeEnergy_min = -5.82143239e-01
density_min = 1.12747233e+00

success = 1
