# Result for min over (Cvac,alpha) at 
kT = 1.1400e+00
mu = 6.7091e+00
Ngrid = 121

Cvac_min = 1.99322050e-04
alpha_min = 6.44880594e+02
freeEnergy_min = -5.23198662e+00
density_min = 1.15581218e+00

success = 1
