# Result for min over (Cvac,alpha) at 
kT = 5.6000e-01
mu = -2.5423e+00
Ngrid = 122

Cvac_min = 1.43651223e-04
alpha_min = 9.19067293e+02
freeEnergy_min = 3.16888105e-01
density_min = 1.12768569e+00

success = 1
