# Result for min over (Cvac,alpha) at 
kT = 6.8000e-01
mu = 2.5343e-01
Ngrid = 122

Cvac_min = 2.86737154e-04
alpha_min = 7.71167277e+02
freeEnergy_min = -1.04473830e+00
density_min = 1.12752431e+00

success = 1
