# Result for min over (Cvac,alpha) at 
kT = 8.0000e-01
mu = 2.5406e+00
Ngrid = 121

Cvac_min = 1.96245686e-04
alpha_min = 8.98322579e+02
freeEnergy_min = -2.51795482e+00
density_min = 1.15581574e+00

success = 1
