# Result for min over (Cvac,alpha) at 
kT = 6.8000e-01
mu = 5.9218e-02
Ngrid = 120

Cvac_min = 1.95632628e-03
alpha_min = 1.32460085e+03
freeEnergy_min = -8.87702285e-01
density_min = 1.18286658e+00

success = 1
