# Result for min over (Cvac,alpha) at 
kT = 8.4000e-01
mu = 3.1839e+00
Ngrid = 120

Cvac_min = 1.74401423e-04
alpha_min = 1.18743985e+03
freeEnergy_min = -2.84207712e+00
density_min = 1.18497849e+00

success = 1
