# Result for min over (Cvac,alpha) at 
kT = 5.4000e-01
mu = -3.0004e+00
Ngrid = 122

Cvac_min = 1.08580002e-04
alpha_min = 9.49735781e+02
freeEnergy_min = 4.50792695e-01
density_min = 1.12772524e+00

success = 1
