# Result for min over (Cvac,alpha) at 
kT = 1.4800e+00
mu = 9.0694e+00
Ngrid = 122

Cvac_min = 1.92093965e-04
alpha_min = 3.77618568e+02
freeEnergy_min = -6.90707081e+00
density_min = 1.12763105e+00

success = 1
