# Result for min over (Cvac,alpha) at 
kT = 5.6000e-01
mu = -2.7423e+00
Ngrid = 122

Cvac_min = 1.76688686e-04
alpha_min = 9.19020204e+02
freeEnergy_min = 5.42421614e-01
density_min = 1.12764843e+00

success = 1
