# Result for min over (Cvac,alpha) at 
kT = 3.4000e-01
mu = -9.4148e+00
Ngrid = 119

Cvac_min = 2.53354529e-05
alpha_min = 5.10421270e+03
freeEnergy_min = 9.51576316e-01
density_min = 1.21528480e+00

success = 1
