# Result for min over (Cvac,alpha) at 
kT = 9.8000e-01
mu = 5.0714e+00
Ngrid = 120

Cvac_min = 1.89791256e-04
alpha_min = 1.01975363e+03
freeEnergy_min = -4.05162681e+00
density_min = 1.18496025e+00

success = 1
