# Result for min over (Cvac,alpha) at 
kT = 3.8000e-01
mu = -7.9698e+00
Ngrid = 121

Cvac_min = 6.29755218e-07
alpha_min = 1.78517980e+03
freeEnergy_min = 9.15268600e-01
density_min = 1.15604188e+00

success = 1
