# Result for min over (Cvac,alpha) at 
kT = 8.4000e-01
mu = 3.1839e+00
Ngrid = 122

Cvac_min = 3.20331218e-04
alpha_min = 6.36587618e+02
freeEnergy_min = -2.81694551e+00
density_min = 1.12748642e+00

success = 1
