# Result for min over (Cvac,alpha) at 
kT = 1.0400e+00
mu = 5.9398e+00
Ngrid = 121

Cvac_min = 1.67422050e-04
alpha_min = 7.03133162e+02
freeEnergy_min = -4.80027571e+00
density_min = 1.15584906e+00

success = 1
