# Result for min over (Cvac,alpha) at 
kT = 7.2000e-01
mu = 1.0808e+00
Ngrid = 121

Cvac_min = 1.72153065e-04
alpha_min = 9.90578071e+02
freeEnergy_min = -1.65709387e+00
density_min = 1.15584359e+00

success = 1
