# Result for min over (Cvac,alpha) at 
kT = 1.3800e+00
mu = 8.4911e+00
Ngrid = 122

Cvac_min = 2.10354605e-04
alpha_min = 4.03141412e+02
freeEnergy_min = -6.47310827e+00
density_min = 1.12761046e+00

success = 1
