# Result for min over (Cvac,alpha) at 
kT = 6.6000e-01
mu = -3.7813e-01
Ngrid = 121

Cvac_min = 1.73372071e-04
alpha_min = 1.07361470e+03
freeEnergy_min = -7.36198112e-01
density_min = 1.15584218e+00

success = 1
