# Result for min over (Cvac,alpha) at 
kT = 8.2000e-01
mu = 3.0689e+00
Ngrid = 120

Cvac_min = 1.38545430e-04
alpha_min = 1.21604732e+03
freeEnergy_min = -2.88485893e+00
density_min = 1.18502098e+00

success = 1
