# Result for min over (Cvac,alpha) at 
kT = 4.6000e-01
mu = -4.7129e+00
Ngrid = 122

Cvac_min = 1.58971502e-05
alpha_min = 1.09752418e+03
freeEnergy_min = 4.91859838e-01
density_min = 1.12782978e+00

success = 1
