# Result for min over (Cvac,alpha) at 
kT = 5.4000e-01
mu = -2.6004e+00
Ngrid = 120

Cvac_min = 2.13765494e-05
alpha_min = 1.83552127e+03
freeEnergy_min = -2.46440541e-01
density_min = 1.18515985e+00

success = 1
