# Result for min over (Cvac,alpha) at 
kT = 5.0000e-01
mu = -4.1504e+00
Ngrid = 122

Cvac_min = 6.54016841e-05
alpha_min = 1.01803900e+03
freeEnergy_min = 8.83262628e-01
density_min = 1.12777394e+00

success = 1
