# Result for min over (Cvac,alpha) at 
kT = 8.2000e-01
mu = 2.8689e+00
Ngrid = 121

Cvac_min = 2.00339281e-04
alpha_min = 8.77946610e+02
freeEnergy_min = -2.71847525e+00
density_min = 1.15581101e+00

success = 1
