# Result for min over (Cvac,alpha) at 
kT = 6.4000e-01
mu = -8.4405e-01
Ngrid = 121

Cvac_min = 1.59904890e-04
alpha_min = 1.10463090e+03
freeEnergy_min = -4.87715221e-01
density_min = 1.15585775e+00

success = 1
