# Result for min over (Cvac,alpha) at 
kT = 7.2000e-01
mu = 1.2808e+00
Ngrid = 120

Cvac_min = 1.12643022e-04
alpha_min = 1.38243060e+03
freeEnergy_min = -1.82822697e+00
density_min = 1.18505168e+00

success = 1
