# Result for min over (Cvac,alpha) at 
kT = 5.6000e-01
mu = -2.3423e+00
Ngrid = 122

Cvac_min = 1.16862390e-04
alpha_min = 9.19099979e+02
freeEnergy_min = 9.13478896e-02
density_min = 1.12771590e+00

success = 1
