# Result for min over (Cvac,alpha) at 
kT = 7.2000e-01
mu = 8.8083e-01
Ngrid = 120

Cvac_min = 1.69329131e-04
alpha_min = 1.38230120e+03
freeEnergy_min = -1.35421893e+00
density_min = 1.18498450e+00

success = 1
