# Result for min over (Cvac,alpha) at 
kT = 6.8000e-01
mu = 4.5922e-01
Ngrid = 122

Cvac_min = 2.31766213e-04
alpha_min = 7.71192278e+02
freeEnergy_min = -1.27677575e+00
density_min = 1.12758631e+00

success = 1
