# Result for min over (Cvac,alpha) at 
kT = 5.6000e-01
mu = -2.7712e+00
Ngrid = 121

Cvac_min = 8.07249972e-05
alpha_min = 1.24947205e+03
freeEnergy_min = 3.53598489e-01
density_min = 1.15594929e+00

success = 1
