# Result for min over (Cvac,alpha) at 
kT = 1.1400e+00
mu = 6.9091e+00
Ngrid = 122

Cvac_min = 2.10254006e-04
alpha_min = 4.81327300e+02
freeEnergy_min = -5.40891035e+00
density_min = 1.12761057e+00

success = 1
