# Result for min over (Cvac,alpha) at 
kT = 1.0600e+00
mu = 5.9472e+00
Ngrid = 120

Cvac_min = 1.90844266e-04
alpha_min = 9.43587021e+02
freeEnergy_min = -4.63876274e+00
density_min = 1.18495900e+00

success = 1
