# Result for min over (Cvac,alpha) at 
kT = 4.4000e-01
mu = -5.1053e+00
Ngrid = 121

Cvac_min = 1.95606853e-03
alpha_min = 1.32445938e+03
freeEnergy_min = -1.37386551e-02
density_min = 1.15378131e+00

success = 1
