# Result for min over (Cvac,alpha) at 
kT = 1.1600e+00
mu = 7.0842e+00
Ngrid = 122

Cvac_min = 2.06638918e-04
alpha_min = 4.73672979e+02
freeEnergy_min = -5.53270690e+00
density_min = 1.12761465e+00

success = 1
