# Result for min over (Cvac,alpha) at 
kT = 8.0000e-01
mu = 2.5406e+00
Ngrid = 120

Cvac_min = 1.65050730e-04
alpha_min = 1.24594515e+03
freeEnergy_min = -2.44791918e+00
density_min = 1.18498957e+00

success = 1
