# Result for min over (Cvac,alpha) at 
kT = 8.8000e-01
mu = 3.7769e+00
Ngrid = 121

Cvac_min = 2.06790629e-04
alpha_min = 8.22047962e+02
freeEnergy_min = -3.28534484e+00
density_min = 1.15580355e+00

success = 1
