# Result for min over (Cvac,alpha) at 
kT = 8.0000e-01
mu = 2.7406e+00
Ngrid = 121

Cvac_min = 1.60219235e-04
alpha_min = 8.98391246e+02
freeEnergy_min = -2.74912230e+00
density_min = 1.15585739e+00

success = 1
