# Result for min over (Cvac,alpha) at 
kT = 8.6000e-01
mu = 3.4867e+00
Ngrid = 122

Cvac_min = 3.18380422e-04
alpha_min = 6.23072897e+02
freeEnergy_min = -3.01098900e+00
density_min = 1.12748862e+00

success = 1
