# Result for min over (Cvac,alpha) at 
kT = 3.0000e-01
mu = -1.1800e+01
Ngrid = 120

Cvac_min = 2.90610977e-08
alpha_min = 3.28029577e+03
freeEnergy_min = 4.31514839e-01
density_min = 1.18518518e+00

success = 1
