# Result for min over (Cvac,alpha) at 
kT = 5.0000e-01
mu = -3.7504e+00
Ngrid = 121

Cvac_min = 1.69921030e-05
alpha_min = 1.38700168e+03
freeEnergy_min = 1.30356297e-01
density_min = 1.15602297e+00

success = 1
