# Result for min over (Cvac,alpha) at 
kT = 6.0000e-01
mu = -1.2066e+00
Ngrid = 122

Cvac_min = 1.40480514e-04
alpha_min = 8.63611594e+02
freeEnergy_min = -5.05970378e-01
density_min = 1.12768926e+00

success = 1
