# Result for min over (Cvac,alpha) at 
kT = 7.0000e-01
mu = 1.0758e+00
Ngrid = 122

Cvac_min = 1.96338734e-04
alpha_min = 7.51262458e+02
freeEnergy_min = -1.73802075e+00
density_min = 1.12762627e+00

success = 1
