# Result for min over (Cvac,alpha) at 
kT = 3.4000e-01
mu = -1.0215e+01
Ngrid = 120

Cvac_min = 7.65414249e-08
alpha_min = 2.89794339e+03
freeEnergy_min = 1.31161203e+00
density_min = 1.18518510e+00

success = 1
