# Result for min over (Cvac,alpha) at 
kT = 3.4000e-01
mu = -8.5654e+00
Ngrid = 122

Cvac_min = 1.65949664e-03
alpha_min = 1.28140657e+03
freeEnergy_min = 2.36510703e-01
density_min = 1.12597605e+00

success = 1
