# Result for min over (Cvac,alpha) at 
kT = 7.0000e-01
mu = 1.0795e+00
Ngrid = 122

Cvac_min = 1.95876215e-04
alpha_min = 7.51291808e+02
freeEnergy_min = -1.74225085e+00
density_min = 1.12762679e+00

success = 1
