# Result for min over (Cvac,alpha) at 
kT = 4.0000e-01
mu = -7.0736e+00
Ngrid = 122

Cvac_min = 4.24276743e-06
alpha_min = 1.24503133e+03
freeEnergy_min = 1.20461983e+00
density_min = 1.12784292e+00

success = 1
