# Result for min over (Cvac,alpha) at 
kT = 7.4000e-01
mu = 1.2706e+00
Ngrid = 121

Cvac_min = 2.20944401e-04
alpha_min = 9.65690677e+02
freeEnergy_min = -1.65133984e+00
density_min = 1.15578719e+00

success = 1
