# Result for min over (Cvac,alpha) at 
kT = 6.4000e-01
mu = -4.3249e-01
Ngrid = 122

Cvac_min = 2.06208529e-04
alpha_min = 8.14675846e+02
freeEnergy_min = -7.87425869e-01
density_min = 1.12761513e+00

success = 1
