# Result for min over (Cvac,alpha) at 
kT = 8.2000e-01
mu = 2.8689e+00
Ngrid = 122

Cvac_min = 3.21347639e-04
alpha_min = 6.50708120e+02
freeEnergy_min = -2.61720218e+00
density_min = 1.12748527e+00

success = 1
