# Result for min over (Cvac,alpha) at 
kT = 7.0000e-01
mu = 4.7952e-01
Ngrid = 122

Cvac_min = 3.64852754e-04
alpha_min = 7.51105992e+02
freeEnergy_min = -1.06572585e+00
density_min = 1.12743621e+00

success = 1
