# Result for min over (Cvac,alpha) at 
kT = 8.2000e-01
mu = 2.6694e+00
Ngrid = 122

Cvac_min = 3.95189072e-04
alpha_min = 6.50645381e+02
freeEnergy_min = -2.39229930e+00
density_min = 1.12740199e+00

success = 1
