# Result for min over (Cvac,alpha) at 
kT = 6.6000e-01
mu = 1.3466e-02
Ngrid = 122

Cvac_min = 2.22500176e-04
alpha_min = 7.92280889e+02
freeEnergy_min = -1.02368399e+00
density_min = 1.12759676e+00

success = 1
