# Result for min over (Cvac,alpha) at 
kT = 7.2000e-01
mu = 1.0831e+00
Ngrid = 122

Cvac_min = 3.04766042e-04
alpha_min = 7.32224599e+02
freeEnergy_min = -1.52655139e+00
density_min = 1.12750398e+00

success = 1
