# Result for min over (Cvac,alpha) at 
kT = 3.2000e-01
mu = -1.0652e+01
Ngrid = 119

Cvac_min = 6.20673212e-05
alpha_min = 5.50247725e+03
freeEnergy_min = 1.15076670e+00
density_min = 1.21524016e+00

success = 1
