# Result for min over (Cvac,alpha) at 
kT = 9.8000e-01
mu = 5.0714e+00
Ngrid = 121

Cvac_min = 2.09393199e-04
alpha_min = 7.43402619e+02
freeEnergy_min = -4.12317016e+00
density_min = 1.15580054e+00

success = 1
