# Result for min over (Cvac,alpha) at 
kT = 1.2400e+00
mu = 7.3313e+00
Ngrid = 121

Cvac_min = 2.33380925e-04
alpha_min = 5.95561530e+02
freeEnergy_min = -5.57871388e+00
density_min = 1.15577281e+00

success = 1
