# Result for min over (Cvac,alpha) at 
kT = 1.3600e+00
mu = 8.3656e+00
Ngrid = 120

Cvac_min = 1.77684581e-04
alpha_min = 7.36800929e+02
freeEnergy_min = -6.34817726e+00
density_min = 1.18497460e+00

success = 1
