# Result for min over (Cvac,alpha) at 
kT = 1.0200e+00
mu = 5.3250e+00
Ngrid = 122

Cvac_min = 3.55577677e-04
alpha_min = 5.33057093e+02
freeEnergy_min = -4.13653672e+00
density_min = 1.12744667e+00

success = 1
