# Result for min over (Cvac,alpha) at 
kT = 1.0400e+00
mu = 5.7398e+00
Ngrid = 120

Cvac_min = 1.90766923e-04
alpha_min = 9.61516500e+02
freeEnergy_min = -4.49825943e+00
density_min = 1.18495909e+00

success = 1
