# Result for min over (Cvac,alpha) at 
kT = 1.4800e+00
mu = 8.8694e+00
Ngrid = 122

Cvac_min = 2.38579123e-04
alpha_min = 3.77586486e+02
freeEnergy_min = -6.68154969e+00
density_min = 1.12757862e+00

success = 1
