# Result for min over (Cvac,alpha) at 
kT = 6.0000e-01
mu = -1.7876e+00
Ngrid = 121

Cvac_min = 1.21794259e-04
alpha_min = 1.17241172e+03
freeEnergy_min = -4.03502872e-02
density_min = 1.15590181e+00

success = 1
