# Result for min over (Cvac,alpha) at 
kT = 7.8000e-01
mu = 2.1991e+00
Ngrid = 121

Cvac_min = 1.91295351e-04
alpha_min = 9.19726265e+02
freeEnergy_min = -2.31236573e+00
density_min = 1.15582146e+00

success = 1
