# Result for min over (Cvac,alpha) at 
kT = 4.6000e-01
mu = -4.5129e+00
Ngrid = 122

Cvac_min = 1.29778372e-05
alpha_min = 1.09753470e+03
freeEnergy_min = 2.66293545e-01
density_min = 1.12783307e+00

success = 1
