# Result for min over (Cvac,alpha) at 
kT = 7.6000e-01
mu = 1.6415e+00
Ngrid = 120

Cvac_min = 1.88304506e-04
alpha_min = 1.31054969e+03
freeEnergy_min = -1.79376738e+00
density_min = 1.18496201e+00

success = 1
