# Result for min over (Cvac,alpha) at 
kT = 1.1600e+00
mu = 6.6842e+00
Ngrid = 121

Cvac_min = 2.42157323e-04
alpha_min = 6.34319813e+02
freeEnergy_min = -5.12268349e+00
density_min = 1.15576266e+00

success = 1
