# Result for min over (Cvac,alpha) at 
kT = 5.8000e-01
mu = -2.0722e+00
Ngrid = 121

Cvac_min = 8.23062720e-05
alpha_min = 1.20971073e+03
freeEnergy_min = -6.90647981e-02
density_min = 1.15594746e+00

success = 1
