# Result for min over (Cvac,alpha) at 
kT = 6.6000e-01
mu = -1.8653e-01
Ngrid = 122

Cvac_min = 2.73492993e-04
alpha_min = 7.92247582e+02
freeEnergy_min = -7.98170038e-01
density_min = 1.12753925e+00

success = 1
