# Result for min over (Cvac,alpha) at 
kT = 1.4600e+00
mu = 8.7599e+00
Ngrid = 122

Cvac_min = 2.41835963e-04
alpha_min = 3.82425157e+02
freeEnergy_min = -6.59872910e+00
density_min = 1.12757495e+00

success = 1
