# Result for min over (Cvac,alpha) at 
kT = 7.0000e-01
mu = 1.0758e+00
Ngrid = 120

Cvac_min = 8.62945827e-05
alpha_min = 1.42139166e+03
freeEnergy_min = -1.83796362e+00
density_min = 1.18508291e+00

success = 1
