# Result for min over (Cvac,alpha) at 
kT = 3.4000e-01
mu = -1.0215e+01
Ngrid = 121

Cvac_min = 1.44780676e-07
alpha_min = 1.97749850e+03
freeEnergy_min = 1.46558415e+00
density_min = 1.15604244e+00

success = 1
