# Result for min over (Cvac,alpha) at 
kT = 1.1000e+00
mu = 6.3410e+00
Ngrid = 120

Cvac_min = 1.90387303e-04
alpha_min = 9.09613164e+02
freeEnergy_min = -4.90812972e+00
density_min = 1.18495954e+00

success = 1
