# Result for min over (Cvac,alpha) at 
kT = 7.6000e-01
mu = 1.6424e+00
Ngrid = 120

Cvac_min = 1.92755045e-03
alpha_min = 1.30314060e+03
freeEnergy_min = -1.79164649e+00
density_min = 1.18290068e+00

success = 1
