# Result for min over (Cvac,alpha) at 
kT = 5.6000e-01
mu = -2.1712e+00
Ngrid = 121

Cvac_min = 4.36192289e-05
alpha_min = 1.24954330e+03
freeEnergy_min = -3.39985207e-01
density_min = 1.15599218e+00

success = 1
