# Result for min over (Cvac,alpha) at 
kT = 1.1600e+00
mu = 6.8842e+00
Ngrid = 120

Cvac_min = 1.88556713e-04
alpha_min = 8.62968259e+02
freeEnergy_min = -5.28521463e+00
density_min = 1.18496171e+00

success = 1
