# Result for min over (Cvac,alpha) at 
kT = 3.6000e-01
mu = -8.3295e+00
Ngrid = 121

Cvac_min = 1.55128555e-07
alpha_min = 1.87619317e+03
freeEnergy_min = 3.67900476e-01
density_min = 1.15604243e+00

success = 1
