# Result for min over (Cvac,alpha) at 
kT = 8.0000e-01
mu = 2.7412e+00
Ngrid = 121

Cvac_min = 1.59333097e-04
alpha_min = 8.98399750e+02
freeEnergy_min = -2.74984116e+00
density_min = 1.15585841e+00

success = 1
