# Result for min over (Cvac,alpha) at 
kT = 1.3800e+00
mu = 8.6911e+00
Ngrid = 120

Cvac_min = 1.43101137e-04
alpha_min = 7.26187610e+02
freeEnergy_min = -6.67771284e+00
density_min = 1.18501558e+00

success = 1
