# Result for min over (Cvac,alpha) at 
kT = 7.0000e-01
mu = 1.0795e+00
Ngrid = 121

Cvac_min = 1.07764197e-04
alpha_min = 1.01687579e+03
freeEnergy_min = -1.89483844e+00
density_min = 1.15591803e+00

success = 1
