# Result for min over (Cvac,alpha) at 
kT = 1.3000e+00
mu = 7.9668e+00
Ngrid = 122

Cvac_min = 2.25299150e-04
alpha_min = 4.26191010e+02
freeEnergy_min = -6.08656075e+00
density_min = 1.12759360e+00

success = 1
