# Result for min over (Cvac,alpha) at 
kT = 7.0000e-01
mu = 4.7577e-01
Ngrid = 122

Cvac_min = 3.66425030e-04
alpha_min = 7.51106053e+02
freeEnergy_min = -1.06149646e+00
density_min = 1.12743443e+00

success = 1
