# Result for min over (Cvac,alpha) at 
kT = 3.2000e-01
mu = -9.7028e+00
Ngrid = 122

Cvac_min = 2.99460847e-04
alpha_min = 1.28157448e+03
freeEnergy_min = 3.95418870e-01
density_min = 1.12750996e+00

success = 1
