# Result for min over (Cvac,alpha) at 
kT = 1.3400e+00
mu = 8.2365e+00
Ngrid = 120

Cvac_min = 1.78657534e-04
alpha_min = 7.47726227e+02
freeEnergy_min = -6.25341101e+00
density_min = 1.18497344e+00

success = 1
