# Result for min over (Cvac,alpha) at 
kT = 7.6000e-01
mu = 1.8415e+00
Ngrid = 122

Cvac_min = 3.15980972e-04
alpha_min = 6.97229109e+02
freeEnergy_min = -1.98023536e+00
density_min = 1.12749133e+00

success = 1
