# Result for min over (Cvac,alpha) at 
kT = 8.4000e-01
mu = 3.1839e+00
Ngrid = 121

Cvac_min = 2.03029593e-04
alpha_min = 8.58450678e+02
freeEnergy_min = -2.91313894e+00
density_min = 1.15580790e+00

success = 1
