# Result for min over (Cvac,alpha) at 
kT = 9.2000e-01
mu = 4.3246e+00
Ngrid = 122

Cvac_min = 3.08751257e-04
alpha_min = 5.85926390e+02
freeEnergy_min = -3.55671596e+00
density_min = 1.12749948e+00

success = 1
