# Result for min over (Cvac,alpha) at 
kT = 6.4000e-01
mu = -6.3249e-01
Ngrid = 122

Cvac_min = 2.52666607e-04
alpha_min = 8.14603083e+02
freeEnergy_min = -5.61907891e-01
density_min = 1.12756274e+00

success = 1
