# Result for min over (Cvac,alpha) at 
kT = 5.8000e-01
mu = -2.2722e+00
Ngrid = 122

Cvac_min = 2.19115306e-04
alpha_min = 8.90327142e+02
freeEnergy_min = 3.66706822e-01
density_min = 1.12760058e+00

success = 1
