# Result for min over (Cvac,alpha) at 
kT = 9.8000e-01
mu = 5.2714e+00
Ngrid = 120

Cvac_min = 1.54676316e-04
alpha_min = 1.01978488e+03
freeEnergy_min = -4.28862319e+00
density_min = 1.18500187e+00

success = 1
