# Result for min over (Cvac,alpha) at 
kT = 8.6000e-01
mu = 3.2867e+00
Ngrid = 120

Cvac_min = 2.18445958e-04
alpha_min = 1.16012309e+03
freeEnergy_min = -2.79408354e+00
density_min = 1.18492629e+00

success = 1
