# Result for min over (Cvac,alpha) at 
kT = 7.6000e-01
mu = 2.0415e+00
Ngrid = 121

Cvac_min = 1.51467463e-04
alpha_min = 9.42195328e+02
freeEnergy_min = -2.33031214e+00
density_min = 1.15586751e+00

success = 1
