# Result for min over (Cvac,alpha) at 
kT = 3.4000e-01
mu = -9.6148e+00
Ngrid = 120

Cvac_min = 4.30387947e-08
alpha_min = 2.89794578e+03
freeEnergy_min = 6.00500963e-01
density_min = 1.18518514e+00

success = 1
