# Result for min over (Cvac,alpha) at 
kT = 6.8000e-01
mu = 5.3430e-02
Ngrid = 122

Cvac_min = 3.53269765e-04
alpha_min = 7.71084598e+02
freeEnergy_min = -8.19240528e-01
density_min = 1.12744927e+00

success = 1
