# Result for min over (Cvac,alpha) at 
kT = 3.0000e-01
mu = -1.1400e+01
Ngrid = 121

Cvac_min = 4.24703783e-09
alpha_min = 2.21903870e+03
freeEnergy_min = 2.19070219e-01
density_min = 1.15604260e+00

success = 1
