# Result for min over (Cvac,alpha) at 
kT = 7.8000e-01
mu = 2.1984e+00
Ngrid = 120

Cvac_min = 1.59904934e-04
alpha_min = 1.27747135e+03
freeEnergy_min = -2.24221554e+00
density_min = 1.18499567e+00

success = 1
