# Result for min over (Cvac,alpha) at 
kT = 1.0000e+00
mu = 5.1023e+00
Ngrid = 120

Cvac_min = 2.34319371e-04
alpha_min = 9.99498314e+02
freeEnergy_min = -3.96786334e+00
density_min = 1.18490747e+00

success = 1
