# Result for min over (Cvac,alpha) at 
kT = 1.3000e+00
mu = 7.9668e+00
Ngrid = 120

Cvac_min = 1.81380492e-04
alpha_min = 7.70648161e+02
freeEnergy_min = -6.05685283e+00
density_min = 1.18497022e+00

success = 1
