# Result for min over (Cvac,alpha) at 
kT = 7.8000e-01
mu = 2.1991e+00
Ngrid = 120

Cvac_min = 1.88842743e-03
alpha_min = 1.27136852e+03
freeEnergy_min = -2.23969005e+00
density_min = 1.18294705e+00

success = 1
