# Result for min over (Cvac,alpha) at 
kT = 6.0000e-01
mu = -1.6066e+00
Ngrid = 122

Cvac_min = 2.12251996e-04
alpha_min = 8.63564220e+02
freeEnergy_min = -5.49097467e-02
density_min = 1.12760832e+00

success = 1
