# Result for min over (Cvac,alpha) at 
kT = 1.1000e+00
mu = 6.1410e+00
Ngrid = 121

Cvac_min = 2.48661314e-04
alpha_min = 6.66892655e+02
freeEnergy_min = -4.74682037e+00
density_min = 1.15575515e+00

success = 1
