# Result for min over (Cvac,alpha) at 
kT = 5.2000e-01
mu = -3.6731e+00
Ngrid = 120

Cvac_min = 2.66812089e-05
alpha_min = 1.90502732e+03
freeEnergy_min = 5.49458651e-01
density_min = 1.18515356e+00

success = 1
