# Result for min over (Cvac,alpha) at 
kT = 3.4000e-01
mu = -9.2148e+00
Ngrid = 119

Cvac_min = 2.52857744e-05
alpha_min = 5.10325294e+03
freeEnergy_min = 7.08519499e-01
density_min = 1.21528486e+00

success = 1
