# Result for min over (Cvac,alpha) at 
kT = 4.6000e-01
mu = -5.2386e+00
Ngrid = 120

Cvac_min = 6.07619761e-06
alpha_min = 2.14984435e+03
freeEnergy_min = 7.13092296e-01
density_min = 1.18517798e+00

success = 1
