# Result for min over (Cvac,alpha) at 
kT = 1.1600e+00
mu = 6.6842e+00
Ngrid = 122

Cvac_min = 3.14398765e-04
alpha_min = 4.73565293e+02
freeEnergy_min = -5.08168379e+00
density_min = 1.12749311e+00

success = 1
