# Result for min over (Cvac,alpha) at 
kT = 9.0000e-01
mu = 4.0561e+00
Ngrid = 121

Cvac_min = 2.08163185e-04
alpha_min = 8.04996670e+02
freeEnergy_min = -3.46317365e+00
density_min = 1.15580196e+00

success = 1
