# Result for min over (Cvac,alpha) at 
kT = 5.8000e-01
mu = -2.2722e+00
Ngrid = 121

Cvac_min = 1.01042953e-04
alpha_min = 1.20968712e+03
freeEnergy_min = 1.62122609e-01
density_min = 1.15592580e+00

success = 1
