# Result for min over (Cvac,alpha) at 
kT = 7.6000e-01
mu = 1.6415e+00
Ngrid = 122

Cvac_min = 3.89002368e-04
alpha_min = 6.97151292e+02
freeEnergy_min = -1.75474513e+00
density_min = 1.12740897e+00

success = 1
