# Result for min over (Cvac,alpha) at 
kT = 3.4000e-01
mu = -9.4148e+00
Ngrid = 121

Cvac_min = 6.42619414e-08
alpha_min = 1.97749802e+03
freeEnergy_min = 5.40750156e-01
density_min = 1.15604253e+00

success = 1
