# Result for min over (Cvac,alpha) at 
kT = 6.6000e-01
mu = 1.3466e-02
Ngrid = 121

Cvac_min = 1.16115045e-04
alpha_min = 1.07371038e+03
freeEnergy_min = -1.18883600e+00
density_min = 1.15590837e+00

success = 1
