# Result for min over (Cvac,alpha) at 
kT = 1.0000e+00
mu = 5.1023e+00
Ngrid = 120

Cvac_min = 2.33957325e-04
alpha_min = 9.99522225e+02
freeEnergy_min = -3.96786333e+00
density_min = 1.18490790e+00

success = 1
