# Result for min over (Cvac,alpha) at 
kT = 1.2000e+00
mu = 7.4179e+00
Ngrid = 120

Cvac_min = 1.52533666e-04
alpha_min = 8.34472539e+02
freeEnergy_min = -5.75716531e+00
density_min = 1.18500440e+00

success = 1
