# Result for min over (Cvac,alpha) at 
kT = 7.0000e-01
mu = 1.0758e+00
Ngrid = 121

Cvac_min = 1.08123471e-04
alpha_min = 1.01686299e+03
freeEnergy_min = -1.89050221e+00
density_min = 1.15591761e+00

success = 1
