# Result for min over (Cvac,alpha) at 
kT = 9.6000e-01
mu = 5.0318e+00
Ngrid = 121

Cvac_min = 1.70514280e-04
alpha_min = 7.57913301e+02
freeEnergy_min = -4.19668863e+00
density_min = 1.15584549e+00

success = 1
