# Result for min over (Cvac,alpha) at 
kT = 5.8000e-01
mu = -1.9021e+00
Ngrid = 122

Cvac_min = 1.49942935e-04
alpha_min = 8.90422899e+02
freeEnergy_min = -5.05910963e-02
density_min = 1.12767859e+00

success = 1
