# Result for min over (Cvac,alpha) at 
kT = 7.8000e-01
mu = 2.3984e+00
Ngrid = 121

Cvac_min = 1.55874022e-04
alpha_min = 9.19747027e+02
freeEnergy_min = -2.54268149e+00
density_min = 1.15586241e+00

success = 1
