# Result for min over (Cvac,alpha) at 
kT = 4.6000e-01
mu = -4.8386e+00
Ngrid = 121

Cvac_min = 6.40943166e-06
alpha_min = 1.49756411e+03
freeEnergy_min = 2.74157127e-01
density_min = 1.15603520e+00

success = 1
