# Result for min over (Cvac,alpha) at 
kT = 3.0000e-01
mu = -1.1800e+01
Ngrid = 119

Cvac_min = 1.46876373e-04
alpha_min = 5.94908230e+03
freeEnergy_min = 1.06334794e+00
density_min = 1.21513709e+00

success = 1
