# Result for min over (Cvac,alpha) at 
kT = 1.3400e+00
mu = 8.0365e+00
Ngrid = 122

Cvac_min = 2.68655207e-04
alpha_min = 4.14300939e+02
freeEnergy_min = -6.05907597e+00
density_min = 1.12754470e+00

success = 1
