# Result for min over (Cvac,alpha) at 
kT = 4.0000e-01
mu = -6.6736e+00
Ngrid = 122

Cvac_min = 2.80984965e-06
alpha_min = 1.24502991e+03
freeEnergy_min = 7.53482321e-01
density_min = 1.12784454e+00

success = 1
