# Result for min over (Cvac,alpha) at 
kT = 7.2000e-01
mu = 1.0808e+00
Ngrid = 122

Cvac_min = 3.06493303e-04
alpha_min = 7.32253775e+02
freeEnergy_min = -1.52396987e+00
density_min = 1.12750203e+00

success = 1
