# Result for min over (Cvac,alpha) at 
kT = 4.0000e-01
mu = -6.8736e+00
Ngrid = 122

Cvac_min = 3.45555234e-06
alpha_min = 1.24502622e+03
freeEnergy_min = 9.79051158e-01
density_min = 1.12784381e+00

success = 1
