# Result for min over (Cvac,alpha) at 
kT = 9.2000e-01
mu = 4.3246e+00
Ngrid = 121

Cvac_min = 2.09562380e-04
alpha_min = 7.88636770e+02
freeEnergy_min = -3.63569811e+00
density_min = 1.15580035e+00

success = 1
