# Result for min over (Cvac,alpha) at 
kT = 8.6000e-01
mu = 3.4867e+00
Ngrid = 120

Cvac_min = 1.78048868e-04
alpha_min = 1.16019427e+03
freeEnergy_min = -3.03107382e+00
density_min = 1.18497416e+00

success = 1
