# Result for min over (Cvac,alpha) at 
kT = 7.8000e-01
mu = 2.3991e+00
Ngrid = 120

Cvac_min = 1.89036689e-03
alpha_min = 1.27313286e+03
freeEnergy_min = -2.47627855e+00
density_min = 1.18294475e+00

success = 1
