# Result for min over (Cvac,alpha) at 
kT = 5.0000e-01
mu = -3.5504e+00
Ngrid = 121

Cvac_min = 1.38651837e-05
alpha_min = 1.38699673e+03
freeEnergy_min = -1.00848675e-01
density_min = 1.15602658e+00

success = 1
