# Result for min over (Cvac,alpha) at 
kT = 1.0400e+00
mu = 5.9398e+00
Ngrid = 120

Cvac_min = 1.55289509e-04
alpha_min = 9.61590404e+02
freeEnergy_min = -4.73525553e+00
density_min = 1.18500114e+00

success = 1
