# Result for min over (Cvac,alpha) at 
kT = 1.4000e+00
mu = 8.4131e+00
Ngrid = 122

Cvac_min = 2.54410099e-04
alpha_min = 3.97724925e+02
freeEnergy_min = -6.33849645e+00
density_min = 1.12756077e+00

success = 1
