# Result for min over (Cvac,alpha) at 
kT = 1.1200e+00
mu = 6.5281e+00
Ngrid = 120

Cvac_min = 1.90020033e-04
alpha_min = 8.93486208e+02
freeEnergy_min = -5.03728255e+00
density_min = 1.18495998e+00

success = 1
