# Result for min over (Cvac,alpha) at 
kT = 9.4000e-01
mu = 4.5830e+00
Ngrid = 122

Cvac_min = 3.05292034e-04
alpha_min = 5.74512101e+02
freeEnergy_min = -3.72775972e+00
density_min = 1.12750338e+00

success = 1
