# Result for min over (Cvac,alpha) at 
kT = 3.2000e-01
mu = -1.0452e+01
Ngrid = 119

Cvac_min = 6.24226210e-05
alpha_min = 5.50536155e+03
freeEnergy_min = 9.07718726e-01
density_min = 1.21523972e+00

success = 1
