# Result for min over (Cvac,alpha) at 
kT = 5.4000e-01
mu = -2.6004e+00
Ngrid = 122

Cvac_min = 7.19552452e-05
alpha_min = 9.49769969e+02
freeEnergy_min = -3.06237663e-04
density_min = 1.12776655e+00

success = 1
