# Result for min over (Cvac,alpha) at 
kT = 1.3200e+00
mu = 8.3036e+00
Ngrid = 122

Cvac_min = 1.78964990e-04
alpha_min = 4.20222995e+02
freeEnergy_min = -6.41233449e+00
density_min = 1.12764586e+00

success = 1
