# Result for min over (Cvac,alpha) at 
kT = 4.2000e-01
mu = -6.3509e+00
Ngrid = 120

Cvac_min = 1.47848506e-06
alpha_min = 2.35177401e+03
freeEnergy_min = 6.17616466e-01
density_min = 1.18518343e+00

success = 1
