# Result for min over (Cvac,alpha) at 
kT = 1.2000e+00
mu = 7.2179e+00
Ngrid = 122

Cvac_min = 2.47059666e-04
alpha_min = 4.59013654e+02
freeEnergy_min = -5.54482923e+00
density_min = 1.12756906e+00

success = 1
