# Result for min over (Cvac,alpha) at 
kT = 1.3600e+00
mu = 8.5656e+00
Ngrid = 121

Cvac_min = 1.44126469e-04
alpha_min = 5.45583774e+02
freeEnergy_min = -6.64306525e+00
density_min = 1.15587599e+00

success = 1
