# Result for min over (Cvac,alpha) at 
kT = 7.6000e-01
mu = 2.0415e+00
Ngrid = 122

Cvac_min = 2.57657553e-04
alpha_min = 6.97268781e+02
freeEnergy_min = -2.20574045e+00
density_min = 1.12755711e+00

success = 1
