# Result for min over (Cvac,alpha) at 
kT = 3.0000e-01
mu = -1.1400e+01
Ngrid = 122

Cvac_min = 2.99460847e-04
alpha_min = 1.28157448e+03
freeEnergy_min = 1.05018412e+00
density_min = 1.12750996e+00

success = 1
