# Result for min over (Cvac,alpha) at 
kT = 6.2000e-01
mu = -1.3182e+00
Ngrid = 122

Cvac_min = 2.90614872e-04
alpha_min = 8.38265930e+02
freeEnergy_min = -7.40041082e-02
density_min = 1.12751994e+00

success = 1
