# Result for min over (Cvac,alpha) at 
kT = 7.6000e-01
mu = 1.8424e+00
Ngrid = 121

Cvac_min = 1.86251037e-04
alpha_min = 9.42144061e+02
freeEnergy_min = -2.10017958e+00
density_min = 1.15582729e+00

success = 1
