# Result for min over (Cvac,alpha) at 
kT = 4.8000e-01
mu = -4.4707e+00
Ngrid = 121

Cvac_min = 1.30598218e-05
alpha_min = 1.44008526e+03
freeEnergy_min = 4.30582583e-01
density_min = 1.15602751e+00

success = 1
