# Result for min over (Cvac,alpha) at 
kT = 6.0000e-01
mu = -1.7876e+00
Ngrid = 122

Cvac_min = 2.56074295e-04
alpha_min = 8.63492364e+02
freeEnergy_min = 1.49189239e-01
density_min = 1.12755889e+00

success = 1
