# Result for min over (Cvac,alpha) at 
kT = 5.4000e-01
mu = -3.2004e+00
Ngrid = 120

Cvac_min = 3.93970968e-05
alpha_min = 1.83548034e+03
freeEnergy_min = 4.64649610e-01
density_min = 1.18513849e+00

success = 1
