# Result for min over (Cvac,alpha) at 
kT = 7.0000e-01
mu = 4.7577e-01
Ngrid = 121

Cvac_min = 2.00694187e-04
alpha_min = 1.01669191e+03
freeEnergy_min = -1.19698069e+00
density_min = 1.15581060e+00

success = 1
