# Result for min over (Cvac,alpha) at 
kT = 5.0000e-01
mu = -3.8695e+00
Ngrid = 122

Cvac_min = 4.88834260e-05
alpha_min = 1.01804487e+03
freeEnergy_min = 5.66392373e-01
density_min = 1.12779257e+00

success = 1
