# Result for min over (Cvac,alpha) at 
kT = 6.6000e-01
mu = 2.2187e-01
Ngrid = 122

Cvac_min = 1.78338792e-04
alpha_min = 7.92358452e+02
freeEnergy_min = -1.25868420e+00
density_min = 1.12764657e+00

success = 1
