# Result for min over (Cvac,alpha) at 
kT = 3.4000e-01
mu = -9.8148e+00
Ngrid = 120

Cvac_min = 5.18061220e-08
alpha_min = 2.89794465e+03
freeEnergy_min = 8.37537990e-01
density_min = 1.18518513e+00

success = 1
