# Result for min over (Cvac,alpha) at 
kT = 4.0000e-01
mu = -7.1157e+00
Ngrid = 120

Cvac_min = 7.45234904e-07
alpha_min = 2.46785286e+03
freeEnergy_min = 7.05062525e-01
density_min = 1.18518430e+00

success = 1
