# Result for min over (Cvac,alpha) at 
kT = 7.4000e-01
mu = 1.4692e+00
Ngrid = 121

Cvac_min = 1.80110557e-04
alpha_min = 9.65770393e+02
freeEnergy_min = -1.88092089e+00
density_min = 1.15583439e+00

success = 1
