# Result for min over (Cvac,alpha) at 
kT = 1.2000e+00
mu = 7.0179e+00
Ngrid = 120

Cvac_min = 2.30337805e-04
alpha_min = 8.34350791e+02
freeEnergy_min = -5.28318050e+00
density_min = 1.18491219e+00

success = 1
