# Result for min over (Cvac,alpha) at 
kT = 8.2000e-01
mu = 3.0694e+00
Ngrid = 120

Cvac_min = 1.81876537e-03
alpha_min = 1.21289840e+03
freeEnergy_min = -2.88200665e+00
density_min = 1.18302961e+00

success = 1
