# Result for min over (Cvac,alpha) at 
kT = 1.0600e+00
mu = 5.9472e+00
Ngrid = 121

Cvac_min = 2.04898561e-04
alpha_min = 6.90628694e+02
freeEnergy_min = -4.70930828e+00
density_min = 1.15580574e+00

success = 1
