# Result for min over (Cvac,alpha) at 
kT = 7.2000e-01
mu = 1.2831e+00
Ngrid = 122

Cvac_min = 2.48509844e-04
alpha_min = 7.32303528e+02
freeEnergy_min = -1.75205878e+00
density_min = 1.12756742e+00

success = 1
