# Result for min over (Cvac,alpha) at 
kT = 1.1000e+00
mu = 6.1410e+00
Ngrid = 122

Cvac_min = 3.31719527e-04
alpha_min = 4.97346416e+02
freeEnergy_min = -4.69967179e+00
density_min = 1.12747358e+00

success = 1
