# Result for min over (Cvac,alpha) at 
kT = 3.0000e-01
mu = -1.1800e+01
Ngrid = 121

Cvac_min = 6.23891182e-09
alpha_min = 2.21903906e+03
freeEnergy_min = 6.81487261e-01
density_min = 1.15604260e+00

success = 1
