# Result for min over (Cvac,alpha) at 
kT = 1.3000e+00
mu = 7.7668e+00
Ngrid = 122

Cvac_min = 2.77721342e-04
alpha_min = 4.26148665e+02
freeEnergy_min = -5.86104772e+00
density_min = 1.12753448e+00

success = 1
