# Result for min over (Cvac,alpha) at 
kT = 3.2000e-01
mu = -1.1052e+01
Ngrid = 121

Cvac_min = 3.61702995e-08
alpha_min = 2.09098709e+03
freeEnergy_min = 1.20953807e+00
density_min = 1.15604257e+00

success = 1
