# Result for min over (Cvac,alpha) at 
kT = 3.2000e-01
mu = -1.1252e+01
Ngrid = 120

Cvac_min = 2.88944504e-08
alpha_min = 3.07716099e+03
freeEnergy_min = 1.25039406e+00
density_min = 1.18518516e+00

success = 1
