# Result for min over (Cvac,alpha) at 
kT = 7.8000e-01
mu = 2.3984e+00
Ngrid = 122

Cvac_min = 2.60114793e-04
alpha_min = 6.81017848e+02
freeEnergy_min = -2.42442895e+00
density_min = 1.12755434e+00

success = 1
