# Result for min over (Cvac,alpha) at 
kT = 1.0200e+00
mu = 5.7250e+00
Ngrid = 122

Cvac_min = 2.33468702e-04
alpha_min = 5.33187302e+02
freeEnergy_min = -4.58754484e+00
density_min = 1.12758439e+00

success = 1
