# Result for min over (Cvac,alpha) at 
kT = 6.0000e-01
mu = -1.4066e+00
Ngrid = 120

Cvac_min = 6.06463452e-05
alpha_min = 1.65448780e+03
freeEnergy_min = -4.37674031e-01
density_min = 1.18511331e+00

success = 1
