# Result for min over (Cvac,alpha) at 
kT = 5.6000e-01
mu = -2.5712e+00
Ngrid = 121

Cvac_min = 6.58235304e-05
alpha_min = 1.24952294e+03
freeEnergy_min = 1.22406859e-01
density_min = 1.15596651e+00

success = 1
