# Result for min over (Cvac,alpha) at 
kT = 1.1600e+00
mu = 7.0842e+00
Ngrid = 121

Cvac_min = 1.59656188e-04
alpha_min = 6.34418619e+02
freeEnergy_min = -5.58500867e+00
density_min = 1.15585804e+00

success = 1
