# Result for min over (Cvac,alpha) at 
kT = 9.6000e-01
mu = 4.8318e+00
Ngrid = 121

Cvac_min = 2.09305195e-04
alpha_min = 7.57871595e+02
freeEnergy_min = -3.96552385e+00
density_min = 1.15580064e+00

success = 1
