# Result for min over (Cvac,alpha) at 
kT = 4.4000e-01
mu = -5.0622e+00
Ngrid = 121

Cvac_min = 2.46147611e-06
alpha_min = 1.56006127e+03
freeEnergy_min = -1.05153485e-01
density_min = 1.15603976e+00

success = 1
