# Result for min over (Cvac,alpha) at 
kT = 6.2000e-01
mu = -1.1182e+00
Ngrid = 120

Cvac_min = 8.68612283e-05
alpha_min = 1.60185602e+03
freeEnergy_min = -4.27887293e-01
density_min = 1.18508224e+00

success = 1
