# Result for min over (Cvac,alpha) at 
kT = 6.4000e-01
mu = -8.4405e-01
Ngrid = 120

Cvac_min = 1.21061300e-04
alpha_min = 1.55245154e+03
freeEnergy_min = -4.25032047e-01
density_min = 1.18504171e+00

success = 1
