# Result for min over (Cvac,alpha) at 
kT = 6.2000e-01
mu = -9.1825e-01
Ngrid = 122

Cvac_min = 1.92054446e-04
alpha_min = 8.38411130e+02
freeEnergy_min = -5.25035964e-01
density_min = 1.12763110e+00

success = 1
