# Result for min over (Cvac,alpha) at 
kT = 5.0000e-01
mu = -3.9504e+00
Ngrid = 120

Cvac_min = 1.37951486e-05
alpha_min = 1.98015092e+03
freeEnergy_min = 3.62133236e-01
density_min = 1.18516884e+00

success = 1
