# Result for min over (Cvac,alpha) at 
kT = 9.4000e-01
mu = 4.7830e+00
Ngrid = 122

Cvac_min = 2.47403055e-04
alpha_min = 5.74600006e+02
freeEnergy_min = -3.95326703e+00
density_min = 1.12756867e+00

success = 1
