# Result for min over (Cvac,alpha) at 
kT = 1.5000e+00
mu = 9.1761e+00
Ngrid = 120

Cvac_min = 1.68128681e-04
alpha_min = 6.68189331e+02
freeEnergy_min = -6.95328188e+00
density_min = 1.18498592e+00

success = 1
