# Result for min over (Cvac,alpha) at 
kT = 8.6000e-01
mu = 3.2863e+00
Ngrid = 121

Cvac_min = 2.52887699e-04
alpha_min = 8.39824811e+02
freeEnergy_min = -2.87089499e+00
density_min = 1.15575026e+00

success = 1
