# Result for min over (Cvac,alpha) at 
kT = 6.4000e-01
mu = -6.3249e-01
Ngrid = 120

Cvac_min = 1.95632628e-03
alpha_min = 1.32460085e+03
freeEnergy_min = -6.42123093e-01
density_min = 1.18286658e+00

success = 1
