# Result for min over (Cvac,alpha) at 
kT = 5.0000e-01
mu = -4.1504e+00
Ngrid = 119

Cvac_min = 2.29517392e-05
alpha_min = 3.18481619e+03
freeEnergy_min = 1.10481026e+00
density_min = 1.21528769e+00

success = 1
