# Result for min over (Cvac,alpha) at 
kT = 1.0400e+00
mu = 5.5398e+00
Ngrid = 120

Cvac_min = 2.34998715e-04
alpha_min = 9.61476834e+02
freeEnergy_min = -4.26127269e+00
density_min = 1.18490667e+00

success = 1
