# Result for min over (Cvac,alpha) at 
kT = 6.8000e-01
mu = 5.3430e-02
Ngrid = 120

Cvac_min = 1.47436025e-04
alpha_min = 1.46243267e+03
freeEnergy_min = -8.95445669e-01
density_min = 1.18501045e+00

success = 1
