# Result for min over (Cvac,alpha) at 
kT = 7.6000e-01
mu = 2.0415e+00
Ngrid = 120

Cvac_min = 1.24763449e-04
alpha_min = 1.31067649e+03
freeEnergy_min = -2.26776830e+00
density_min = 1.18503732e+00

success = 1
