# Result for min over (Cvac,alpha) at 
kT = 7.6000e-01
mu = 1.8415e+00
Ngrid = 121

Cvac_min = 1.86112074e-04
alpha_min = 9.42149691e+02
freeEnergy_min = -2.09914257e+00
density_min = 1.15582746e+00

success = 1
