# Result for min over (Cvac,alpha) at 
kT = 7.6000e-01
mu = 2.0424e+00
Ngrid = 121

Cvac_min = 1.51319598e-04
alpha_min = 9.42163549e+02
freeEnergy_min = -2.33134919e+00
density_min = 1.15586768e+00

success = 1
