# Result for min over (Cvac,alpha) at 
kT = 3.0000e-01
mu = -1.1400e+01
Ngrid = 120

Cvac_min = 2.82198249e-08
alpha_min = 3.28029961e+03
freeEnergy_min = -4.25592340e-02
density_min = 1.18518518e+00

success = 1
