# Result for min over (Cvac,alpha) at 
kT = 1.4400e+00
mu = 8.8474e+00
Ngrid = 121

Cvac_min = 1.69587567e-04
alpha_min = 5.16580454e+02
freeEnergy_min = -6.76729928e+00
density_min = 1.15584656e+00

success = 1
