# Result for min over (Cvac,alpha) at 
kT = 5.4000e-01
mu = -2.9662e+00
Ngrid = 122

Cvac_min = 1.04959424e-04
alpha_min = 9.49742905e+02
freeEnergy_min = 4.12184429e-01
density_min = 1.12772933e+00

success = 1
