# Result for min over (Cvac,alpha) at 
kT = 3.8000e-01
mu = -7.3698e+00
Ngrid = 120

Cvac_min = 1.92263023e-07
alpha_min = 2.59613119e+03
freeEnergy_min = 9.65115146e-02
density_min = 1.18518496e+00

success = 1
