# Result for min over (Cvac,alpha) at 
kT = 3.2000e-01
mu = -1.0852e+01
Ngrid = 119

Cvac_min = 6.21326491e-05
alpha_min = 5.50253741e+03
freeEnergy_min = 1.39381516e+00
density_min = 1.21524008e+00

success = 1
