# Result for min over (Cvac,alpha) at 
kT = 3.4000e-01
mu = -9.0148e+00
Ngrid = 121

Cvac_min = 4.29400053e-08
alpha_min = 1.97749754e+03
freeEnergy_min = 7.83331371e-02
density_min = 1.15604256e+00

success = 1
