# Result for min over (Cvac,alpha) at 
kT = 1.1800e+00
mu = 7.2537e+00
Ngrid = 120

Cvac_min = 1.53042978e-04
alpha_min = 8.48495737e+02
freeEnergy_min = -5.64124912e+00
density_min = 1.18500380e+00

success = 1
