a0 = -1.33070686e+01
a1 = 5.94981636e+01
a2 = -1.02811886e+02
a3 = 9.12128550e+01
a4 = -4.25534817e+01
a5 = 9.37449013e+00
a6 = -6.44206440e-01
