a0 = 2.90596213e-01
a1 = -2.71671277e+00
a2 = 1.05177531e+01
a3 = -2.16143616e+01
a4 = 2.49471242e+01
a5 = -1.54385787e+01
a6 = 4.05704717e+00
