a0 = 3.49909242e+02
a1 = -2.06458541e+03
a2 = 4.77941353e+03
a3 = -5.74147036e+03
a4 = 3.82139238e+03
a5 = -1.34070168e+03
a6 = 1.93993256e+02
