a0 = -3.71843833e+02
a1 = 2.07071109e+03
a2 = -4.69080909e+03
a3 = 5.57636941e+03
a4 = -3.68885625e+03
a5 = 1.28900578e+03
a6 = -1.85982310e+02
