a0 = -5.96041675e+00
a1 = 6.22083386e+01
a2 = -2.28835707e+02
a3 = 4.45145254e+02
a4 = -4.84357166e+02
a5 = 2.79576605e+02
a6 = -6.69661616e+01
