a0 = 1.13165239e+01
a1 = -5.52164147e+01
a2 = 1.21277043e+02
a3 = -1.41223220e+02
a4 = 9.19734821e+01
a5 = -3.17279827e+01
a6 = 4.52656375e+00
