a0 = -6.03919605e-02
a1 = 5.28922922e-01
a2 = -1.88431476e+00
a3 = 3.49626364e+00
a4 = -3.60538657e+00
a5 = 2.04819309e+00
a6 = -5.57183634e-01
