a0 = -8.03654277e+01
a1 = 3.71139226e+02
a2 = -8.73731444e+02
a3 = 1.21212366e+03
a4 = -9.96826452e+02
a5 = 4.50432880e+02
a6 = -8.63601040e+01
