# Result for solid computation at 
kT = 7.0000e-01
mu = 1.0000e+00

Ngrid_min = 1.20766954e+02
Cvac_min = 1.04871291e-04
alpha_min = 1.09871086e+03
freeEnergy_min = -1.80848521e+00
freeEnergy_err = 2.54270053e-04
density_min = 1.16262731e+00

success = 1
