# Result for fluid computation at 
kT = 5.5000e-01
mu = -2.0000e+00

freeEnergyVapour = -3.60963470e-01
freeEnergyLiquid = -3.60963470e-01
densityVapour    = 4.85047545e-01
densityLiquid    = 4.85047545e-01
supercritical = 1

success = 1
