# Result for solid computation at 
kT = 5.5000e-01
mu = -2.0000e+00

Ngrid_min = 1.20528504e+02
Cvac_min = 1.83329558e-05
alpha_min = 1.49699379e+03
freeEnergy_min = -7.71489893e-01
freeEnergy_err = 2.79875522e-03
density_min = 1.16964357e+00

success = 1
