# Result for min over (Cvac,alpha) at 
kT = 8.0000e-01
mu = 3.0000e+00
Ngrid = 119

Cvac_min = 1.31825490e-04
alpha_min = 1.85384296e+03
freeEnergy_min = -2.64144107e+00
freeEnergy_err = 0.00000000e+00
density_min = 1.21515538e+00

success = 1
