# Result for min over (Cvac,alpha) at 
kT = 9.0000e-01
mu = 4.5000e+00
Ngrid = 119

Cvac_min = 1.48271488e-04
alpha_min = 1.62502179e+03
freeEnergy_min = -3.60103794e+00
freeEnergy_err = 0.00000000e+00
density_min = 1.21513539e+00

success = 1
