# Result for min over (Cvac,alpha) at 
kT = 7.0000e-01
mu = 1.0000e+00
Ngrid = 123

Cvac_min = 5.00325309e-04
alpha_min = 5.54798229e+02
freeEnergy_min = -1.39681293e+00
freeEnergy_err = 0.00000000e+00
density_min = 1.10001163e+00

success = 1
