# Result for min over (Cvac,alpha) at 
kT = 5.5000e-01
mu = -2.0000e+00
Ngrid = 121

Cvac_min = 2.48438890e-05
alpha_min = 1.27049479e+03
freeEnergy_min = -7.41801532e-01
freeEnergy_err = 0.00000000e+00
density_min = 1.15601389e+00

success = 1
