# Result for min over (Cvac,alpha) at 
kT = 6.0000e-01
mu = -1.0000e+00
Ngrid = 120

Cvac_min = 4.00472042e-05
alpha_min = 1.65454638e+03
freeEnergy_min = -9.19532360e-01
freeEnergy_err = 0.00000000e+00
density_min = 1.18513772e+00

success = 1
