# Result for min over (Cvac,alpha) at 
kT = 5.0000e-01
mu = -3.5000e+00
Ngrid = 122

Cvac_min = 3.35423644e-05
alpha_min = 1.01804388e+03
freeEnergy_min = 1.49720559e-01
freeEnergy_err = 0.00000000e+00
density_min = 1.12780987e+00

success = 1
