# Result for min over (Cvac,alpha) at 
kT = 5.0000e-01
mu = -3.5000e+00
Ngrid = 121

Cvac_min = 1.31251773e-05
alpha_min = 1.38699718e+03
freeEnergy_min = -1.59137946e-01
freeEnergy_err = 0.00000000e+00
density_min = 1.15602744e+00

success = 1
