# Result for min over (Cvac,alpha) at 
kT = 7.0000e-01
mu = 1.0000e+00
Ngrid = 119

Cvac_min = 1.20183633e-04
alpha_min = 2.15584877e+03
freeEnergy_min = -1.35127305e+00
freeEnergy_err = 0.00000000e+00
density_min = 1.21516953e+00

success = 1
