# Result for min over (Cvac,alpha) at 
kT = 9.0000e-01
mu = 4.5000e+00
Ngrid = 122

Cvac_min = 1.97378954e-04
alpha_min = 5.97908413e+02
freeEnergy_min = -3.88082694e+00
freeEnergy_err = 0.00000000e+00
density_min = 1.12762509e+00

success = 1
