# Result for min over (Cvac,alpha) at 
kT = 9.0000e-01
mu = 4.5000e+00
Ngrid = 123

Cvac_min = 3.59708419e-04
alpha_min = 4.42892273e+02
freeEnergy_min = -3.70839601e+00
freeEnergy_err = 0.00000000e+00
density_min = 1.10016638e+00

success = 1
