# Result for min over (Cvac,alpha) at 
kT = 8.0000e-01
mu = 3.0000e+00
Ngrid = 120

Cvac_min = 1.03314002e-04
alpha_min = 1.24610421e+03
freeEnergy_min = -2.99232169e+00
freeEnergy_err = 0.00000000e+00
density_min = 1.18506274e+00

success = 1
