# Result for min over (Cvac,alpha) at 
kT = 5.0000e-01
mu = -3.5000e+00
Ngrid = 119

Cvac_min = 1.18764191e-05
alpha_min = 3.18487845e+03
freeEnergy_min = 3.14355457e-01
freeEnergy_err = 0.00000000e+00
density_min = 1.21530115e+00

success = 1
