# Result for min over (Cvac,alpha) at 
kT = 6.0000e-01
mu = -1.0000e+00
Ngrid = 123

Cvac_min = 3.20437476e-04
alpha_min = 6.37189196e+02
freeEnergy_min = -4.00234804e-01
freeEnergy_err = 0.00000000e+00
density_min = 1.10020960e+00

success = 1
