# Result for min over (Cvac,alpha) at 
kT = 1.0000e+00
mu = 5.5000e+00
Ngrid = 121

Cvac_min = 1.70143792e-04
alpha_min = 7.29502998e+02
freeEnergy_min = -4.50471798e+00
freeEnergy_err = 0.00000000e+00
density_min = 1.15584592e+00

success = 1
