# Result for min over (Cvac,alpha) at 
kT = 9.0000e-01
mu = 4.5000e+00
Ngrid = 120

Cvac_min = 1.16418940e-04
alpha_min = 1.10937514e+03
freeEnergy_min = -3.91745932e+00
freeEnergy_err = 0.00000000e+00
density_min = 1.18504721e+00

success = 1
