# Physical Properties at the Critical Point
eta = 1.30443884e-01
hsd = 1.00609907e+00
aVdW = -5.65297426e+00
kT = 1.28754606e+00
rho = 2.44626134e-01
mu = -2.80786225e+00
omega = -8.81817142e-02
