# Properties at the triple point
kT    = 7.91834670e-01
rhoV  = 9.80764826e-03
rhoL  = 6.84070429e-01
rhoS  = 9.08166944e-01
mu    = -4.76029261e+00
omega = -9.14614664e-03
