# Result for fluid-solid coexistence at 
kT = 5.2000e-01

fluidType = fluid

muCoex = -3.16052892e+00
freeEnergyCoex = -5.15515255e-02
densitySolidCoex = 1.15676137e+00
NgridCoex = 1.20893418e+02
CvacCoex = 2.02287335e-03
alphaCoex = 1.32941433e+03
densityFluidCoex = 6.56927593e-02

success = 1
