# Result for fluid-solid coexistence at 
kT = 9.2000e-01

fluidType = fluid

muCoex = 4.38271516e+00
freeEnergyCoex = -3.70303983e+00
densitySolidCoex = 1.15664749e+00
NgridCoex = 1.20969832e+02
CvacCoex = 2.25075720e-04
alphaCoex = 7.95632238e+02
densityFluidCoex = 7.61980365e-01

success = 1
