# Result for fluid-solid coexistence at 
kT = 8.2000e-01

fluidType = fluid

muCoex = 2.98542833e+00
freeEnergyCoex = -2.85355471e+00
densitySolidCoex = 1.15842479e+00
NgridCoex = 1.20906503e+02
CvacCoex = 2.59856525e-04
alphaCoex = 9.03303918e+02
densityFluidCoex = 7.22876566e-01

success = 1
