# Result for fluid-solid coexistence at 
kT = 3.0000e-01

fluidType = fluid

muCoex = -1.08968278e+01
freeEnergyCoex = -1.85495413e-05
densitySolidCoex = 1.15208683e+00
NgridCoex = 1.21061195e+02
CvacCoex = 1.90755952e-03
alphaCoex = 1.32306005e+03
densityFluidCoex = 1.85599136e-05

success = 1
