# Result for fluid-solid coexistence at 
kT = 5.4500e-01

fluidType = fluid

muCoex = -2.62692206e+00
freeEnergyCoex = -1.13616132e-01
densitySolidCoex = 1.15715763e+00
NgridCoex = 1.20881841e+02
CvacCoex = 1.96788398e-03
alphaCoex = 1.28214129e+03
densityFluidCoex = 2.63599926e-01

success = 1
