# Result for fluid-solid coexistence at 
kT = 5.8500e-01

fluidType = fluid

muCoex = -1.65870250e+00
freeEnergyCoex = -4.54167661e-01
densitySolidCoex = 1.15950766e+00
NgridCoex = 1.20859856e+02
CvacCoex = 4.81911712e-04
alphaCoex = 1.22023268e+03
densityFluidCoex = 4.92792128e-01

success = 1
