# Result for fluid-solid coexistence at 
kT = 5.9500e-01

fluidType = fluid

muCoex = -1.41651427e+00
freeEnergyCoex = -5.55766230e-01
densitySolidCoex = 1.15970038e+00
NgridCoex = 1.20853694e+02
CvacCoex = 4.68540445e-04
alphaCoex = 1.20474039e+03
densityFluidCoex = 5.16184847e-01

success = 1
