# Result for fluid-solid coexistence at 
kT = 7.0000e-01

fluidType = fluid

muCoex = 8.87436656e-01
freeEnergyCoex = -1.67425209e+00
densitySolidCoex = 1.16039506e+00
NgridCoex = 1.20831233e+02
CvacCoex = 4.26655042e-04
alphaCoex = 1.06331472e+03
densityFluidCoex = 6.49805333e-01

success = 1
