# Result for fluid-solid coexistence at 
kT = 9.6000e-01

fluidType = fluid

muCoex = 4.87052912e+00
freeEnergyCoex = -4.01065205e+00
densitySolidCoex = 1.15593422e+00
NgridCoex = 1.20994678e+02
CvacCoex = 2.25726760e-04
alphaCoex = 7.58745256e+02
densityFluidCoex = 7.74546989e-01

success = 1
