# Result for fluid-solid coexistence at 
kT = 5.6000e-01

fluidType = fluid

muCoex = -2.26628445e+00
freeEnergyCoex = -2.22912698e-01
densitySolidCoex = 1.15746310e+00
NgridCoex = 1.20872325e+02
CvacCoex = 1.94029459e-03
alphaCoex = 1.25680158e+03
densityFluidCoex = 4.05718361e-01

success = 1
