# Result for fluid-solid coexistence at 
kT = 4.0000e-01

fluidType = fluid

muCoex = -6.35054961e+00
freeEnergyCoex = -1.76564696e-03
densitySolidCoex = 1.15457377e+00
NgridCoex = 1.20971474e+02
CvacCoex = 1.97746625e-03
alphaCoex = 1.32580049e+03
densityFluidCoex = 1.78215125e-03

success = 1
