# Result for fluid-solid coexistence at 
kT = 6.6000e-01

fluidType = fluid

muCoex = 6.44961813e-02
freeEnergyCoex = -1.24915484e+00
densitySolidCoex = 1.16047137e+00
NgridCoex = 1.20827885e+02
CvacCoex = 4.44088496e-04
alphaCoex = 1.11509115e+03
densityFluidCoex = 6.12552390e-01

success = 1
