# Result for fluid-solid coexistence at 
kT = 9.0000e-01

fluidType = fluid

muCoex = 4.12461177e+00
freeEnergyCoex = -3.54255743e+00
densitySolidCoex = 1.15701876e+00
NgridCoex = 1.20956919e+02
CvacCoex = 2.24454684e-04
alphaCoex = 8.15417343e+02
densityFluidCoex = 7.55133484e-01

success = 1
