# Result for fluid-solid coexistence at 
kT = 7.4000e-01

fluidType = fluid

muCoex = 1.64577288e+00
freeEnergyCoex = -2.08600231e+00
densitySolidCoex = 1.15982046e+00
NgridCoex = 1.20852849e+02
CvacCoex = 3.85587994e-04
alphaCoex = 1.01023095e+03
densityFluidCoex = 6.78987379e-01

success = 1
