# Result for fluid-solid coexistence at 
kT = 7.6000e-01

fluidType = fluid

muCoex = 2.00193890e+00
freeEnergyCoex = -2.28530236e+00
densitySolidCoex = 1.15941482e+00
NgridCoex = 1.20868301e+02
CvacCoex = 3.52107452e-04
alphaCoex = 9.80610979e+02
densityFluidCoex = 6.91467559e-01

success = 1
