# Result for fluid-solid coexistence at 
kT = 8.8000e-01

fluidType = fluid

muCoex = 3.85636819e+00
freeEnergyCoex = -3.37745737e+00
densitySolidCoex = 1.15739923e+00
NgridCoex = 1.20943671e+02
CvacCoex = 2.24313174e-04
alphaCoex = 8.36133819e+02
densityFluidCoex = 7.47854665e-01

success = 1
