# Result for fluid-solid coexistence at 
kT = 3.4000e-01

fluidType = fluid

muCoex = -8.75723466e+00
freeEnergyCoex = -1.57488208e-04
densitySolidCoex = 1.15320051e+00
NgridCoex = 1.21020428e+02
CvacCoex = 1.95297492e-03
alphaCoex = 1.32400924e+03
densityFluidCoex = 1.57648651e-04

success = 1
