# Result for fluid-solid coexistence at 
kT = 5.3000e-01

fluidType = fluid

muCoex = -2.94887707e+00
freeEnergyCoex = -6.76380115e-02
densitySolidCoex = 1.15692043e+00
NgridCoex = 1.20888790e+02
CvacCoex = 2.00031503e-03
alphaCoex = 1.31015654e+03
densityFluidCoex = 9.56921722e-02

success = 1
