# Result for solid computation at 
kT = 5.4500e-01
mu = -2.7375e+00

Ngrid_min = 1.20889796e+02
Cvac_min = 1.96242024e-03
alpha_min = 1.28084525e+03
freeEnergy_min = 1.43512808e-02
density_min = 1.15693535e+00

success = 1
