# Result for solid computation at 
kT = 7.0000e-01
mu = 1.0843e+00

Ngrid_min = 1.20806469e+02
Cvac_min = 4.58614391e-04
alpha_min = 1.07080990e+03
freeEnergy_min = -1.90277224e+00
density_min = 1.16107140e+00

success = 1
