# Result for solid computation at 
kT = 3.4000e-01
mu = -8.5600e+00

Ngrid_min = 1.21014537e+02
Cvac_min = 1.95387971e-03
alpha_min = 1.32414089e+03
freeEnergy_min = -2.27639514e-01
density_min = 1.15336794e+00

success = 1
