# Result for solid computation at 
kT = 6.4000e-01
mu = -2.2615e-01

Ngrid_min = 1.20817122e+02
Cvac_min = 4.79294818e-04
alpha_min = 1.14598211e+03
freeEnergy_min = -1.20357178e+00
density_min = 1.16074066e+00

success = 1
