# Result for solid computation at 
kT = 5.1000e-01
mu = -3.4367e+00

Ngrid_min = 1.20902028e+02
Cvac_min = 2.03189709e-03
alpha_min = 1.33897833e+03
freeEnergy_min = 2.97222568e-02
density_min = 1.15650357e+00

success = 1
