# Result for solid computation at 
kT = 5.5000e-01
mu = -2.4769e+00

Ngrid_min = 1.20876462e+02
Cvac_min = 1.96427369e-03
alpha_min = 1.27616091e+03
freeEnergy_min = -1.82527170e-01
density_min = 1.15731645e+00

success = 1
