# Result for solid computation at 
kT = 6.4000e-01
mu = -6.2615e-01

Ngrid_min = 1.20858925e+02
Cvac_min = 4.26316578e-04
alpha_min = 1.13481684e+03
freeEnergy_min = -7.39505012e-01
density_min = 1.15959858e+00

success = 1
