# Result for solid computation at 
kT = 6.0000e-01
mu = -1.2665e+00

Ngrid_min = 1.20848075e+02
Cvac_min = 4.69493672e-04
alpha_min = 1.19800047e+03
freeEnergy_min = -6.42480312e-01
density_min = 1.15986094e+00

success = 1
