# Result for solid computation at 
kT = 6.0000e-01
mu = -1.3165e+00

Ngrid_min = 1.20852526e+02
Cvac_min = 4.64298598e-04
alpha_min = 1.19706558e+03
freeEnergy_min = -5.84490318e-01
density_min = 1.15973888e+00

success = 1
