# Result for solid computation at 
kT = 4.0000e-01
mu = -6.8687e+00

Ngrid_min = 1.20990688e+02
Cvac_min = 1.96319605e-03
alpha_min = 1.32491000e+03
freeEnergy_min = 5.96333324e-01
density_min = 1.15403974e+00

success = 1
