# Result for solid computation at 
kT = 5.2500e-01
mu = -3.0605e+00

Ngrid_min = 1.20891468e+02
Cvac_min = 2.01131997e-03
alpha_min = 1.32047896e+03
freeEnergy_min = -5.17053353e-02
density_min = 1.15683076e+00

success = 1
