# Result for solid computation at 
kT = 5.3500e-01
mu = -2.8489e+00

Ngrid_min = 1.20886933e+02
Cvac_min = 1.99188159e-03
alpha_min = 1.30268525e+03
freeEnergy_min = -7.23367302e-02
density_min = 1.15698355e+00

success = 1
