# Result for solid computation at 
kT = 8.6000e-01
mu = 3.6873e+00

Ngrid_min = 1.20910914e+02
Cvac_min = 2.08049972e-04
alpha_min = 8.63134503e+02
freeEnergy_min = -3.33479281e+00
density_min = 1.15835909e+00

success = 1
