# Result for solid computation at 
kT = 5.1000e-01
mu = -3.3367e+00

Ngrid_min = 1.20896006e+02
Cvac_min = 2.03602058e-03
alpha_min = 1.33976792e+03
freeEnergy_min = -8.59365088e-02
density_min = 1.15667179e+00

success = 1
