# Result for solid computation at 
kT = 6.2000e-01
mu = -1.2963e+00

Ngrid_min = 1.20885814e+02
Cvac_min = 4.10766476e-04
alpha_min = 1.15799642e+03
freeEnergy_min = -2.74078165e-01
density_min = 1.15884341e+00

success = 1
