# Result for solid computation at 
kT = 8.0000e-01
mu = 2.3435e+00

Ngrid_min = 1.20947652e+02
Cvac_min = 3.15535514e-04
alpha_min = 9.12095754e+02
freeEnergy_min = -2.28981471e+00
density_min = 1.15717811e+00

success = 1
