# Result for solid computation at 
kT = 5.2000e-01
mu = -2.9983e+00

Ngrid_min = 1.20883120e+02
Cvac_min = 2.02978231e-03
alpha_min = 1.33083747e+03
freeEnergy_min = -2.39189687e-01
density_min = 1.15704931e+00

success = 1
