# Result for solid computation at 
kT = 3.2000e-01
mu = -1.0497e+01

Ngrid_min = 1.21057922e+02
Cvac_min = 1.94697500e-03
alpha_min = 1.32313645e+03
freeEnergy_min = 8.49251200e-01
density_min = 1.15213585e+00

success = 1
