# Result for solid computation at 
kT = 4.6000e-01
mu = -4.5076e+00

Ngrid_min = 1.20924100e+02
Cvac_min = 2.01426052e-03
alpha_min = 1.33271214e+03
freeEnergy_min = -7.68883937e-02
density_min = 1.15589010e+00

success = 1
