# Result for solid computation at 
kT = 7.0000e-01
mu = 8.8431e-01

Ngrid_min = 1.20831627e+02
Cvac_min = 4.26168609e-04
alpha_min = 1.06319185e+03
freeEnergy_min = -1.67062674e+00
density_min = 1.16038430e+00

success = 1
