# Result for solid computation at 
kT = 4.4000e-01
mu = -5.3001e+00

Ngrid_min = 1.20948688e+02
Cvac_min = 1.99595511e-03
alpha_min = 1.32910004e+03
freeEnergy_min = 2.16177017e-01
density_min = 1.15520575e+00

success = 1
