# Result for solid computation at 
kT = 3.0000e-01
mu = -1.1600e+01

Ngrid_min = 1.21071955e+02
Cvac_min = 1.94462228e-03
alpha_min = 1.32279427e+03
freeEnergy_min = 8.10456496e-01
density_min = 1.15173785e+00

success = 1
