# Result for solid computation at 
kT = 3.0000e-01
mu = -1.0800e+01

Ngrid_min = 1.21058727e+02
Cvac_min = 1.91001167e-03
alpha_min = 1.32311948e+03
freeEnergy_min = -1.11569931e-01
density_min = 1.15215455e+00

success = 1
