# Result for solid computation at 
kT = 5.4000e-01
mu = -3.1604e+00

Ngrid_min = 1.20913951e+02
Cvac_min = 1.96094086e-03
alpha_min = 1.28933709e+03
freeEnergy_min = 3.96787631e-01
density_min = 1.15624320e+00

success = 1
