# Result for solid computation at 
kT = 6.2000e-01
mu = -8.9632e-01

Ngrid_min = 1.20847027e+02
Cvac_min = 4.56533609e-04
alpha_min = 1.16777906e+03
freeEnergy_min = -7.37828442e-01
density_min = 1.15990603e+00

success = 1
