# Result for solid computation at 
kT = 6.0000e-01
mu = -1.4165e+00

Ngrid_min = 1.20861431e+02
Cvac_min = 4.54481875e-04
alpha_min = 1.19524978e+03
freeEnergy_min = -4.68528214e-01
density_min = 1.15949403e+00

success = 1
