# Result for solid computation at 
kT = 1.0000e+00
mu = 5.1012e+00

Ngrid_min = 1.21064572e+02
Cvac_min = 2.77641835e-04
alpha_min = 7.14580266e+02
freeEnergy_min = -4.04456357e+00
density_min = 1.15387302e+00

success = 1
