# Result for solid computation at 
kT = 5.6000e-01
mu = -2.3367e+00

Ngrid_min = 1.20877778e+02
Cvac_min = 1.93662216e-03
alpha_min = 1.25583980e+03
freeEnergy_min = -1.41402494e-01
density_min = 1.15731058e+00

success = 1
