# Result for solid computation at 
kT = 5.3500e-01
mu = -2.7989e+00

Ngrid_min = 1.20883509e+02
Cvac_min = 1.99425011e-03
alpha_min = 1.30320311e+03
freeEnergy_min = -1.30188274e-01
density_min = 1.15707922e+00

success = 1
