# Result for solid computation at 
kT = 5.9500e-01
mu = -1.4372e+00

Ngrid_min = 1.20855499e+02
Cvac_min = 4.66495387e-04
alpha_min = 1.20432153e+03
freeEnergy_min = -5.31740587e-01
density_min = 1.15965082e+00

success = 1
