# Result for solid computation at 
kT = 6.6000e-01
mu = -3.7231e-01

Ngrid_min = 1.20876930e+02
Cvac_min = 3.84012635e-04
alpha_min = 1.10184474e+03
freeEnergy_min = -7.42540745e-01
density_min = 1.15912963e+00

success = 1
