# Result for solid computation at 
kT = 5.8500e-01
mu = -1.6245e+00

Ngrid_min = 1.20857004e+02
Cvac_min = 4.84683518e-04
alpha_min = 1.22086697e+03
freeEnergy_min = -4.93837900e-01
density_min = 1.15958648e+00

success = 1
