# Result for solid computation at 
kT = 5.0000e-01
mu = -3.6639e+00

Ngrid_min = 1.20907348e+02
Cvac_min = 2.02792303e-03
alpha_min = 1.33751174e+03
freeEnergy_min = 4.48185336e-02
density_min = 1.15635535e+00

success = 1
