# Result for solid computation at 
kT = 3.4000e-01
mu = -9.1600e+00

Ngrid_min = 1.21032446e+02
Cvac_min = 1.95109710e-03
alpha_min = 1.32373605e+03
freeEnergy_min = 4.64228521e-01
density_min = 1.15285905e+00

success = 1
