# Result for solid computation at 
kT = 6.4000e-01
mu = -8.2615e-01

Ngrid_min = 1.20879893e+02
Cvac_min = 4.01107317e-04
alpha_min = 1.12981378e+03
freeEnergy_min = -5.07642617e-01
density_min = 1.15902473e+00

success = 1
