# Result for solid computation at 
kT = 3.8000e-01
mu = -7.6662e+00

Ngrid_min = 1.21010101e+02
Cvac_min = 1.94844842e-03
alpha_min = 1.32422815e+03
freeEnergy_min = 6.88517577e-01
density_min = 1.15350093e+00

success = 1
