# Result for solid computation at 
kT = 5.6500e-01
mu = -2.1663e+00

Ngrid_min = 1.20870777e+02
Cvac_min = 1.92935739e-03
alpha_min = 1.24895225e+03
freeEnergy_min = -2.39819810e-01
density_min = 1.15752027e+00

success = 1
