# Result for solid computation at 
kT = 5.7000e-01
mu = -2.0933e+00

Ngrid_min = 1.20871508e+02
Cvac_min = 1.91882163e-03
alpha_min = 1.24344591e+03
freeEnergy_min = -2.27302744e-01
density_min = 1.15751143e+00

success = 1
