# Result for solid computation at 
kT = 5.8000e-01
mu = -1.8657e+00

Ngrid_min = 1.20866622e+02
Cvac_min = 1.89455239e-03
alpha_min = 1.22665116e+03
freeEnergy_min = -3.02130438e-01
density_min = 1.15767998e+00

success = 1
