# Result for solid computation at 
kT = 5.0500e-01
mu = -3.4484e+00

Ngrid_min = 1.20898733e+02
Cvac_min = 2.03398472e-03
alpha_min = 1.33896935e+03
freeEnergy_min = -7.93226037e-02
density_min = 1.15659580e+00

success = 1
