# Result for solid computation at 
kT = 3.4000e-01
mu = -8.9600e+00

Ngrid_min = 1.21026479e+02
Cvac_min = 1.95203470e-03
alpha_min = 1.32387245e+03
freeEnergy_min = 2.33639764e-01
density_min = 1.15302854e+00

success = 1
