# Result for solid computation at 
kT = 3.6000e-01
mu = -8.1572e+00

Ngrid_min = 1.21017619e+02
Cvac_min = 1.94272819e-03
alpha_min = 1.32407027e+03
freeEnergy_min = 3.35323357e-01
density_min = 1.15329239e+00

success = 1
