# Result for solid computation at 
kT = 5.2000e-01
mu = -3.1179e+00

Ngrid_min = 1.20890713e+02
Cvac_min = 2.02470379e-03
alpha_min = 1.32982706e+03
freeEnergy_min = -1.00870706e-01
density_min = 1.15683698e+00

success = 1
