# Result for solid computation at 
kT = 3.4000e-01
mu = -8.7600e+00

Ngrid_min = 1.21020510e+02
Cvac_min = 1.95296224e-03
alpha_min = 1.32400740e+03
freeEnergy_min = 3.01709498e-03
density_min = 1.15319817e+00

success = 1
