# Result for solid computation at 
kT = 6.4000e-01
mu = -4.2615e-01

Ngrid_min = 1.20838003e+02
Cvac_min = 4.52232590e-04
alpha_min = 1.14020736e+03
freeEnergy_min = -9.71481851e-01
density_min = 1.16017066e+00

success = 1
