# Result for solid computation at 
kT = 6.0000e-01
mu = -1.3665e+00

Ngrid_min = 1.20856977e+02
Cvac_min = 4.59678286e-04
alpha_min = 1.19618832e+03
freeEnergy_min = -5.26505969e-01
density_min = 1.15961614e+00

success = 1
