# Result for solid computation at 
kT = 5.3500e-01
mu = -2.9489e+00

Ngrid_min = 1.20893775e+02
Cvac_min = 1.98723625e-03
alpha_min = 1.30164246e+03
freeEnergy_min = 4.33520755e-02
density_min = 1.15679230e+00

success = 1
