# Result for solid computation at 
kT = 6.8000e-01
mu = 4.6450e-01

Ngrid_min = 1.20829724e+02
Cvac_min = 4.32191025e-04
alpha_min = 1.08799592e+03
freeEnergy_min = -1.44000593e+00
density_min = 1.16043211e+00

success = 1
