# Result for solid computation at 
kT = 5.5000e-01
mu = -2.6269e+00

Ngrid_min = 1.20887523e+02
Cvac_min = 1.95671076e-03
alpha_min = 1.27431151e+03
freeEnergy_min = -8.95290336e-03
density_min = 1.15700727e+00

success = 1
