# Result for solid computation at 
kT = 8.4000e-01
mu = 3.1854e+00

Ngrid_min = 1.20933402e+02
Cvac_min = 2.38060893e-04
alpha_min = 8.75890675e+02
freeEnergy_min = -2.91505023e+00
density_min = 1.15767816e+00

success = 1
