# Result for solid computation at 
kT = 5.1500e-01
mu = -3.2266e+00

Ngrid_min = 1.20893325e+02
Cvac_min = 2.03798223e-03
alpha_min = 1.34049094e+03
freeEnergy_min = -9.30562815e-02
density_min = 1.15674657e+00

success = 1
