# Result for solid computation at 
kT = 7.2000e-01
mu = 1.2874e+00

Ngrid_min = 1.20838003e+02
Cvac_min = 4.13129659e-04
alpha_min = 1.03744657e+03
freeEnergy_min = -1.89723981e+00
density_min = 1.16021583e+00

success = 1
