# Result for solid computation at 
kT = 5.2500e-01
mu = -3.1105e+00

Ngrid_min = 1.20894720e+02
Cvac_min = 2.00909494e-03
alpha_min = 1.32001247e+03
freeEnergy_min = 6.13393010e-03
density_min = 1.15673987e+00

success = 1
