# Result for solid computation at 
kT = 8.2000e-01
mu = 2.6711e+00

Ngrid_min = 1.20961339e+02
Cvac_min = 3.07118159e-04
alpha_min = 8.87632278e+02
freeEnergy_min = -2.48967492e+00
density_min = 1.15679537e+00

success = 1
