# Result for min over (Cvac,alpha) at 
kT = 5.6500e-01
mu = -2.2663e+00
Ngrid = 122

Cvac_min = 2.12710341e-04
alpha_min = 9.10230519e+02
freeEnergy_min = 9.77581414e-02
density_min = 1.12760780e+00

success = 1
