# Result for min over (Cvac,alpha) at 
kT = 5.9000e-01
mu = -1.6087e+00
Ngrid = 122

Cvac_min = 2.06977490e-04
alpha_min = 8.75638213e+02
freeEnergy_min = -2.13103788e-01
density_min = 1.12761427e+00

success = 1
