# Result for min over (Cvac,alpha) at 
kT = 6.0000e-01
mu = -1.7741e+00
Ngrid = 122

Cvac_min = 2.84840983e-04
alpha_min = 8.62647320e+02
freeEnergy_min = 1.34755080e-01
density_min = 1.12752645e+00

success = 1
