# Result for min over (Cvac,alpha) at 
kT = 8.8000e-01
mu = 3.7774e+00
Ngrid = 120

Cvac_min = 2.92002219e-04
alpha_min = 1.12872898e+03
freeEnergy_min = -3.21262922e+00
density_min = 1.18483911e+00

success = 1
