# Result for min over (Cvac,alpha) at 
kT = 7.0000e-01
mu = 4.8431e-01
Ngrid = 122

Cvac_min = 3.79482381e-04
alpha_min = 7.50945585e+02
freeEnergy_min = -1.07071740e+00
density_min = 1.12741971e+00

success = 1
