# Result for min over (Cvac,alpha) at 
kT = 8.2000e-01
mu = 2.8711e+00
Ngrid = 122

Cvac_min = 3.31295795e-04
alpha_min = 6.50655372e+02
freeEnergy_min = -2.61975335e+00
density_min = 1.12747405e+00

success = 1
