# Result for min over (Cvac,alpha) at 
kT = 7.0000e-01
mu = 6.8431e-01
Ngrid = 121

Cvac_min = 2.60810569e-04
alpha_min = 1.01372025e+03
freeEnergy_min = -1.43638571e+00
density_min = 1.15574110e+00

success = 1
