# Result for min over (Cvac,alpha) at 
kT = 5.2000e-01
mu = -3.2179e+00
Ngrid = 122

Cvac_min = 2.33836078e-04
alpha_min = 9.79970715e+02
freeEnergy_min = 2.82893883e-01
density_min = 1.12758397e+00

success = 1
