# Result for min over (Cvac,alpha) at 
kT = 5.6000e-01
mu = -2.2386e+00
Ngrid = 122

Cvac_min = 2.14971604e-04
alpha_min = 9.17710381e+02
freeEnergy_min = -2.45420085e-02
density_min = 1.12760525e+00

success = 1
