# Result for min over (Cvac,alpha) at 
kT = 7.6000e-01
mu = 1.8458e+00
Ngrid = 122

Cvac_min = 3.30331764e-04
alpha_min = 6.97157221e+02
freeEnergy_min = -1.98482608e+00
density_min = 1.12747514e+00

success = 1
