# Result for min over (Cvac,alpha) at 
kT = 9.4000e-01
mu = 4.5827e+00
Ngrid = 121

Cvac_min = 2.35171447e-04
alpha_min = 7.72476532e+02
freeEnergy_min = -3.80297375e+00
density_min = 1.15577074e+00

success = 1
