# Result for min over (Cvac,alpha) at 
kT = 6.6000e-01
mu = -3.7231e-01
Ngrid = 122

Cvac_min = 3.50866340e-04
alpha_min = 7.91842202e+02
freeEnergy_min = -5.88147700e-01
density_min = 1.12745198e+00

success = 1
