# Result for min over (Cvac,alpha) at 
kT = 8.8000e-01
mu = 3.5774e+00
Ngrid = 122

Cvac_min = 3.95672502e-04
alpha_min = 6.10090372e+02
freeEnergy_min = -2.97362714e+00
density_min = 1.12740145e+00

success = 1
