# Result for min over (Cvac,alpha) at 
kT = 5.7000e-01
mu = -2.0433e+00
Ngrid = 122

Cvac_min = 2.09411064e-04
alpha_min = 9.03051165e+02
freeEnergy_min = -6.43031943e-02
density_min = 1.12761152e+00

success = 1
