# Result for min over (Cvac,alpha) at 
kT = 5.9500e-01
mu = -1.5372e+00
Ngrid = 122

Cvac_min = 2.15332985e-04
alpha_min = 8.69220850e+02
freeEnergy_min = -2.12249722e-01
density_min = 1.12760484e+00

success = 1
