# Result for min over (Cvac,alpha) at 
kT = 7.6000e-01
mu = 2.0458e+00
Ngrid = 121

Cvac_min = 2.29151815e-04
alpha_min = 9.40441706e+02
freeEnergy_min = -2.33427504e+00
density_min = 1.15577770e+00

success = 1
