# Result for min over (Cvac,alpha) at 
kT = 6.0000e-01
mu = -1.2665e+00
Ngrid = 122

Cvac_min = 2.01902892e-04
alpha_min = 8.62691619e+02
freeEnergy_min = -4.37534827e-01
density_min = 1.12761999e+00

success = 1
