# Result for min over (Cvac,alpha) at 
kT = 5.8000e-01
mu = -2.0657e+00
Ngrid = 121

Cvac_min = 1.79282110e-03
alpha_min = 1.19684361e+03
freeEnergy_min = -6.83990224e-02
density_min = 1.15397003e+00

success = 1
