# Result for min over (Cvac,alpha) at 
kT = 9.4000e-01
mu = 4.7827e+00
Ngrid = 122

Cvac_min = 2.55946298e-04
alpha_min = 5.74568931e+02
freeEnergy_min = -3.95319468e+00
density_min = 1.12755904e+00

success = 1
