# Result for min over (Cvac,alpha) at 
kT = 9.0000e-01
mu = 4.2564e+00
Ngrid = 122

Cvac_min = 2.63379968e-04
alpha_min = 5.97826347e+02
freeEnergy_min = -3.60628863e+00
density_min = 1.12755065e+00

success = 1
