# Result for min over (Cvac,alpha) at 
kT = 4.6000e-01
mu = -4.7076e+00
Ngrid = 122

Cvac_min = 2.97037774e-04
alpha_min = 1.08929851e+03
freeEnergy_min = 4.88098904e-01
density_min = 1.12751269e+00

success = 1
