# Result for min over (Cvac,alpha) at 
kT = 7.8000e-01
mu = 2.4019e+00
Ngrid = 122

Cvac_min = 2.73563526e-04
alpha_min = 6.80960954e+02
freeEnergy_min = -2.42827348e+00
density_min = 1.12753917e+00

success = 1
