# Result for min over (Cvac,alpha) at 
kT = 5.3000e-01
mu = -2.9043e+00
Ngrid = 121

Cvac_min = 1.91468156e-03
alpha_min = 1.29210757e+03
freeEnergy_min = -1.16473277e-01
density_min = 1.15382916e+00

success = 1
