# Result for min over (Cvac,alpha) at 
kT = 8.0000e-01
mu = 2.5435e+00
Ngrid = 121

Cvac_min = 2.36491750e-04
alpha_min = 8.97077597e+02
freeEnergy_min = -2.52071446e+00
density_min = 1.15576921e+00

success = 1
