# Result for min over (Cvac,alpha) at 
kT = 6.8000e-01
mu = 4.6450e-01
Ngrid = 122

Cvac_min = 2.55008601e-04
alpha_min = 7.70950266e+02
freeEnergy_min = -1.28224173e+00
density_min = 1.12756009e+00

success = 1
