# Result for min over (Cvac,alpha) at 
kT = 9.6000e-01
mu = 5.0312e+00
Ngrid = 121

Cvac_min = 1.97242908e-04
alpha_min = 7.57511007e+02
freeEnergy_min = -4.19634263e+00
density_min = 1.15581459e+00

success = 1
