# Result for min over (Cvac,alpha) at 
kT = 8.8000e-01
mu = 3.9774e+00
Ngrid = 122

Cvac_min = 2.66933833e-04
alpha_min = 6.10226345e+02
freeEnergy_min = -3.42461871e+00
density_min = 1.12754664e+00

success = 1
