# Result for min over (Cvac,alpha) at 
kT = 5.6000e-01
mu = -2.1367e+00
Ngrid = 122

Cvac_min = 2.14394738e-04
alpha_min = 9.17012954e+02
freeEnergy_min = -1.39456273e-01
density_min = 1.12760590e+00

success = 1
