# Result for min over (Cvac,alpha) at 
kT = 7.0000e-01
mu = 1.0843e+00
Ngrid = 122

Cvac_min = 2.20991317e-04
alpha_min = 7.51060781e+02
freeEnergy_min = -1.74722905e+00
density_min = 1.12759846e+00

success = 1
