# Result for min over (Cvac,alpha) at 
kT = 6.0000e-01
mu = -1.3165e+00
Ngrid = 122

Cvac_min = 2.06317041e-04
alpha_min = 8.62714733e+02
freeEnergy_min = -3.81153927e-01
density_min = 1.12761501e+00

success = 1
