# Result for min over (Cvac,alpha) at 
kT = 5.3500e-01
mu = -2.7989e+00
Ngrid = 122

Cvac_min = 2.26721107e-04
alpha_min = 9.55297609e+02
freeEnergy_min = 1.24176613e-01
density_min = 1.12759200e+00

success = 1
