# Result for min over (Cvac,alpha) at 
kT = 8.2000e-01
mu = 3.0711e+00
Ngrid = 121

Cvac_min = 2.08603760e-04
alpha_min = 8.76896036e+02
freeEnergy_min = -2.95184904e+00
density_min = 1.15580145e+00

success = 1
