# Result for min over (Cvac,alpha) at 
kT = 5.6000e-01
mu = -2.3386e+00
Ngrid = 120

Cvac_min = 1.95632628e-03
alpha_min = 1.32460085e+03
freeEnergy_min = 2.21091173e-05
density_min = 1.18286658e+00

success = 1
