# Result for min over (Cvac,alpha) at 
kT = 8.6000e-01
mu = 3.2873e+00
Ngrid = 120

Cvac_min = 1.72948824e-03
alpha_min = 1.14951534e+03
freeEnergy_min = -2.79035022e+00
density_min = 1.18313542e+00

success = 1
