# Result for min over (Cvac,alpha) at 
kT = 3.8000e-01
mu = -7.6662e+00
Ngrid = 122

Cvac_min = 4.62668647e-04
alpha_min = 1.27927315e+03
freeEnergy_min = 1.08470671e+00
density_min = 1.12732589e+00

success = 1
