# Result for min over (Cvac,alpha) at 
kT = 5.8000e-01
mu = -1.7971e+00
Ngrid = 122

Cvac_min = 2.05738718e-04
alpha_min = 8.89243555e+02
freeEnergy_min = -1.68116166e-01
density_min = 1.12761566e+00

success = 1
