# Result for min over (Cvac,alpha) at 
kT = 5.4500e-01
mu = -2.7375e+00
Ngrid = 121

Cvac_min = 1.87646921e-03
alpha_min = 1.26120768e+03
freeEnergy_min = 1.67117593e-02
density_min = 1.15387333e+00

success = 1
