# Result for min over (Cvac,alpha) at 
kT = 6.6000e-01
mu = 2.7687e-02
Ngrid = 121

Cvac_min = 2.71586720e-04
alpha_min = 1.06961553e+03
freeEnergy_min = -1.20297820e+00
density_min = 1.15572864e+00

success = 1
