# Result for min over (Cvac,alpha) at 
kT = 9.6000e-01
mu = 5.0312e+00
Ngrid = 120

Cvac_min = 2.44486021e-04
alpha_min = 1.03743605e+03
freeEnergy_min = -4.12955617e+00
density_min = 1.18489542e+00

success = 1
