# Result for min over (Cvac,alpha) at 
kT = 9.8000e-01
mu = 5.0705e+00
Ngrid = 120

Cvac_min = 2.49272693e-04
alpha_min = 1.01685589e+03
freeEnergy_min = -4.05029253e+00
density_min = 1.18488975e+00

success = 1
