# Result for min over (Cvac,alpha) at 
kT = 5.8000e-01
mu = -1.6657e+00
Ngrid = 122

Cvac_min = 2.04410261e-04
alpha_min = 8.89074662e+02
freeEnergy_min = -3.16315938e-01
density_min = 1.12761716e+00

success = 1
