# Result for min over (Cvac,alpha) at 
kT = 5.9500e-01
mu = -1.4872e+00
Ngrid = 122

Cvac_min = 2.09422369e-04
alpha_min = 8.69143125e+02
freeEnergy_min = -2.68630156e-01
density_min = 1.12761151e+00

success = 1
