# Result for min over (Cvac,alpha) at 
kT = 8.8000e-01
mu = 3.9774e+00
Ngrid = 120

Cvac_min = 2.90890398e-04
alpha_min = 1.12879275e+03
freeEnergy_min = -3.44959722e+00
density_min = 1.18484043e+00

success = 1
