# Result for min over (Cvac,alpha) at 
kT = 8.0000e-01
mu = 2.5435e+00
Ngrid = 122

Cvac_min = 3.31602343e-04
alpha_min = 6.65443607e+02
freeEnergy_min = -2.41440476e+00
density_min = 1.12747371e+00

success = 1
