# Result for min over (Cvac,alpha) at 
kT = 8.2000e-01
mu = 2.6711e+00
Ngrid = 121

Cvac_min = 2.78842698e-04
alpha_min = 8.76855979e+02
freeEnergy_min = -2.48954273e+00
density_min = 1.15572025e+00

success = 1
