# Result for min over (Cvac,alpha) at 
kT = 5.2000e-01
mu = -3.3983e+00
Ngrid = 122

Cvac_min = 2.34298696e-04
alpha_min = 9.79464724e+02
freeEnergy_min = 4.86359758e-01
density_min = 1.12758345e+00

success = 1
