# Result for min over (Cvac,alpha) at 
kT = 1.0000e+00
mu = 5.1012e+00
Ngrid = 120

Cvac_min = 2.80229193e-04
alpha_min = 9.96967991e+02
freeEnergy_min = -3.96645595e+00
density_min = 1.18485306e+00

success = 1
