# Result for min over (Cvac,alpha) at 
kT = 5.8000e-01
mu = -1.8471e+00
Ngrid = 122

Cvac_min = 2.06150202e-04
alpha_min = 8.89237888e+02
freeEnergy_min = -1.11735392e-01
density_min = 1.12761520e+00

success = 1
