# Result for min over (Cvac,alpha) at 
kT = 5.7500e-01
mu = -2.0201e+00
Ngrid = 122

Cvac_min = 2.08631495e-04
alpha_min = 8.96123900e+02
freeEnergy_min = -2.71727245e-03
density_min = 1.12761240e+00

success = 1
