# Result for min over (Cvac,alpha) at 
kT = 8.6000e-01
mu = 3.4873e+00
Ngrid = 122

Cvac_min = 3.26553221e-04
alpha_min = 6.23081353e+02
freeEnergy_min = -3.01174792e+00
density_min = 1.12747940e+00

success = 1
