# Result for min over (Cvac,alpha) at 
kT = 8.6000e-01
mu = 3.6873e+00
Ngrid = 121

Cvac_min = 2.05803318e-04
alpha_min = 8.39087506e+02
freeEnergy_min = -3.33414016e+00
density_min = 1.15580469e+00

success = 1
