# Result for min over (Cvac,alpha) at 
kT = 5.6000e-01
mu = -2.3367e+00
Ngrid = 122

Cvac_min = 2.14998106e-04
alpha_min = 9.17567291e+02
freeEnergy_min = 8.60646419e-02
density_min = 1.12760522e+00

success = 1
