# Result for min over (Cvac,alpha) at 
kT = 8.6000e-01
mu = 3.6873e+00
Ngrid = 122

Cvac_min = 2.69057602e-04
alpha_min = 6.23163894e+02
freeEnergy_min = -3.23725039e+00
density_min = 1.12754425e+00

success = 1
