# Result for min over (Cvac,alpha) at 
kT = 5.6500e-01
mu = -2.1163e+00
Ngrid = 121

Cvac_min = 1.83093296e-03
alpha_min = 1.22454828e+03
freeEnergy_min = -2.94567233e-01
density_min = 1.15392597e+00

success = 1
