# Result for min over (Cvac,alpha) at 
kT = 5.6500e-01
mu = -2.2663e+00
Ngrid = 121

Cvac_min = 1.82916767e-03
alpha_min = 1.22395530e+03
freeEnergy_min = -1.21482923e-01
density_min = 1.15392801e+00

success = 1
