# Result for min over (Cvac,alpha) at 
kT = 7.6000e-01
mu = 1.6458e+00
Ngrid = 122

Cvac_min = 4.00405211e-04
alpha_min = 6.97034480e+02
freeEnergy_min = -1.75933866e+00
density_min = 1.12739611e+00

success = 1
