# Result for min over (Cvac,alpha) at 
kT = 7.2000e-01
mu = 1.0874e+00
Ngrid = 122

Cvac_min = 3.20688404e-04
alpha_min = 7.32101189e+02
freeEnergy_min = -1.53107872e+00
density_min = 1.12748602e+00

success = 1
