# Result for min over (Cvac,alpha) at 
kT = 6.6000e-01
mu = -1.7231e-01
Ngrid = 122

Cvac_min = 2.92555553e-04
alpha_min = 7.91941072e+02
freeEnergy_min = -8.13644779e-01
density_min = 1.12751775e+00

success = 1
