# Result for min over (Cvac,alpha) at 
kT = 4.8000e-01
mu = -3.9646e+00
Ngrid = 122

Cvac_min = 2.71284968e-04
alpha_min = 1.05043830e+03
freeEnergy_min = 1.85459223e-01
density_min = 1.12754174e+00

success = 1
