# Result for min over (Cvac,alpha) at 
kT = 5.2500e-01
mu = -3.0105e+00
Ngrid = 122

Cvac_min = 2.31702082e-04
alpha_min = 9.71035867e+02
freeEnergy_min = 1.55790622e-01
density_min = 1.12758638e+00

success = 1
