# Result for min over (Cvac,alpha) at 
kT = 8.4000e-01
mu = 2.9854e+00
Ngrid = 120

Cvac_min = 3.19869375e-04
alpha_min = 1.18059719e+03
freeEnergy_min = -2.60433977e+00
density_min = 1.18480608e+00

success = 1
