# Result for min over (Cvac,alpha) at 
kT = 6.4000e-01
mu = -4.2615e-01
Ngrid = 121

Cvac_min = 2.91821219e-04
alpha_min = 1.09965652e+03
freeEnergy_min = -9.68030438e-01
density_min = 1.15570525e+00

success = 1
