# Result for min over (Cvac,alpha) at 
kT = 5.8000e-01
mu = -2.2657e+00
Ngrid = 122

Cvac_min = 2.56930538e-04
alpha_min = 8.89243451e+02
freeEnergy_min = 3.60243969e-01
density_min = 1.12755793e+00

success = 1
