# Result for min over (Cvac,alpha) at 
kT = 3.2000e-01
mu = -1.0497e+01
Ngrid = 122

Cvac_min = 1.65949664e-03
alpha_min = 1.28140657e+03
freeEnergy_min = 1.30796697e+00
density_min = 1.12597605e+00

success = 1
