# Result for min over (Cvac,alpha) at 
kT = 8.4000e-01
mu = 3.1854e+00
Ngrid = 122

Cvac_min = 3.30226013e-04
alpha_min = 6.36559638e+02
freeEnergy_min = -2.81875142e+00
density_min = 1.12747526e+00

success = 1
