# Result for min over (Cvac,alpha) at 
kT = 5.8500e-01
mu = -1.7745e+00
Ngrid = 122

Cvac_min = 2.09519747e-04
alpha_min = 8.82466926e+02
freeEnergy_min = -1.09109852e-01
density_min = 1.12761140e+00

success = 1
