# Result for min over (Cvac,alpha) at 
kT = 9.4000e-01
mu = 4.5827e+00
Ngrid = 120

Cvac_min = 2.57628613e-04
alpha_min = 1.05901877e+03
freeEnergy_min = -3.73011555e+00
density_min = 1.18487985e+00

success = 1
