# Result for min over (Cvac,alpha) at 
kT = 8.0000e-01
mu = 2.7435e+00
Ngrid = 121

Cvac_min = 2.10994159e-04
alpha_min = 8.97129304e+02
freeEnergy_min = -2.75187154e+00
density_min = 1.15579869e+00

success = 1
