# Result for min over (Cvac,alpha) at 
kT = 8.4000e-01
mu = 3.3854e+00
Ngrid = 122

Cvac_min = 2.71763145e-04
alpha_min = 6.36622257e+02
freeEnergy_min = -3.04425340e+00
density_min = 1.12754120e+00

success = 1
