# Result for min over (Cvac,alpha) at 
kT = 5.5500e-01
mu = -2.4594e+00
Ngrid = 122

Cvac_min = 2.17294075e-04
alpha_min = 9.24933239e+02
freeEnergy_min = 1.31572458e-01
density_min = 1.12760263e+00

success = 1
