# Result for min over (Cvac,alpha) at 
kT = 9.8000e-01
mu = 4.8705e+00
Ngrid = 121

Cvac_min = 2.76407322e-04
alpha_min = 7.43001395e+02
freeEnergy_min = -3.89145992e+00
density_min = 1.15572307e+00

success = 1
