# Result for min over (Cvac,alpha) at 
kT = 8.2000e-01
mu = 2.8711e+00
Ngrid = 121

Cvac_min = 2.38026346e-04
alpha_min = 8.76886842e+02
freeEnergy_min = -2.72069185e+00
density_min = 1.15576744e+00

success = 1
