# Result for min over (Cvac,alpha) at 
kT = 9.6000e-01
mu = 5.0312e+00
Ngrid = 122

Cvac_min = 2.51598793e-04
alpha_min = 5.63593684e+02
freeEnergy_min = -4.11880382e+00
density_min = 1.12756394e+00

success = 1
