# Result for min over (Cvac,alpha) at 
kT = 7.0000e-01
mu = 1.0843e+00
Ngrid = 121

Cvac_min = 2.59643703e-04
alpha_min = 1.01443473e+03
freeEnergy_min = -1.89868260e+00
density_min = 1.15574245e+00

success = 1
