# Result for min over (Cvac,alpha) at 
kT = 9.6000e-01
mu = 4.8312e+00
Ngrid = 122

Cvac_min = 3.08386614e-04
alpha_min = 5.63554536e+02
freeEnergy_min = -3.89329714e+00
density_min = 1.12749989e+00

success = 1
