# Result for min over (Cvac,alpha) at 
kT = 5.8500e-01
mu = -1.7745e+00
Ngrid = 121

Cvac_min = 3.43049865e-04
alpha_min = 1.19139649e+03
freeEnergy_min = -3.17118662e-01
density_min = 1.15564603e+00

success = 1
