# Result for min over (Cvac,alpha) at 
kT = 5.6000e-01
mu = -2.7367e+00
Ngrid = 122

Cvac_min = 2.28439137e-04
alpha_min = 9.17547432e+02
freeEnergy_min = 5.37105405e-01
density_min = 1.12759006e+00

success = 1
