# Result for min over (Cvac,alpha) at 
kT = 3.0000e-01
mu = -1.1400e+01
Ngrid = 122

Cvac_min = 4.77352687e-04
alpha_min = 1.28158806e+03
freeEnergy_min = 1.05673907e+00
density_min = 1.12730932e+00

success = 1
