# Result for min over (Cvac,alpha) at 
kT = 9.8000e-01
mu = 4.8705e+00
Ngrid = 122

Cvac_min = 3.69981801e-04
alpha_min = 5.52953574e+02
freeEnergy_min = -3.82842809e+00
density_min = 1.12743042e+00

success = 1
