# Result for min over (Cvac,alpha) at 
kT = 5.4000e-01
mu = -2.7604e+00
Ngrid = 120

Cvac_min = 1.95632628e-03
alpha_min = 1.32460085e+03
freeEnergy_min = 9.04197672e-02
density_min = 1.18286658e+00

success = 1
