# Result for min over (Cvac,alpha) at 
kT = 9.0000e-01
mu = 4.0564e+00
Ngrid = 122

Cvac_min = 3.21380987e-04
alpha_min = 5.97775865e+02
freeEnergy_min = -3.38078480e+00
density_min = 1.12748524e+00

success = 1
