# Result for min over (Cvac,alpha) at 
kT = 5.8000e-01
mu = -1.8971e+00
Ngrid = 122

Cvac_min = 2.08650764e-04
alpha_min = 8.89268087e+02
freeEnergy_min = -5.53546929e-02
density_min = 1.12761238e+00

success = 1
