# Result for min over (Cvac,alpha) at 
kT = 6.0000e-01
mu = -1.7741e+00
Ngrid = 121

Cvac_min = 3.19778529e-04
alpha_min = 1.16539866e+03
freeEnergy_min = -5.23663040e-02
density_min = 1.15567293e+00

success = 1
