# Result for min over (Cvac,alpha) at 
kT = 7.8000e-01
mu = 2.4019e+00
Ngrid = 121

Cvac_min = 2.16087651e-04
alpha_min = 9.18287459e+02
freeEnergy_min = -2.54600838e+00
density_min = 1.15579280e+00

success = 1
