# Result for min over (Cvac,alpha) at 
kT = 6.4000e-01
mu = -2.2615e-01
Ngrid = 122

Cvac_min = 2.04161133e-04
alpha_min = 8.14197130e+02
freeEnergy_min = -1.01942170e+00
density_min = 1.12761744e+00

success = 1
