# Result for min over (Cvac,alpha) at 
kT = 6.4000e-01
mu = -2.2615e-01
Ngrid = 121

Cvac_min = 2.92740829e-04
alpha_min = 1.10034627e+03
freeEnergy_min = -1.19917013e+00
density_min = 1.15570419e+00

success = 1
