# Result for min over (Cvac,alpha) at 
kT = 9.6000e-01
mu = 4.6312e+00
Ngrid = 122

Cvac_min = 3.78394010e-04
alpha_min = 5.63474230e+02
freeEnergy_min = -3.66780450e+00
density_min = 1.12742093e+00

success = 1
