# Result for min over (Cvac,alpha) at 
kT = 7.0000e-01
mu = 4.8431e-01
Ngrid = 121

Cvac_min = 2.60840368e-04
alpha_min = 1.01390419e+03
freeEnergy_min = -1.20523753e+00
density_min = 1.15574107e+00

success = 1
