# Result for min over (Cvac,alpha) at 
kT = 6.4000e-01
mu = -8.2615e-01
Ngrid = 121

Cvac_min = 2.91350649e-04
alpha_min = 1.09959111e+03
freeEnergy_min = -5.05748303e-01
density_min = 1.15570579e+00

success = 1
