# Result for min over (Cvac,alpha) at 
kT = 5.0000e-01
mu = -4.0639e+00
Ngrid = 122

Cvac_min = 2.48576914e-04
alpha_min = 1.01372523e+03
freeEnergy_min = 7.87078903e-01
density_min = 1.12756735e+00

success = 1
