# Result for min over (Cvac,alpha) at 
kT = 8.2000e-01
mu = 2.6711e+00
Ngrid = 122

Cvac_min = 4.03409237e-04
alpha_min = 6.50638241e+02
freeEnergy_min = -2.39426641e+00
density_min = 1.12739272e+00

success = 1
