# Result for min over (Cvac,alpha) at 
kT = 9.4000e-01
mu = 4.3827e+00
Ngrid = 122

Cvac_min = 3.81938707e-04
alpha_min = 5.74435252e+02
freeEnergy_min = -3.50219753e+00
density_min = 1.12741694e+00

success = 1
