# Result for min over (Cvac,alpha) at 
kT = 7.8000e-01
mu = 2.2019e+00
Ngrid = 122

Cvac_min = 3.31316899e-04
alpha_min = 6.80900321e+02
freeEnergy_min = -2.20277200e+00
density_min = 1.12747403e+00

success = 1
