# Result for min over (Cvac,alpha) at 
kT = 7.2000e-01
mu = 1.2874e+00
Ngrid = 121

Cvac_min = 2.53837852e-04
alpha_min = 9.88411588e+02
freeEnergy_min = -1.89450599e+00
density_min = 1.15574916e+00

success = 1
