# Result for min over (Cvac,alpha) at 
kT = 8.4000e-01
mu = 3.3854e+00
Ngrid = 121

Cvac_min = 2.07267509e-04
alpha_min = 8.57580968e+02
freeEnergy_min = -3.14583205e+00
density_min = 1.15580300e+00

success = 1
