# Result for min over (Cvac,alpha) at 
kT = 7.4000e-01
mu = 1.4744e+00
Ngrid = 122

Cvac_min = 3.26518548e-04
alpha_min = 7.14179531e+02
freeEnergy_min = -1.76078874e+00
density_min = 1.12747944e+00

success = 1
