# Result for min over (Cvac,alpha) at 
kT = 4.2000e-01
mu = -5.7505e+00
Ngrid = 122

Cvac_min = 3.58617052e-04
alpha_min = 1.17821296e+03
freeEnergy_min = 4.31620721e-01
density_min = 1.12744324e+00

success = 1
