# Result for min over (Cvac,alpha) at 
kT = 5.1500e-01
mu = -3.2266e+00
Ngrid = 122

Cvac_min = 2.37241080e-04
alpha_min = 9.88175528e+02
freeEnergy_min = 1.83741715e-01
density_min = 1.12758013e+00

success = 1
