# Result for min over (Cvac,alpha) at 
kT = 3.8000e-01
mu = -7.4662e+00
Ngrid = 122

Cvac_min = 4.63121304e-04
alpha_min = 1.28101133e+03
freeEnergy_min = 8.59233141e-01
density_min = 1.12732538e+00

success = 1
