# Result for fluid-solid coexistence at 
kT = 5.0000e-01

fluidType = fluid

muCoex = -3.60410637e+00
freeEnergyCoex = -3.06742610e-02
densitySolidCoex = 1.15661586e+00
NgridCoex = 1.20897631e+02
CvacCoex = 2.04424107e-03
alphaCoex = 1.33854471e+03
densityFluidCoex = 3.51181410e-02

success = 1
