# Result for fluid-solid coexistence at 
kT = 5.5500e-01

fluidType = fluid

muCoex = -2.39506994e+00
freeEnergyCoex = -1.79636896e-01
densitySolidCoex = 1.15758283e+00
NgridCoex = 1.20866670e+02
CvacCoex = 1.97753993e-03
alphaCoex = 1.27804074e+03
densityFluidCoex = 3.73614820e-01

success = 1
