# Result for fluid-solid coexistence at 
kT = 5.5500e-01

fluidType = fluid

muCoex = -2.42549843e+00
freeEnergyCoex = -1.68459193e-01
densitySolidCoex = 1.16762627e+00
NgridCoex = 1.20597164e+02
CvacCoex = 3.58213431e-05
alphaCoex = 1.44881429e+03
densityFluidCoex = 3.60864873e-01

success = 1
