# Result for fluid-solid coexistence at 
kT = 5.1000e-01

fluidType = fluid

muCoex = -3.44506827e+00
freeEnergyCoex = -3.67002998e-02
densitySolidCoex = 1.17049641e+00
NgridCoex = 1.20499163e+02
CvacCoex = 1.53509637e-05
alphaCoex = 1.57408568e+03
densityFluidCoex = 4.31486035e-02

success = 1
