# Result for fluid-solid coexistence at 
kT = 5.4500e-01

fluidType = fluid

muCoex = -2.63291141e+00
freeEnergyCoex = -1.12056040e-01
densitySolidCoex = 1.15736546e+00
NgridCoex = 1.20873456e+02
CvacCoex = 1.99680583e-03
alphaCoex = 1.29703298e+03
densityFluidCoex = 2.56619928e-01

success = 1
