# Result for fluid-solid coexistence at 
kT = 5.2000e-01

fluidType = fluid

muCoex = -3.20059978e+00
freeEnergyCoex = -4.90074514e-02
densitySolidCoex = 1.16987902e+00
NgridCoex = 1.20520466e+02
CvacCoex = 1.71417588e-05
alphaCoex = 1.58336492e+03
densityFluidCoex = 6.14292468e-02

success = 1
