# Result for fluid-solid coexistence at 
kT = 5.4000e-01

fluidType = fluid

muCoex = -2.77201713e+00
freeEnergyCoex = -8.69788084e-02
densitySolidCoex = 1.16850852e+00
NgridCoex = 1.20567156e+02
CvacCoex = 2.71863802e-05
alphaCoex = 1.50264892e+03
densityFluidCoex = 1.45881481e-01

success = 1
