# Result for fluid-solid coexistence at 
kT = 6.0000e-01

fluidType = fluid

muCoex = -1.31857811e+00
freeEnergyCoex = -5.96030238e-01
densitySolidCoex = 1.16558347e+00
NgridCoex = 1.20666529e+02
CvacCoex = 6.15583964e-05
alphaCoex = 1.31400036e+03
densityFluidCoex = 5.23748759e-01

success = 1
