# Result for fluid-solid coexistence at 
kT = 5.9500e-01

fluidType = fluid

muCoex = -1.43952491e+00
freeEnergyCoex = -5.43924623e-01
densitySolidCoex = 1.16578807e+00
NgridCoex = 1.20659584e+02
CvacCoex = 5.87457178e-05
alphaCoex = 1.32758144e+03
densityFluidCoex = 5.13082879e-01

success = 1
