# Result for fluid computation at 
kT = 5.7000e-01
mu = -2.1789e+00

freeEnergyVapour = -2.43667945e-01
freeEnergyLiquid = -2.43667945e-01
densityVapour    = 4.10274889e-01
densityLiquid    = 4.10274889e-01
supercritical = 1

success = 1
