# Result for solid computation at 
kT = 5.5000e-01
mu = -2.6625e+00

Ngrid_min = 1.20600593e+02
Cvac_min = 3.73716230e-05
alpha_min = 1.45951703e+03
freeEnergy_min = 2.71233559e-03
density_min = 1.16752482e+00

success = 1
