# Result for fluid computation at 
kT = 5.9000e-01
mu = -1.6839e+00

freeEnergyVapour = -4.32142968e-01
freeEnergyLiquid = -4.32142968e-01
densityVapour    = 4.82559438e-01
densityLiquid    = 4.82559438e-01
supercritical = 1

success = 1
