# Result for solid computation at 
kT = 5.9000e-01
mu = -1.6656e+00

Ngrid_min = 1.20856695e+02
Cvac_min = 2.25358427e-04
alpha_min = 1.22106017e+03
freeEnergy_min = -3.60237887e-01
density_min = 1.15989524e+00

success = 1
