# Result for fluid computation at 
kT = 5.5000e-01
mu = -2.5125e+00

freeEnergyVapour = -1.43821546e-01
freeEnergyLiquid = -1.43821546e-01
densityVapour    = 3.33401761e-01
densityLiquid    = 3.33401761e-01
supercritical = 1

success = 1
