# Result for solid computation at 
kT = 5.8000e-01
mu = -1.9036e+00

Ngrid_min = 1.20862697e+02
Cvac_min = 2.11738466e-04
alpha_min = 1.23762371e+03
freeEnergy_min = -2.67126454e-01
density_min = 1.15973837e+00

success = 1
