# Result for solid computation at 
kT = 6.0000e-01
mu = -1.3234e+00

Ngrid_min = 1.20841563e+02
Cvac_min = 2.42743038e-04
alpha_min = 1.20705119e+03
freeEnergy_min = -5.80791747e-01
density_min = 1.16031055e+00

success = 1
