# Result for solid computation at 
kT = 5.6000e-01
mu = -2.2755e+00

Ngrid_min = 1.20602879e+02
Cvac_min = 3.74502150e-05
alpha_min = 1.43371730e+03
freeEnergy_min = -2.40054739e-01
density_min = 1.16745834e+00

success = 1
