# Result for fluid computation at 
kT = 5.5500e-01
mu = -2.3963e+00

freeEnergyVapour = -1.79124740e-01
freeEnergyLiquid = -1.79124740e-01
densityVapour    = 3.73256445e-01
densityLiquid    = 3.73256445e-01
supercritical = 1

success = 1
