# Result for solid computation at 
kT = 5.7500e-01
mu = -1.8767e+00

Ngrid_min = 1.20849713e+02
Cvac_min = 1.93691299e-03
alpha_min = 1.24325311e+03
freeEnergy_min = -3.87394848e-01
density_min = 1.15811755e+00

success = 1
