# Result for fluid computation at 
kT = 5.6000e-01
mu = -2.4255e+00

freeEnergyVapour = -1.62644413e-01
freeEnergyLiquid = -1.62644413e-01
densityVapour    = 3.46238428e-01
densityLiquid    = 3.46238428e-01
supercritical = 1

success = 1
