# Result for solid computation at 
kT = 5.3500e-01
mu = -2.9354e+00

Ngrid_min = 1.20561745e+02
Cvac_min = 2.59174711e-05
alpha_min = 1.51882512e+03
freeEnergy_min = -8.20145161e-03
density_min = 1.16866737e+00

success = 1
