# Result for solid computation at 
kT = 5.4000e-01
mu = -2.6992e+00

Ngrid_min = 1.20873167e+02
Cvac_min = 2.00991833e-03
alpha_min = 1.30534154e+03
freeEnergy_min = -1.42246230e-01
density_min = 1.15735863e+00

success = 1
