# Result for solid computation at 
kT = 5.5000e-01
mu = -2.5829e+00

Ngrid_min = 1.20875132e+02
Cvac_min = 1.98332550e-03
alpha_min = 1.28682697e+03
freeEnergy_min = -6.50705930e-02
density_min = 1.15733283e+00

success = 1
