# Result for fluid computation at 
kT = 5.5500e-01
mu = -2.4963e+00

freeEnergyVapour = -1.44056317e-01
freeEnergyLiquid = -1.44056317e-01
densityVapour    = 3.24832618e-01
densityLiquid    = 3.24832618e-01
supercritical = 1

success = 1
