# Result for solid computation at 
kT = 5.9500e-01
mu = -1.5613e+00

Ngrid_min = 1.20673972e+02
Cvac_min = 6.68516142e-05
alpha_min = 1.32100332e+03
freeEnergy_min = -4.01973041e-01
density_min = 1.16536160e+00

success = 1
