# Result for solid computation at 
kT = 5.0500e-01
mu = -3.6041e+00

Ngrid_min = 1.20901304e+02
Cvac_min = 2.04100579e-03
alpha_min = 1.33850056e+03
freeEnergy_min = 9.43687051e-02
density_min = 1.15651407e+00

success = 1
