# Result for fluid computation at 
kT = 5.2000e-01
mu = -3.3100e+00

freeEnergyVapour = -4.28359517e-02
freeEnergyLiquid = -4.28359517e-02
densityVapour    = 5.17318943e-02
densityLiquid    = 5.17318943e-02
supercritical = 1

success = 1
