# Result for fluid computation at 
kT = 5.2500e-01
mu = -3.0506e+00

freeEnergyVapour = -5.91875956e-02
freeEnergyLiquid = -5.91875956e-02
densityVapour    = 7.90141585e-02
densityLiquid    = 7.90141585e-02
supercritical = 1

success = 1
