# Result for solid computation at 
kT = 5.0000e-01
mu = -3.6500e+00

Ngrid_min = 1.20483590e+02
Cvac_min = 1.15477105e-05
alpha_min = 1.61693763e+03
freeEnergy_min = -5.22374460e-02
density_min = 1.17095529e+00

success = 1
