# Result for solid computation at 
kT = 5.0000e-01
mu = -3.6000e+00

Ngrid_min = 1.20480667e+02
Cvac_min = 1.09766597e-05
alpha_min = 1.61871830e+03
freeEnergy_min = -1.10787358e-01
density_min = 1.17104122e+00

success = 1
