# Result for solid computation at 
kT = 5.6000e-01
mu = -2.4255e+00

Ngrid_min = 1.20619488e+02
Cvac_min = 4.38856426e-05
alpha_min = 1.42539746e+03
freeEnergy_min = -6.49727246e-02
density_min = 1.16696854e+00

success = 1
