# Result for fluid computation at 
kT = 5.8500e-01
mu = -1.7070e+00

freeEnergyVapour = -4.30514807e-01
freeEnergyLiquid = -4.30514807e-01
densityVapour    = 4.85101060e-01
densityLiquid    = 4.85101060e-01
supercritical = 1

success = 1
