# Result for solid computation at 
kT = 5.4500e-01
mu = -2.5931e+00

Ngrid_min = 1.20870598e+02
Cvac_min = 1.99905650e-03
alpha_min = 1.29747615e+03
freeEnergy_min = -1.58129806e-01
density_min = 1.15744504e+00

success = 1
