# Result for solid computation at 
kT = 5.2000e-01
mu = -3.1237e+00

Ngrid_min = 1.20883893e+02
Cvac_min = 2.05364745e-03
alpha_min = 1.34200691e+03
freeEnergy_min = -1.00482127e-01
density_min = 1.15699976e+00

success = 1
