# Result for solid computation at 
kT = 5.2000e-01
mu = -3.2737e+00

Ngrid_min = 1.20893333e+02
Cvac_min = 2.04624296e-03
alpha_min = 1.34075251e+03
freeEnergy_min = 7.30481199e-02
density_min = 1.15673700e+00

success = 1
