# Result for solid computation at 
kT = 5.4500e-01
mu = -2.6431e+00

Ngrid_min = 1.20874187e+02
Cvac_min = 1.99623130e-03
alpha_min = 1.29691939e+03
freeEnergy_min = -1.00260053e-01
density_min = 1.15734509e+00

success = 1
