# Result for solid computation at 
kT = 5.2500e-01
mu = -3.2006e+00

Ngrid_min = 1.20543548e+02
Cvac_min = 2.16898941e-05
alpha_min = 1.55623647e+03
freeEnergy_min = 7.03846169e-02
density_min = 1.16920171e+00

success = 1
