# Result for fluid computation at 
kT = 5.1500e-01
mu = -3.3451e+00

freeEnergyVapour = -4.12001960e-02
freeEnergyLiquid = -4.12001960e-02
densityVapour    = 4.94948489e-02
densityLiquid    = 4.94948489e-02
supercritical = 1

success = 1
