# Result for fluid computation at 
kT = 5.8500e-01
mu = -1.7570e+00

freeEnergyVapour = -4.06466893e-01
freeEnergyLiquid = -4.06466893e-01
densityVapour    = 4.76746234e-01
densityLiquid    = 4.76746234e-01
supercritical = 1

success = 1
