# Result for fluid computation at 
kT = 5.1500e-01
mu = -3.3951e+00

freeEnergyVapour = -3.88142060e-02
freeEnergyLiquid = -3.88142060e-02
densityVapour    = 4.60054343e-02
densityLiquid    = 4.60054343e-02
supercritical = 1

success = 1
