# Result for solid computation at 
kT = 5.7000e-01
mu = -1.9998e+00

Ngrid_min = 1.20853465e+02
Cvac_min = 1.94394794e-03
alpha_min = 1.24957835e+03
freeEnergy_min = -3.40146639e-01
density_min = 1.15800148e+00

success = 1
