# Result for solid computation at 
kT = 5.5500e-01
mu = -2.4963e+00

Ngrid_min = 1.20604933e+02
Cvac_min = 3.84556128e-05
alpha_min = 1.44487504e+03
freeEnergy_min = -8.57669289e-02
density_min = 1.16739752e+00

success = 1
