# Result for solid computation at 
kT = 5.6000e-01
mu = -2.3451e+00

Ngrid_min = 1.20868635e+02
Cvac_min = 1.95869402e-03
alpha_min = 1.26598339e+03
freeEnergy_min = -1.36618078e-01
density_min = 1.15754809e+00

success = 1
