# Result for solid computation at 
kT = 5.4500e-01
mu = -2.7431e+00

Ngrid_min = 1.20881359e+02
Cvac_min = 1.99055176e-03
alpha_min = 1.29579639e+03
freeEnergy_min = 1.54644717e-02
density_min = 1.15714547e+00

success = 1
