# Result for solid computation at 
kT = 5.6500e-01
mu = -2.1728e+00

Ngrid_min = 1.20861174e+02
Cvac_min = 1.95568117e-03
alpha_min = 1.26054932e+03
freeEnergy_min = -2.37029716e-01
density_min = 1.15776614e+00

success = 1
