# Result for solid computation at 
kT = 6.0000e-01
mu = -1.3395e+00

Ngrid_min = 1.20669027e+02
Cvac_min = 6.30175267e-05
alpha_min = 1.31286113e+03
freeEnergy_min = -5.71615370e-01
density_min = 1.16550937e+00

success = 1
