# Result for solid computation at 
kT = 6.0000e-01
mu = -1.4395e+00

Ngrid_min = 1.20680947e+02
Cvac_min = 7.02474369e-05
alpha_min = 1.30746111e+03
freeEnergy_min = -4.55082133e-01
density_min = 1.16515556e+00

success = 1
