# Result for solid computation at 
kT = 5.2500e-01
mu = -3.1163e+00

Ngrid_min = 1.20887544e+02
Cvac_min = 2.04282896e-03
alpha_min = 1.33617214e+03
freeEnergy_min = 6.72080488e-03
density_min = 1.15690731e+00

success = 1
