# Result for fluid computation at 
kT = 5.1500e-01
mu = -3.4451e+00

freeEnergyVapour = -3.65940454e-02
freeEnergyLiquid = -3.65940454e-02
densityVapour    = 4.28528566e-02
densityLiquid    = 4.28528566e-02
supercritical = 1

success = 1
