# Result for fluid computation at 
kT = 5.3000e-01
mu = -2.9425e+00

freeEnergyVapour = -6.82441401e-02
freeEnergyLiquid = -6.82441401e-02
densityVapour    = 9.70351567e-02
densityLiquid    = 9.70351567e-02
supercritical = 1

success = 1
