# Result for solid computation at 
kT = 5.6000e-01
mu = -2.2451e+00

Ngrid_min = 1.20860892e+02
Cvac_min = 1.96481281e-03
alpha_min = 1.26730259e+03
freeEnergy_min = -2.52383665e-01
density_min = 1.15776372e+00

success = 1
