# Result for fluid computation at 
kT = 5.0000e-01
mu = -3.6500e+00

freeEnergyVapour = -2.91104963e-02
freeEnergyLiquid = -2.91104963e-02
densityVapour    = 3.30550465e-02
densityLiquid    = 3.30550465e-02
supercritical = 1

success = 1
