# Result for solid computation at 
kT = 5.5000e-01
mu = -2.5329e+00

Ngrid_min = 1.20871452e+02
Cvac_min = 1.98625312e-03
alpha_min = 1.28741989e+03
freeEnergy_min = -1.22939795e-01
density_min = 1.15743525e+00

success = 1
