# Result for solid computation at 
kT = 5.6500e-01
mu = -2.2728e+00

Ngrid_min = 1.20869109e+02
Cvac_min = 1.94731353e-03
alpha_min = 1.25769017e+03
freeEnergy_min = -1.21265807e-01
density_min = 1.15754761e+00

success = 1
