# Result for solid computation at 
kT = 5.0000e-01
mu = -3.5500e+00

Ngrid_min = 1.20477742e+02
Cvac_min = 1.04332880e-05
alpha_min = 1.62048607e+03
freeEnergy_min = -1.69341568e-01
density_min = 1.17112714e+00

success = 1
