# Result for fluid computation at 
kT = 5.8000e-01
mu = -1.8808e+00

freeEnergyVapour = -3.57620585e-01
freeEnergyLiquid = -3.57620585e-01
densityVapour    = 4.61331841e-01
densityLiquid    = 4.61331841e-01
supercritical = 1

success = 1
