# Result for solid computation at 
kT = 5.5000e-01
mu = -2.6125e+00

Ngrid_min = 1.20595163e+02
Cvac_min = 3.54899585e-05
alpha_min = 1.46229576e+03
freeEnergy_min = -5.56679080e-02
density_min = 1.16768477e+00

success = 1
