# Result for solid computation at 
kT = 5.6500e-01
mu = -2.2526e+00

Ngrid_min = 1.20622504e+02
Cvac_min = 4.48167603e-05
alpha_min = 1.41199576e+03
freeEnergy_min = -1.65232826e-01
density_min = 1.16687993e+00

success = 1
