# Result for fluid computation at 
kT = 6.0000e-01
mu = -1.4395e+00

freeEnergyVapour = -5.33625752e-01
freeEnergyLiquid = -5.33625752e-01
densityVapour    = 5.07705450e-01
densityLiquid    = 5.07705450e-01
supercritical = 1

success = 1
