# Result for solid computation at 
kT = 5.2000e-01
mu = -3.2237e+00

Ngrid_min = 1.20890189e+02
Cvac_min = 2.04872263e-03
alpha_min = 1.34117428e+03
freeEnergy_min = 1.52090825e-02
density_min = 1.15682451e+00

success = 1
