# Result for solid computation at 
kT = 5.0500e-01
mu = -3.6541e+00

Ngrid_min = 1.20904212e+02
Cvac_min = 2.03866363e-03
alpha_min = 1.33813009e+03
freeEnergy_min = 1.52192388e-01
density_min = 1.15643324e+00

success = 1
