# Result for fluid computation at 
kT = 5.9500e-01
mu = -1.5613e+00

freeEnergyVapour = -4.82462019e-01
freeEnergyLiquid = -4.82462019e-01
densityVapour    = 4.95718590e-01
densityLiquid    = 4.95718590e-01
supercritical = 1

success = 1
