# Result for fluid computation at 
kT = 5.0500e-01
mu = -3.7203e+00

freeEnergyVapour = -2.68367268e-02
freeEnergyLiquid = -2.68367268e-02
densityVapour    = 3.00544474e-02
densityLiquid    = 3.00544474e-02
supercritical = 1

success = 1
