# Result for solid computation at 
kT = 5.6500e-01
mu = -2.2228e+00

Ngrid_min = 1.20865144e+02
Cvac_min = 1.95048179e-03
alpha_min = 1.25838583e+03
freeEnergy_min = -1.79145946e-01
density_min = 1.15765798e+00

success = 1
