# Result for solid computation at 
kT = 5.7500e-01
mu = -1.9767e+00

Ngrid_min = 1.20858048e+02
Cvac_min = 1.93039367e-03
alpha_min = 1.24172423e+03
freeEnergy_min = -2.71594710e-01
density_min = 1.15788526e+00

success = 1
