# Result for solid computation at 
kT = 5.8000e-01
mu = -1.8036e+00

Ngrid_min = 1.20854579e+02
Cvac_min = 2.15625048e-04
alpha_min = 1.23918353e+03
freeEnergy_min = -3.83111747e-01
density_min = 1.15996742e+00

success = 1
