# Result for fluid computation at 
kT = 5.0000e-01
mu = -3.6000e+00

freeEnergyVapour = -3.08188354e-02
freeEnergyLiquid = -3.08188354e-02
densityVapour    = 3.53109003e-02
densityLiquid    = 3.53109003e-02
supercritical = 1

success = 1
