# Result for solid computation at 
kT = 5.9000e-01
mu = -1.5339e+00

Ngrid_min = 1.20649274e+02
Cvac_min = 5.43241266e-05
alpha_min = 1.34295795e+03
freeEnergy_min = -5.24492925e-01
density_min = 1.16609217e+00

success = 1
