# Result for solid computation at 
kT = 6.0000e-01
mu = -1.4234e+00

Ngrid_min = 1.20850463e+02
Cvac_min = 2.38769058e-04
alpha_min = 1.20523160e+03
freeEnergy_min = -4.64773272e-01
density_min = 1.16005899e+00

success = 1
