# Result for solid computation at 
kT = 5.3000e-01
mu = -2.9925e+00

Ngrid_min = 1.20544889e+02
Cvac_min = 2.19594401e-05
alpha_min = 1.54157708e+03
freeEnergy_min = -5.59976078e-02
density_min = 1.16916237e+00

success = 1
