# Result for solid computation at 
kT = 6.0000e-01
mu = -1.2734e+00

Ngrid_min = 1.20837117e+02
Cvac_min = 2.45130964e-04
alpha_min = 1.20797547e+03
freeEnergy_min = -6.38810408e-01
density_min = 1.16043577e+00

success = 1
