# Result for fluid computation at 
kT = 5.5000e-01
mu = -2.5625e+00

freeEnergyVapour = -1.27957184e-01
freeEnergyLiquid = -1.27957184e-01
densityVapour    = 2.99481756e-01
densityLiquid    = 2.99481756e-01
supercritical = 1

success = 1
