# Result for solid computation at 
kT = 5.3000e-01
mu = -2.9600e+00

Ngrid_min = 1.20881679e+02
Cvac_min = 2.03265564e-03
alpha_min = 1.32647459e+03
freeEnergy_min = -6.07180546e-02
density_min = 1.15708765e+00

success = 1
