# Result for solid computation at 
kT = 5.2000e-01
mu = -3.2600e+00

Ngrid_min = 1.20526552e+02
Cvac_min = 1.83057409e-05
alpha_min = 1.57993991e+03
freeEnergy_min = 2.04724845e-02
density_min = 1.16970041e+00

success = 1
