# Result for fluid computation at 
kT = 5.2000e-01
mu = -3.1600e+00

freeEnergyVapour = -5.15817402e-02
freeEnergyLiquid = -5.15817402e-02
densityVapour    = 6.57384289e-02
densityLiquid    = 6.57384289e-02
supercritical = 1

success = 1
