# Result for solid computation at 
kT = 5.2500e-01
mu = -3.1663e+00

Ngrid_min = 1.20890774e+02
Cvac_min = 2.04026853e-03
alpha_min = 1.33572737e+03
freeEnergy_min = 6.45639234e-02
density_min = 1.15681745e+00

success = 1
