# Result for solid computation at 
kT = 5.3000e-01
mu = -3.0425e+00

Ngrid_min = 1.20550115e+02
Cvac_min = 2.31137003e-05
alpha_min = 1.53873090e+03
freeEnergy_min = 2.45667402e-03
density_min = 1.16900895e+00

success = 1
