# Result for solid computation at 
kT = 5.4500e-01
mu = -2.7220e+00

Ngrid_min = 1.20584441e+02
Cvac_min = 3.21924978e-05
alpha_min = 1.48054478e+03
freeEnergy_min = -3.54761352e-02
density_min = 1.16800019e+00

success = 1
