# Result for solid computation at 
kT = 5.8000e-01
mu = -1.8536e+00

Ngrid_min = 1.20858637e+02
Cvac_min = 2.13578492e-04
alpha_min = 1.23839825e+03
freeEnergy_min = -3.25116238e-01
density_min = 1.15985304e+00

success = 1
