# Result for solid computation at 
kT = 5.2000e-01
mu = -3.1737e+00

Ngrid_min = 1.20887042e+02
Cvac_min = 2.05119986e-03
alpha_min = 1.34159124e+03
freeEnergy_min = -4.26343318e-02
density_min = 1.15691208e+00

success = 1
