# Result for fluid computation at 
kT = 5.4500e-01
mu = -2.6720e+00

freeEnergyVapour = -1.02865853e-01
freeEnergyLiquid = -1.02865853e-01
densityVapour    = 2.10687875e-01
densityLiquid    = 2.10687875e-01
supercritical = 1

success = 1
