# Result for fluid computation at 
kT = 5.0000e-01
mu = -3.7000e+00

freeEnergyVapour = -2.75102840e-02
freeEnergyLiquid = -2.75102840e-02
densityVapour    = 3.09821286e-02
densityLiquid    = 3.09821286e-02
supercritical = 1

success = 1
