# Result for min over (Cvac,alpha) at 
kT = 5.5500e-01
mu = -2.4463e+00
Ngrid = 122

Cvac_min = 1.08355685e-04
alpha_min = 9.26571200e+02
freeEnergy_min = 1.15757415e-01
density_min = 1.12772550e+00

success = 1
