# Result for min over (Cvac,alpha) at 
kT = 5.2500e-01
mu = -3.1006e+00
Ngrid = 121

Cvac_min = 2.73303350e-05
alpha_min = 1.32607792e+03
freeEnergy_min = -1.58979923e-02
density_min = 1.15601101e+00

success = 1
