# Result for min over (Cvac,alpha) at 
kT = 5.2000e-01
mu = -3.1237e+00
Ngrid = 120

Cvac_min = 1.95632628e-03
alpha_min = 1.32460085e+03
freeEnergy_min = 7.25155010e-02
density_min = 1.18286658e+00

success = 1
