# Result for min over (Cvac,alpha) at 
kT = 5.4500e-01
mu = -2.6720e+00
Ngrid = 122

Cvac_min = 9.36911566e-05
alpha_min = 9.41926822e+02
freeEnergy_min = 1.78951479e-01
density_min = 1.12774204e+00

success = 1
