# Result for min over (Cvac,alpha) at 
kT = 5.5500e-01
mu = -2.3963e+00
Ngrid = 120

Cvac_min = 3.20409849e-05
alpha_min = 1.78662690e+03
freeEnergy_min = -1.55786933e-01
density_min = 1.18514721e+00

success = 1
