# Result for min over (Cvac,alpha) at 
kT = 5.9000e-01
mu = -1.5339e+00
Ngrid = 122

Cvac_min = 1.42614021e-04
alpha_min = 8.76822745e+02
freeEnergy_min = -2.98401730e-01
density_min = 1.12768686e+00

success = 1
