# Result for min over (Cvac,alpha) at 
kT = 5.6000e-01
mu = -2.2755e+00
Ngrid = 121

Cvac_min = 4.86815322e-05
alpha_min = 1.24953107e+03
freeEnergy_min = -2.19365448e-01
density_min = 1.15598633e+00

success = 1
