# Result for min over (Cvac,alpha) at 
kT = 5.3000e-01
mu = -3.0925e+00
Ngrid = 121

Cvac_min = 3.36864854e-05
alpha_min = 1.31454138e+03
freeEnergy_min = 8.84446391e-02
density_min = 1.15600367e+00

success = 1
