# Result for min over (Cvac,alpha) at 
kT = 5.3500e-01
mu = -2.8544e+00
Ngrid = 122

Cvac_min = 7.67050724e-05
alpha_min = 9.57773525e+02
freeEnergy_min = 1.85662999e-01
density_min = 1.12776119e+00

success = 1
