# Result for min over (Cvac,alpha) at 
kT = 5.9500e-01
mu = -1.5113e+00
Ngrid = 120

Cvac_min = 5.67327432e-05
alpha_min = 1.66818998e+03
freeEnergy_min = -4.05427335e-01
density_min = 1.18511795e+00

success = 1
