# Result for min over (Cvac,alpha) at 
kT = 5.3500e-01
mu = -2.8354e+00
Ngrid = 120

Cvac_min = 2.20545535e-05
alpha_min = 1.85240026e+03
freeEnergy_min = -8.32109616e-02
density_min = 1.18515905e+00

success = 1
