# Result for min over (Cvac,alpha) at 
kT = 5.4000e-01
mu = -2.7289e+00
Ngrid = 121

Cvac_min = 3.50722153e-05
alpha_min = 1.29209510e+03
freeEnergy_min = -1.11266498e-01
density_min = 1.15600206e+00

success = 1
