# Result for min over (Cvac,alpha) at 
kT = 5.0500e-01
mu = -3.5703e+00
Ngrid = 121

Cvac_min = 1.78910572e-05
alpha_min = 1.37433633e+03
freeEnergy_min = 4.82478672e-02
density_min = 1.15602193e+00

success = 1
