# Result for min over (Cvac,alpha) at 
kT = 5.7500e-01
mu = -1.9267e+00
Ngrid = 122

Cvac_min = 1.29229178e-04
alpha_min = 8.97447914e+02
freeEnergy_min = -1.09064526e-01
density_min = 1.12770195e+00

success = 1
