# Result for min over (Cvac,alpha) at 
kT = 5.4000e-01
mu = -2.8289e+00
Ngrid = 120

Cvac_min = 2.70322889e-05
alpha_min = 1.83549334e+03
freeEnergy_min = 2.43215543e-02
density_min = 1.18515315e+00

success = 1
