# Result for min over (Cvac,alpha) at 
kT = 5.1500e-01
mu = -3.4451e+00
Ngrid = 122

Cvac_min = 6.14461947e-05
alpha_min = 9.91269763e+02
freeEnergy_min = 4.28797291e-01
density_min = 1.12777840e+00

success = 1
