# Result for min over (Cvac,alpha) at 
kT = 5.9500e-01
mu = -1.5113e+00
Ngrid = 122

Cvac_min = 1.64282694e-04
alpha_min = 8.70128016e+02
freeEnergy_min = -2.42348640e-01
density_min = 1.12766242e+00

success = 1
