# Result for min over (Cvac,alpha) at 
kT = 5.5500e-01
mu = -2.5463e+00
Ngrid = 122

Cvac_min = 1.20055715e-04
alpha_min = 9.26561936e+02
freeEnergy_min = 2.28529294e-01
density_min = 1.12771230e+00

success = 1
