# Result for min over (Cvac,alpha) at 
kT = 5.5000e-01
mu = -2.4829e+00
Ngrid = 121

Cvac_min = 1.88093313e-03
alpha_min = 1.26455920e+03
freeEnergy_min = -1.77498397e-01
density_min = 1.15386817e+00

success = 1
