# Result for min over (Cvac,alpha) at 
kT = 5.0500e-01
mu = -3.7203e+00
Ngrid = 119

Cvac_min = 1.88205000e-05
alpha_min = 3.14749805e+03
freeEnergy_min = 7.16802117e-01
density_min = 1.21529271e+00

success = 1
