# Result for min over (Cvac,alpha) at 
kT = 5.2000e-01
mu = -3.2600e+00
Ngrid = 122

Cvac_min = 6.29833298e-05
alpha_min = 9.82654522e+02
freeEnergy_min = 3.29081655e-01
density_min = 1.12777667e+00

success = 1
