# Result for min over (Cvac,alpha) at 
kT = 5.0000e-01
mu = -3.7000e+00
Ngrid = 120

Cvac_min = 1.06907138e-05
alpha_min = 1.98016125e+03
freeEnergy_min = 6.53403317e-02
density_min = 1.18517251e+00

success = 1
