# Result for min over (Cvac,alpha) at 
kT = 5.0500e-01
mu = -3.5041e+00
Ngrid = 122

Cvac_min = 4.20568762e-05
alpha_min = 1.00896447e+03
freeEnergy_min = 2.70434081e-01
density_min = 1.12780027e+00

success = 1
