# Result for min over (Cvac,alpha) at 
kT = 5.1000e-01
mu = -3.5058e+00
Ngrid = 122

Cvac_min = 5.25969959e-05
alpha_min = 1.00002878e+03
freeEnergy_min = 3.85982284e-01
density_min = 1.12778838e+00

success = 1
