# Result for min over (Cvac,alpha) at 
kT = 5.5500e-01
mu = -2.5158e+00
Ngrid = 121

Cvac_min = 1.86611567e-03
alpha_min = 1.25182035e+03
freeEnergy_min = -3.70933235e-02
density_min = 1.15388530e+00

success = 1
