# Result for min over (Cvac,alpha) at 
kT = 5.9500e-01
mu = -1.5613e+00
Ngrid = 120

Cvac_min = 5.97304835e-05
alpha_min = 1.66821336e+03
freeEnergy_min = -3.46171529e-01
density_min = 1.18511439e+00

success = 1
