# Result for min over (Cvac,alpha) at 
kT = 5.2000e-01
mu = -3.3100e+00
Ngrid = 120

Cvac_min = 1.84770388e-05
alpha_min = 1.90505727e+03
freeEnergy_min = 1.19142094e-01
density_min = 1.18516329e+00

success = 1
