# Result for min over (Cvac,alpha) at 
kT = 5.3500e-01
mu = -2.9544e+00
Ngrid = 122

Cvac_min = 8.49086311e-05
alpha_min = 9.57769709e+02
freeEnergy_min = 2.98438657e-01
density_min = 1.12775194e+00

success = 1
