# Result for min over (Cvac,alpha) at 
kT = 6.0000e-01
mu = -1.4395e+00
Ngrid = 122

Cvac_min = 1.78276337e-04
alpha_min = 8.63569422e+02
freeEnergy_min = -2.43294860e-01
density_min = 1.12764664e+00

success = 1
