# Result for min over (Cvac,alpha) at 
kT = 5.8500e-01
mu = -1.7070e+00
Ngrid = 121

Cvac_min = 6.74649366e-05
alpha_min = 1.20021032e+03
freeEnergy_min = -3.99273621e-01
density_min = 1.15596462e+00

success = 1
