# Result for min over (Cvac,alpha) at 
kT = 5.3500e-01
mu = -2.8044e+00
Ngrid = 121

Cvac_min = 1.92117643e-03
alpha_min = 1.29692877e+03
freeEnergy_min = -1.26313173e-01
density_min = 1.15382165e+00

success = 1
