# Result for min over (Cvac,alpha) at 
kT = 5.5000e-01
mu = -2.5829e+00
Ngrid = 122

Cvac_min = 1.03823977e-04
alpha_min = 9.34183303e+02
freeEnergy_min = 1.75060930e-01
density_min = 1.12773061e+00

success = 1
