# Result for min over (Cvac,alpha) at 
kT = 6.0000e-01
mu = -1.2895e+00
Ngrid = 120

Cvac_min = 5.36859614e-05
alpha_min = 1.65449934e+03
freeEnergy_min = -5.76407682e-01
density_min = 1.18512156e+00

success = 1
