# Result for min over (Cvac,alpha) at 
kT = 5.2000e-01
mu = -3.2100e+00
Ngrid = 119

Cvac_min = 2.23806425e-05
alpha_min = 3.04049578e+03
freeEnergy_min = 4.84205643e-01
density_min = 1.21528839e+00

success = 1
