# Result for min over (Cvac,alpha) at 
kT = 5.8000e-01
mu = -1.9036e+00
Ngrid = 122

Cvac_min = 1.49793574e-04
alpha_min = 8.90454295e+02
freeEnergy_min = -4.89296419e-02
density_min = 1.12767876e+00

success = 1
