# Result for min over (Cvac,alpha) at 
kT = 5.1000e-01
mu = -3.5058e+00
Ngrid = 121

Cvac_min = 2.11175469e-05
alpha_min = 1.36194322e+03
freeEnergy_min = 9.71247593e-02
density_min = 1.15601820e+00

success = 1
