# Result for min over (Cvac,alpha) at 
kT = 5.3000e-01
mu = -2.9100e+00
Ngrid = 121

Cvac_min = 1.93394036e-03
alpha_min = 1.30752678e+03
freeEnergy_min = -1.15465993e-01
density_min = 1.15380689e+00

success = 1
