# Result for min over (Cvac,alpha) at 
kT = 5.6000e-01
mu = -2.3951e+00
Ngrid = 122

Cvac_min = 1.23810725e-04
alpha_min = 9.19112952e+02
freeEnergy_min = 1.50863766e-01
density_min = 1.12770807e+00

success = 1
