# Result for min over (Cvac,alpha) at 
kT = 5.0500e-01
mu = -3.6703e+00
Ngrid = 119

Cvac_min = 1.79094783e-05
alpha_min = 3.14750564e+03
freeEnergy_min = 6.56037454e-01
density_min = 1.21529382e+00

success = 1
