# Result for min over (Cvac,alpha) at 
kT = 5.5000e-01
mu = -2.6625e+00
Ngrid = 120

Cvac_min = 3.44898598e-05
alpha_min = 1.80261469e+03
freeEnergy_min = 5.09924983e-02
density_min = 1.18514431e+00

success = 1
