# Result for min over (Cvac,alpha) at 
kT = 5.2500e-01
mu = -3.0163e+00
Ngrid = 121

Cvac_min = 1.94843908e-03
alpha_min = 1.31861030e+03
freeEnergy_min = -1.05928812e-01
density_min = 1.15379013e+00

success = 1
