# Result for min over (Cvac,alpha) at 
kT = 5.8500e-01
mu = -1.7380e+00
Ngrid = 121

Cvac_min = 6.99427160e-05
alpha_min = 1.20020631e+03
freeEnergy_min = -3.63468578e-01
density_min = 1.15596175e+00

success = 1
