# Result for min over (Cvac,alpha) at 
kT = 5.8000e-01
mu = -1.7536e+00
Ngrid = 121

Cvac_min = 5.94370539e-05
alpha_min = 1.20975375e+03
freeEnergy_min = -4.37341496e-01
density_min = 1.15597390e+00

success = 1
