# Result for min over (Cvac,alpha) at 
kT = 5.5000e-01
mu = -2.4829e+00
Ngrid = 120

Cvac_min = 1.95632628e-03
alpha_min = 1.32460085e+03
freeEnergy_min = -3.80144229e-02
density_min = 1.18286658e+00

success = 1
