# Result for min over (Cvac,alpha) at 
kT = 5.4000e-01
mu = -2.8789e+00
Ngrid = 120

Cvac_min = 2.83010633e-05
alpha_min = 1.83549378e+03
freeEnergy_min = 8.35791732e-02
density_min = 1.18515164e+00

success = 1
