# Result for min over (Cvac,alpha) at 
kT = 5.1000e-01
mu = -3.5058e+00
Ngrid = 120

Cvac_min = 1.42516684e-05
alpha_min = 1.94189028e+03
freeEnergy_min = 9.85649800e-02
density_min = 1.18516829e+00

success = 1
