# Result for min over (Cvac,alpha) at 
kT = 5.8000e-01
mu = -1.8308e+00
Ngrid = 120

Cvac_min = 4.63342211e-05
alpha_min = 1.71071441e+03
freeEnergy_min = -3.12687078e-01
density_min = 1.18513027e+00

success = 1
