# Result for min over (Cvac,alpha) at 
kT = 5.2000e-01
mu = -3.2600e+00
Ngrid = 120

Cvac_min = 1.74958640e-05
alpha_min = 1.90505458e+03
freeEnergy_min = 5.98839003e-02
density_min = 1.18516445e+00

success = 1
