# Result for min over (Cvac,alpha) at 
kT = 5.4000e-01
mu = -2.8289e+00
Ngrid = 121

Cvac_min = 3.89351183e-05
alpha_min = 1.29210722e+03
freeEnergy_min = 4.33348622e-03
density_min = 1.15599760e+00

success = 1
