# Result for min over (Cvac,alpha) at 
kT = 5.0500e-01
mu = -3.6203e+00
Ngrid = 121

Cvac_min = 1.88412810e-05
alpha_min = 1.37434439e+03
freeEnergy_min = 1.06048936e-01
density_min = 1.15602083e+00

success = 1
