# Result for min over (Cvac,alpha) at 
kT = 5.0500e-01
mu = -3.6203e+00
Ngrid = 120

Cvac_min = 1.25798193e-05
alpha_min = 1.96083684e+03
freeEnergy_min = 1.03984819e-01
density_min = 1.18517028e+00

success = 1
