# Result for min over (Cvac,alpha) at 
kT = 5.2500e-01
mu = -3.2006e+00
Ngrid = 120

Cvac_min = 2.05925425e-05
alpha_min = 1.88716668e+03
freeEnergy_min = 1.11958880e-01
density_min = 1.18516078e+00

success = 1
