# Result for min over (Cvac,alpha) at 
kT = 5.9500e-01
mu = -1.5613e+00
Ngrid = 121

Cvac_min = 8.16455324e-05
alpha_min = 1.18159749e+03
freeEnergy_min = -3.88915133e-01
density_min = 1.15594822e+00

success = 1
