# Result for min over (Cvac,alpha) at 
kT = 5.5000e-01
mu = -2.5329e+00
Ngrid = 122

Cvac_min = 9.82433810e-05
alpha_min = 9.34172164e+02
freeEnergy_min = 1.18674242e-01
density_min = 1.12773690e+00

success = 1
