# Result for min over (Cvac,alpha) at 
kT = 5.4500e-01
mu = -2.5931e+00
Ngrid = 122

Cvac_min = 8.64276512e-05
alpha_min = 9.41927990e+02
freeEnergy_min = 8.99569612e-02
density_min = 1.12775023e+00

success = 1
