# Result for min over (Cvac,alpha) at 
kT = 5.6500e-01
mu = -2.1526e+00
Ngrid = 121

Cvac_min = 5.18468558e-05
alpha_min = 1.23933488e+03
freeEnergy_min = -2.62309428e-01
density_min = 1.15598267e+00

success = 1
