# Result for min over (Cvac,alpha) at 
kT = 5.5000e-01
mu = -2.6125e+00
Ngrid = 122

Cvac_min = 1.06875788e-04
alpha_min = 9.34153962e+02
freeEnergy_min = 2.08443383e-01
density_min = 1.12772717e+00

success = 1
