# Result for min over (Cvac,alpha) at 
kT = 5.6000e-01
mu = -2.2755e+00
Ngrid = 122

Cvac_min = 1.09365172e-04
alpha_min = 9.19103678e+02
freeEnergy_min = 1.60209886e-02
density_min = 1.12772436e+00

success = 1
