# Result for min over (Cvac,alpha) at 
kT = 5.6000e-01
mu = -2.2451e+00
Ngrid = 122

Cvac_min = 1.05762461e-04
alpha_min = 9.19122910e+02
freeEnergy_min = -1.82940119e-02
density_min = 1.12772842e+00

success = 1
