# Result for min over (Cvac,alpha) at 
kT = 5.0000e-01
mu = -3.6500e+00
Ngrid = 120

Cvac_min = 1.01575241e-05
alpha_min = 1.98014900e+03
freeEnergy_min = 6.08169101e-03
density_min = 1.18517315e+00

success = 1
