# Result for min over (Cvac,alpha) at 
kT = 5.9500e-01
mu = -1.5613e+00
Ngrid = 122

Cvac_min = 1.73181071e-04
alpha_min = 8.70145872e+02
freeEnergy_min = -1.85965751e-01
density_min = 1.12765238e+00

success = 1
