# Result for min over (Cvac,alpha) at 
kT = 5.8500e-01
mu = -1.7570e+00
Ngrid = 120

Cvac_min = 5.15062432e-05
alpha_min = 1.69627821e+03
freeEnergy_min = -3.03004887e-01
density_min = 1.18512414e+00

success = 1
