# Result for min over (Cvac,alpha) at 
kT = 5.2000e-01
mu = -3.3100e+00
Ngrid = 119

Cvac_min = 2.47543935e-05
alpha_min = 3.04048001e+03
freeEnergy_min = 6.05734335e-01
density_min = 1.21528550e+00

success = 1
