# Result for min over (Cvac,alpha) at 
kT = 5.0500e-01
mu = -3.6703e+00
Ngrid = 121

Cvac_min = 1.98080634e-05
alpha_min = 1.37434514e+03
freeEnergy_min = 1.63849949e-01
density_min = 1.15601971e+00

success = 1
