# Result for min over (Cvac,alpha) at 
kT = 5.6500e-01
mu = -2.3026e+00
Ngrid = 121

Cvac_min = 6.02466444e-05
alpha_min = 1.23933614e+03
freeEnergy_min = -8.89127419e-02
density_min = 1.15597296e+00

success = 1
