# Result for min over (Cvac,alpha) at 
kT = 5.2500e-01
mu = -3.1506e+00
Ngrid = 120

Cvac_min = 1.96318084e-05
alpha_min = 1.88718452e+03
freeEnergy_min = 5.27008131e-02
density_min = 1.18516192e+00

success = 1
