# Result for min over (Cvac,alpha) at 
kT = 5.1000e-01
mu = -3.4424e+00
Ngrid = 122

Cvac_min = 4.94128070e-05
alpha_min = 1.00002638e+03
freeEnergy_min = 3.14508903e-01
density_min = 1.12779198e+00

success = 1
