# Result for min over (Cvac,alpha) at 
kT = 5.0500e-01
mu = -3.4541e+00
Ngrid = 122

Cvac_min = 4.01674694e-05
alpha_min = 1.00896249e+03
freeEnergy_min = 2.14044013e-01
density_min = 1.12780240e+00

success = 1
