# Result for min over (Cvac,alpha) at 
kT = 5.7000e-01
mu = -2.1289e+00
Ngrid = 120

Cvac_min = 4.35807388e-05
alpha_min = 1.74027686e+03
freeEnergy_min = -1.58934009e-01
density_min = 1.18513353e+00

success = 1
