# Result for min over (Cvac,alpha) at 
kT = 5.8000e-01
mu = -1.8808e+00
Ngrid = 121

Cvac_min = 6.75760835e-05
alpha_min = 1.20974988e+03
freeEnergy_min = -2.90382323e-01
density_min = 1.15596449e+00

success = 1
