# Result for min over (Cvac,alpha) at 
kT = 5.3000e-01
mu = -3.0425e+00
Ngrid = 121

Cvac_min = 3.18436976e-05
alpha_min = 1.31455952e+03
freeEnergy_min = 3.06444002e-02
density_min = 1.15600580e+00

success = 1
