# Result for min over (Cvac,alpha) at 
kT = 5.6500e-01
mu = -2.1228e+00
Ngrid = 122

Cvac_min = 1.11849818e-04
alpha_min = 9.11795126e+02
freeEnergy_min = -6.50318315e-02
density_min = 1.12772156e+00

success = 1
