# Result for min over (Cvac,alpha) at 
kT = 5.4000e-01
mu = -2.7289e+00
Ngrid = 120

Cvac_min = 2.43419330e-05
alpha_min = 1.83550614e+03
freeEnergy_min = -9.41939234e-02
density_min = 1.18515634e+00

success = 1
