# Result for min over (Cvac,alpha) at 
kT = 5.5000e-01
mu = -2.5625e+00
Ngrid = 121

Cvac_min = 4.42695659e-05
alpha_min = 1.27046976e+03
freeEnergy_min = -9.15345438e-02
density_min = 1.15599143e+00

success = 1
