# Result for min over (Cvac,alpha) at 
kT = 5.5500e-01
mu = -2.4463e+00
Ngrid = 121

Cvac_min = 4.78942150e-05
alpha_min = 1.25989819e+03
freeEnergy_min = -1.22882876e-01
density_min = 1.15598724e+00

success = 1
