# Result for min over (Cvac,alpha) at 
kT = 5.5000e-01
mu = -2.4829e+00
Ngrid = 122

Cvac_min = 9.38048221e-05
alpha_min = 9.34194205e+02
freeEnergy_min = 6.22872690e-02
density_min = 1.12774191e+00

success = 1
