# Result for min over (Cvac,alpha) at 
kT = 5.8500e-01
mu = -1.8070e+00
Ngrid = 120

Cvac_min = 5.41501226e-05
alpha_min = 1.69628697e+03
freeEnergy_min = -2.43748755e-01
density_min = 1.18512101e+00

success = 1
