# Result for min over (Cvac,alpha) at 
kT = 5.0000e-01
mu = -3.6000e+00
Ngrid = 120

Cvac_min = 9.66492537e-06
alpha_min = 1.98015859e+03
freeEnergy_min = -5.31769804e-02
density_min = 1.18517373e+00

success = 1
