# Result for min over (Cvac,alpha) at 
kT = 5.0500e-01
mu = -3.5703e+00
Ngrid = 120

Cvac_min = 1.19256180e-05
alpha_min = 1.96083096e+03
freeEnergy_min = 4.47262870e-02
density_min = 1.18517105e+00

success = 1
