# Result for min over (Cvac,alpha) at 
kT = 6.0000e-01
mu = -1.3734e+00
Ngrid = 121

Cvac_min = 7.96644736e-05
alpha_min = 1.17252330e+03
freeEnergy_min = -5.19130573e-01
density_min = 1.15595051e+00

success = 1
