# Result for min over (Cvac,alpha) at 
kT = 5.7500e-01
mu = -1.8767e+00
Ngrid = 122

Cvac_min = 1.23276651e-04
alpha_min = 8.97455249e+02
freeEnergy_min = -1.65449789e-01
density_min = 1.12770867e+00

success = 1
