# Result for min over (Cvac,alpha) at 
kT = 5.5000e-01
mu = -2.6625e+00
Ngrid = 121

Cvac_min = 4.90432146e-05
alpha_min = 1.27046058e+03
freeEnergy_min = 2.40643253e-02
density_min = 1.15598591e+00

success = 1
