# Result for min over (Cvac,alpha) at 
kT = 5.0000e-01
mu = -3.5500e+00
Ngrid = 119

Cvac_min = 1.24704239e-05
alpha_min = 3.18489037e+03
freeEnergy_min = 3.75120497e-01
density_min = 1.21530043e+00

success = 1
