# Result for min over (Cvac,alpha) at 
kT = 5.9000e-01
mu = -1.5156e+00
Ngrid = 121

Cvac_min = 6.59111085e-05
alpha_min = 1.19085846e+03
freeEnergy_min = -5.30325956e-01
density_min = 1.15596641e+00

success = 1
