# Result for min over (Cvac,alpha) at 
kT = 5.4500e-01
mu = -2.5931e+00
Ngrid = 121

Cvac_min = 1.89266170e-03
alpha_min = 1.27509170e+03
freeEnergy_min = -1.54873022e-01
density_min = 1.15385461e+00

success = 1
