# Result for min over (Cvac,alpha) at 
kT = 5.8500e-01
mu = -1.6570e+00
Ngrid = 120

Cvac_min = 4.64040772e-05
alpha_min = 1.69628483e+03
freeEnergy_min = -4.21517609e-01
density_min = 1.18513019e+00

success = 1
