# Result for min over (Cvac,alpha) at 
kT = 5.7000e-01
mu = -2.1498e+00
Ngrid = 122

Cvac_min = 1.37020145e-04
alpha_min = 9.04513793e+02
freeEnergy_min = 5.48584249e-02
density_min = 1.12769317e+00

success = 1
