# Result for min over (Cvac,alpha) at 
kT = 5.1000e-01
mu = -3.4558e+00
Ngrid = 121

Cvac_min = 2.01190949e-05
alpha_min = 1.36194666e+03
freeEnergy_min = 3.93238204e-02
density_min = 1.15601935e+00

success = 1
