# Result for min over (Cvac,alpha) at 
kT = 5.7500e-01
mu = -1.9048e+00
Ngrid = 121

Cvac_min = 5.80191224e-05
alpha_min = 1.21947192e+03
freeEnergy_min = -3.56233998e-01
density_min = 1.15597554e+00

success = 1
