# Result for min over (Cvac,alpha) at 
kT = 5.1500e-01
mu = -3.3451e+00
Ngrid = 120

Cvac_min = 1.52536971e-05
alpha_min = 1.92329655e+03
freeEnergy_min = 3.57043701e-02
density_min = 1.18516711e+00

success = 1
