# Result for min over (Cvac,alpha) at 
kT = 5.0000e-01
mu = -3.6500e+00
Ngrid = 122

Cvac_min = 3.89919115e-05
alpha_min = 1.01805539e+03
freeEnergy_min = 3.18891589e-01
density_min = 1.12780373e+00

success = 1
