# Result for min over (Cvac,alpha) at 
kT = 5.3500e-01
mu = -2.8854e+00
Ngrid = 121

Cvac_min = 3.35814582e-05
alpha_min = 1.30323533e+03
freeEnergy_min = -3.95209752e-02
density_min = 1.15600379e+00

success = 1
