# Result for min over (Cvac,alpha) at 
kT = 5.4500e-01
mu = -2.7220e+00
Ngrid = 120

Cvac_min = 2.98248184e-05
alpha_min = 1.81889318e+03
freeEnergy_min = 1.06871528e-02
density_min = 1.18514984e+00

success = 1
