# Result for min over (Cvac,alpha) at 
kT = 6.0000e-01
mu = -1.2895e+00
Ngrid = 122

Cvac_min = 1.53132935e-04
alpha_min = 8.63607784e+02
freeEnergy_min = -4.12444017e-01
density_min = 1.12767499e+00

success = 1
