# Result for min over (Cvac,alpha) at 
kT = 5.1000e-01
mu = -3.4924e+00
Ngrid = 122

Cvac_min = 5.18882297e-05
alpha_min = 1.00002290e+03
freeEnergy_min = 3.70898430e-01
density_min = 1.12778918e+00

success = 1
