# Result for min over (Cvac,alpha) at 
kT = 5.8500e-01
mu = -1.7380e+00
Ngrid = 122

Cvac_min = 1.49252504e-04
alpha_min = 8.83561980e+02
freeEnergy_min = -1.51147007e-01
density_min = 1.12767937e+00

success = 1
