# Result for min over (Cvac,alpha) at 
kT = 5.1500e-01
mu = -3.3451e+00
Ngrid = 119

Cvac_min = 2.05147020e-05
alpha_min = 3.07534732e+03
freeEnergy_min = 5.21832776e-01
density_min = 1.21529066e+00

success = 1
