# Result for min over (Cvac,alpha) at 
kT = 5.6500e-01
mu = -2.3026e+00
Ngrid = 120

Cvac_min = 4.29922684e-05
alpha_min = 1.75544407e+03
freeEnergy_min = -5.56107075e-02
density_min = 1.18513423e+00

success = 1
