# Result for min over (Cvac,alpha) at 
kT = 5.6500e-01
mu = -2.2728e+00
Ngrid = 122

Cvac_min = 1.30579882e-04
alpha_min = 9.11752533e+02
freeEnergy_min = 1.04124874e-01
density_min = 1.12770043e+00

success = 1
