# Result for min over (Cvac,alpha) at 
kT = 5.7000e-01
mu = -2.1789e+00
Ngrid = 121

Cvac_min = 6.38753295e-05
alpha_min = 1.22930189e+03
freeEnergy_min = -1.34785649e-01
density_min = 1.15596877e+00

success = 1
