# Result for min over (Cvac,alpha) at 
kT = 5.6500e-01
mu = -2.2228e+00
Ngrid = 121

Cvac_min = 1.84149881e-03
alpha_min = 1.23263193e+03
freeEnergy_min = -1.75942123e-01
density_min = 1.15391376e+00

success = 1
