# Result for min over (Cvac,alpha) at 
kT = 5.8500e-01
mu = -1.6380e+00
Ngrid = 122

Cvac_min = 1.35045726e-04
alpha_min = 8.83585134e+02
freeEnergy_min = -2.63915748e-01
density_min = 1.12769539e+00

success = 1
