# Result for min over (Cvac,alpha) at 
kT = 5.2000e-01
mu = -3.2737e+00
Ngrid = 122

Cvac_min = 6.37325035e-05
alpha_min = 9.82661029e+02
freeEnergy_min = 3.44521825e-01
density_min = 1.12777582e+00

success = 1
