# Result for min over (Cvac,alpha) at 
kT = 5.8000e-01
mu = -1.8036e+00
Ngrid = 122

Cvac_min = 1.35706442e-04
alpha_min = 8.90466023e+02
freeEnergy_min = -1.61698330e-01
density_min = 1.12769465e+00

success = 1
