# Result for min over (Cvac,alpha) at 
kT = 5.2500e-01
mu = -3.0163e+00
Ngrid = 122

Cvac_min = 6.02492244e-05
alpha_min = 9.74230722e+02
freeEnergy_min = 1.61039139e-01
density_min = 1.12777975e+00

success = 1
