# Result for min over (Cvac,alpha) at 
kT = 5.5500e-01
mu = -2.4158e+00
Ngrid = 122

Cvac_min = 1.05214018e-04
alpha_min = 9.26568386e+02
freeEnergy_min = 8.12809446e-02
density_min = 1.12772904e+00

success = 1
