# Result for min over (Cvac,alpha) at 
kT = 5.4000e-01
mu = -2.8789e+00
Ngrid = 121

Cvac_min = 4.08770970e-05
alpha_min = 1.29212974e+03
freeEnergy_min = 6.21333089e-02
density_min = 1.15599535e+00

success = 1
