# Result for min over (Cvac,alpha) at 
kT = 5.8500e-01
mu = -1.6570e+00
Ngrid = 121

Cvac_min = 6.42247601e-05
alpha_min = 1.20021213e+03
freeEnergy_min = -4.57071950e-01
density_min = 1.15596836e+00

success = 1
