# Result for min over (Cvac,alpha) at 
kT = 5.4500e-01
mu = -2.7431e+00
Ngrid = 122

Cvac_min = 1.01142171e-04
alpha_min = 9.41915178e+02
freeEnergy_min = 2.59118269e-01
density_min = 1.12773363e+00

success = 1
