# Result for min over (Cvac,alpha) at 
kT = 5.8000e-01
mu = -1.8308e+00
Ngrid = 122

Cvac_min = 1.38930085e-04
alpha_min = 8.90454505e+02
freeEnergy_min = -1.31103247e-01
density_min = 1.12769101e+00

success = 1
