# Result for min over (Cvac,alpha) at 
kT = 5.7000e-01
mu = -2.1789e+00
Ngrid = 122

Cvac_min = 1.41007500e-04
alpha_min = 9.04508982e+02
freeEnergy_min = 8.76089127e-02
density_min = 1.12768867e+00

success = 1
