# Result for min over (Cvac,alpha) at 
kT = 5.1500e-01
mu = -3.3451e+00
Ngrid = 122

Cvac_min = 5.55846790e-05
alpha_min = 9.91248469e+02
freeEnergy_min = 3.16019118e-01
density_min = 1.12778501e+00

success = 1
