# Result for min over (Cvac,alpha) at 
kT = 5.6000e-01
mu = -2.3755e+00
Ngrid = 122

Cvac_min = 1.20813487e-04
alpha_min = 9.19093665e+02
freeEnergy_min = 1.28792776e-01
density_min = 1.12771145e+00

success = 1
