# Result for min over (Cvac,alpha) at 
kT = 5.3500e-01
mu = -2.8854e+00
Ngrid = 122

Cvac_min = 7.92309943e-05
alpha_min = 9.57789829e+02
freeEnergy_min = 2.20608274e-01
density_min = 1.12775834e+00

success = 1
