# Result for min over (Cvac,alpha) at 
kT = 5.9000e-01
mu = -1.5656e+00
Ngrid = 121

Cvac_min = 6.92038553e-05
alpha_min = 1.19083017e+03
freeEnergy_min = -4.72527733e-01
density_min = 1.15596261e+00

success = 1
