# Result for min over (Cvac,alpha) at 
kT = 5.7000e-01
mu = -1.9998e+00
Ngrid = 122

Cvac_min = 1.17676091e-04
alpha_min = 9.04512291e+02
freeEnergy_min = -1.14297234e-01
density_min = 1.12771498e+00

success = 1
