# Result for min over (Cvac,alpha) at 
kT = 5.4500e-01
mu = -2.6720e+00
Ngrid = 120

Cvac_min = 2.83405952e-05
alpha_min = 1.81889206e+03
freeEnergy_min = -4.85703857e-02
density_min = 1.18515160e+00

success = 1
