# Result for min over (Cvac,alpha) at 
kT = 5.1000e-01
mu = -3.3924e+00
Ngrid = 122

Cvac_min = 4.68388956e-05
alpha_min = 1.00003417e+03
freeEnergy_min = 2.58119232e-01
density_min = 1.12779488e+00

success = 1
