# Result for min over (Cvac,alpha) at 
kT = 5.3000e-01
mu = -2.9600e+00
Ngrid = 122

Cvac_min = 6.98115362e-05
alpha_min = 9.65924918e+02
freeEnergy_min = 2.02133229e-01
density_min = 1.12776897e+00

success = 1
