# Result for min over (Cvac,alpha) at 
kT = 5.3000e-01
mu = -2.9425e+00
Ngrid = 120

Cvac_min = 1.97334613e-05
alpha_min = 1.86962067e+03
freeEnergy_min = -7.39126326e-02
density_min = 1.18516180e+00

success = 1
