# Result for min over (Cvac,alpha) at 
kT = 5.7000e-01
mu = -2.0498e+00
Ngrid = 122

Cvac_min = 1.24052645e-04
alpha_min = 9.04558430e+02
freeEnergy_min = -5.79116492e-02
density_min = 1.12770779e+00

success = 1
