# Result for min over (Cvac,alpha) at 
kT = 5.0500e-01
mu = -3.7203e+00
Ngrid = 120

Cvac_min = 1.39639371e-05
alpha_min = 1.96082174e+03
freeEnergy_min = 2.22501769e-01
density_min = 1.18516864e+00

success = 1
