# Result for min over (Cvac,alpha) at 
kT = 5.8500e-01
mu = -1.7880e+00
Ngrid = 121

Cvac_min = 1.78817520e-03
alpha_min = 1.19460674e+03
freeEnergy_min = -3.01162312e-01
density_min = 1.15397540e+00

success = 1
