# Result for min over (Cvac,alpha) at 
kT = 5.6500e-01
mu = -2.2228e+00
Ngrid = 122

Cvac_min = 1.23901151e-04
alpha_min = 9.11790617e+02
freeEnergy_min = 4.77396606e-02
density_min = 1.12770796e+00

success = 1
