# Result for min over (Cvac,alpha) at 
kT = 5.5000e-01
mu = -2.5125e+00
Ngrid = 120

Cvac_min = 2.95360983e-05
alpha_min = 1.80260233e+03
freeEnergy_min = -1.26779615e-01
density_min = 1.18515018e+00

success = 1
