# Result for min over (Cvac,alpha) at 
kT = 5.9500e-01
mu = -1.4442e+00
Ngrid = 122

Cvac_min = 1.52537916e-04
alpha_min = 8.70151824e+02
freeEnergy_min = -3.18006178e-01
density_min = 1.12767567e+00

success = 1
