# Result for min over (Cvac,alpha) at 
kT = 5.3500e-01
mu = -2.8354e+00
Ngrid = 121

Cvac_min = 3.17907944e-05
alpha_min = 1.30324253e+03
freeEnergy_min = -9.73212161e-02
density_min = 1.15600586e+00

success = 1
