# Result for min over (Cvac,alpha) at 
kT = 5.4000e-01
mu = -2.7789e+00
Ngrid = 120

Cvac_min = 2.56029012e-05
alpha_min = 1.83551280e+03
freeEnergy_min = -3.49361458e-02
density_min = 1.18515484e+00

success = 1
