# Result for solid computation at 
kT = 8.0000e-01
mu = -3.0000e+00

Ngrid_min = 9.53682208e+01
Cvac_min = 4.06033204e-04
alpha_min = 5.78834232e+01
freeEnergy_min = -7.43484048e-01
freeEnergy_err = 9.41434615e-04
density_min = 8.34441683e-01

success = 1
