# Result for solid computation at 
kT = 1.1000e+00
mu = 2.0000e+00

Ngrid_min = 9.32041518e+01
Cvac_min = 1.63633543e-04
alpha_min = 5.56438356e+01
freeEnergy_min = -3.46708214e+00
freeEnergy_err = 2.82416916e-03
density_min = 8.94143235e-01

success = 1
