# Result for solid computation at 
kT = 6.0000e-01
mu = -6.0000e+00

Ngrid_min = 9.43267384e+01
Cvac_min = 1.89092410e-05
alpha_min = 1.00116608e+02
freeEnergy_min = -2.30816591e-01
freeEnergy_err = 1.77528682e-04
density_min = 8.62721898e-01

success = 1
