# Result for solid computation at 
kT = 9.0000e-01
mu = -1.5000e+00

Ngrid_min = 9.52017905e+01
Cvac_min = 5.75434880e-04
alpha_min = 5.03533495e+01
freeEnergy_min = -1.36650076e+00
freeEnergy_err = 1.63665239e-03
density_min = 8.38684692e-01

success = 1
