# Result for min over (Cvac,alpha) at 
kT = 1.1000e+00
mu = 2.0000e+00
Ngrid = 93

Cvac_min = 1.70540430e-04
alpha_min = 5.83081955e+01
freeEnergy_min = -3.46646797e+00
freeEnergy_err = 1.45588393e-04
density_min = 9.00040494e-01

success = 1
