# Result for min over (Cvac,alpha) at 
kT = 6.0000e-01
mu = -6.0000e+00
Ngrid = 89

Cvac_min = 5.07202277e-05
alpha_min = 4.27966336e+02
freeEnergy_min = 6.92336804e-01
freeEnergy_err = 2.76810621e-03
density_min = 1.02705299e+00

success = 1
