# Result for min over (Cvac,alpha) at 
kT = 1.0000e+00
mu = 5.0000e-01
Ngrid = 90

Cvac_min = 4.85573872e-04
alpha_min = 1.43221898e+02
freeEnergy_min = -2.27315377e+00
freeEnergy_err = 4.04279674e-07
density_min = 9.92765130e-01

success = 1
