# Result for min over (Cvac,alpha) at 
kT = 7.0000e-01
mu = -4.5000e+00
Ngrid = 93

Cvac_min = 1.44951964e-04
alpha_min = 1.08334740e+02
freeEnergy_min = -2.61921380e-01
freeEnergy_err = 9.62200525e-06
density_min = 9.00063529e-01

success = 1
