# Result for min over (Cvac,alpha) at 
kT = 7.0000e-01
mu = -4.5000e+00
Ngrid = 90

Cvac_min = 2.31336403e-04
alpha_min = 2.35066418e+02
freeEnergy_min = 2.40955655e-01
freeEnergy_err = 8.27962318e-07
density_min = 9.93017651e-01

success = 1
