# Result for min over (Cvac,alpha) at 
kT = 1.0000e+00
mu = 5.0000e-01
Ngrid = 93

Cvac_min = 2.79967660e-04
alpha_min = 6.75055769e+01
freeEnergy_min = -2.55646326e+00
freeEnergy_err = 1.06917479e-04
density_min = 8.99941989e-01

success = 1
