# Result for min over (Cvac,alpha) at 
kT = 8.0000e-01
mu = -3.0000e+00
Ngrid = 90

Cvac_min = 6.01928295e-04
alpha_min = 1.95640519e+02
freeEnergy_min = -2.05801769e-01
freeEnergy_err = 6.31210485e-07
density_min = 9.92649561e-01

success = 1
