# Result for min over (Cvac,alpha) at 
kT = 1.1000e+00
mu = 2.0000e+00
Ngrid = 88

Cvac_min = 5.47595905e-04
alpha_min = 2.42930188e+02
freeEnergy_min = -2.81916613e+00
freeEnergy_err = 1.28101860e-02
density_min = 1.06193774e+00

success = 1
