# Result for min over (Cvac,alpha) at 
kT = 6.0000e-01
mu = -6.0000e+00
Ngrid = 90

Cvac_min = 3.76029899e-05
alpha_min = 2.90122372e+02
freeEnergy_min = 3.05994735e-01
freeEnergy_err = 1.13693463e-06
density_min = 9.93210076e-01

success = 1
