# Result for min over (Cvac,alpha) at 
kT = 8.0000e-01
mu = -3.0000e+00
Ngrid = 88

Cvac_min = 9.74260522e-04
alpha_min = 4.14197804e+02
freeEnergy_min = 5.64643084e-01
freeEnergy_err = 4.44536365e-03
density_min = 1.06148440e+00

success = 1
