# Result for min over (Cvac,alpha) at 
kT = 1.0000e+00
mu = 5.0000e-01
Ngrid = 88

Cvac_min = 7.76188867e-04
alpha_min = 2.84100226e+02
freeEnergy_min = -1.72405765e+00
freeEnergy_err = 7.27832951e-03
density_min = 1.06169486e+00

success = 1
