# Result for min over (Cvac,alpha) at 
kT = 1.2000e+00
mu = 3.0000e+00
Ngrid = 93

Cvac_min = 1.64223651e-04
alpha_min = 5.03744364e+01
freeEnergy_min = -4.01120586e+00
freeEnergy_err = 1.68706540e-04
density_min = 9.00046176e-01

success = 1
