# Result for min over (Cvac,alpha) at 
kT = 1.1000e+00
mu = 2.0000e+00
Ngrid = 89

Cvac_min = 4.26863322e-04
alpha_min = 1.70208556e+02
freeEnergy_min = -3.08981059e+00
freeEnergy_err = 8.65312715e-03
density_min = 1.02666665e+00

success = 1
