# Result for min over (Cvac,alpha) at 
kT = 7.0000e-01
mu = -4.5000e+00
Ngrid = 92

Cvac_min = 1.60686333e-04
alpha_min = 1.35250405e+02
freeEnergy_min = -1.65572944e-01
freeEnergy_err = 3.47733317e-04
density_min = 9.29718824e-01

success = 1
