# Result for min over (Cvac,alpha) at 
kT = 7.0000e-01
mu = -4.5000e+00
Ngrid = 96

Cvac_min = 1.57943564e-04
alpha_min = 6.19545622e+01
freeEnergy_min = -3.14586172e-01
freeEnergy_err = 4.82970615e-04
density_min = 8.18281364e-01

success = 1
