# Result for min over (Cvac,alpha) at 
kT = 9.0000e-01
mu = -1.5000e+00
Ngrid = 96

Cvac_min = 6.17786750e-04
alpha_min = 4.32246273e+01
freeEnergy_min = -1.36017070e+00
freeEnergy_err = 2.07432783e-03
density_min = 8.17905003e-01

success = 1
