# Result for min over (Cvac,alpha) at 
kT = 9.0000e-01
mu = -1.5000e+00
Ngrid = 94

Cvac_min = 5.66179883e-04
alpha_min = 6.37326501e+01
freeEnergy_min = -1.35215145e+00
freeEnergy_err = 8.11873342e-06
density_min = 8.71275501e-01

success = 1
