# Result for min over (Cvac,alpha) at 
kT = 1.1000e+00
mu = 2.0000e+00
Ngrid = 95

Cvac_min = 1.14445000e-04
alpha_min = 3.76006368e+01
freeEnergy_min = -3.42782912e+00
freeEnergy_err = 6.49856044e-04
density_min = 8.44431338e-01

success = 1
