# Result for min over (Cvac,alpha) at 
kT = 7.0000e-01
mu = -4.5000e+00
Ngrid = 89

Cvac_min = 2.96320444e-04
alpha_min = 3.36991651e+02
freeEnergy_min = 5.97736906e-01
freeEnergy_err = 2.39078682e-03
density_min = 1.02680073e+00

success = 1
