# Result for min over (Cvac,alpha) at 
kT = 6.0000e-01
mu = -6.0000e+00
Ngrid = 94

Cvac_min = 1.90694983e-05
alpha_min = 1.06524012e+02
freeEnergy_min = -2.28748605e-01
freeEnergy_err = 1.46570798e-05
density_min = 8.71752455e-01

success = 1
