# Result for min over (Cvac,alpha) at 
kT = 5.0000e-01
mu = -8.0000e+00
Ngrid = 92

Cvac_min = 1.40300145e-06
alpha_min = 2.01212081e+02
freeEnergy_min = -1.72857263e-01
freeEnergy_err = 3.72823421e-04
density_min = 9.29866937e-01

success = 1
