# Result for min over (Cvac,alpha) at 
kT = 6.0000e-01
mu = -6.0000e+00
Ngrid = 93

Cvac_min = 2.04687855e-05
alpha_min = 1.29970908e+02
freeEnergy_min = -1.96719464e-01
freeEnergy_err = 7.11273888e-06
density_min = 9.00175588e-01

success = 1
