# Result for min over (Cvac,alpha) at 
kT = 1.1000e+00
mu = 2.0000e+00
Ngrid = 91

Cvac_min = 2.69978002e-04
alpha_min = 9.45866602e+01
freeEnergy_min = -3.38492355e+00
freeEnergy_err = 1.67118974e-05
density_min = 9.60602242e-01

success = 1
