# Result for min over (Cvac,alpha) at 
kT = 1.2000e+00
mu = 3.0000e+00
Ngrid = 89

Cvac_min = 4.21916173e-04
alpha_min = 1.48856356e+02
freeEnergy_min = -3.71274255e+00
freeEnergy_err = 1.05114145e-02
density_min = 1.02667173e+00

success = 1
