# Result for solid computation at 
kT = 4.0000e-01
mu = -6.0000e+00

Ngrid_min = 8.51523749e+01
Cvac_min = -4.05632731e-07
alpha_min = 2.03475201e+03
freeEnergy_min = -6.46689435e-01
density_min = 1.17272303e+00

success = 1
