# Result for solid computation at 
kT = 8.0000e-01
mu = 3.0000e+00

Ngrid_min = 8.54362187e+01
Cvac_min = 1.16449863e-04
alpha_min = 9.22130380e+02
freeEnergy_min = -3.07394650e+00
density_min = 1.16093476e+00

success = 1
