# Result for solid computation at 
kT = 5.0000e-01
mu = -3.5000e+00

Ngrid_min = 8.54647780e+01
Cvac_min = 1.27678185e-03
alpha_min = 1.25992656e+03
freeEnergy_min = -2.89777461e-01
density_min = 1.15841152e+00

success = 1
