# Result for solid computation at 
kT = 9.0000e-01
mu = 4.5000e+00

Ngrid_min = 8.54690727e+01
Cvac_min = 1.20804208e-04
alpha_min = 8.67713584e+02
freeEnergy_min = -4.00834742e+00
density_min = 1.15959154e+00

success = 1
