# Result for solid computation at 
kT = 9.0000e-01
mu = 4.5000e+00

Ngrid_min = 8.54630702e+01
Cvac_min = 1.26484220e-04
alpha_min = 8.18466078e+02
freeEnergy_min = -3.99700249e+00
density_min = 1.15982897e+00

success = 1
