# Result for solid computation at 
kT = 7.0000e-01
mu = 1.0000e+00

Ngrid_min = 8.54124542e+01
Cvac_min = 1.09467392e-04
alpha_min = 1.05193863e+03
freeEnergy_min = -1.83367830e+00
density_min = 1.16191245e+00

success = 1
