# Result for min over (Cvac,alpha) at 
kT = 8.0000e-01
mu = 3.0000e+00
Ngrid = 84

Cvac_min = 1.47129465e-04
alpha_min = 2.03593170e+03
freeEnergy_min = -2.51900761e+00
density_min = 1.22147526e+00

success = 1
