# Result for min over (Cvac,alpha) at 
kT = 6.0000e-01
mu = -1.0000e+00
Ngrid = 85

Cvac_min = 1.95292263e-04
alpha_min = 1.32783174e+03
freeEnergy_min = -9.25507261e-01
density_min = 1.17881357e+00

success = 1
