# Result for min over (Cvac,alpha) at 
kT = 5.5000e-01
mu = -2.0000e+00
Ngrid = 84

Cvac_min = 2.78972129e-05
alpha_min = 3.18288458e+03
freeEnergy_min = -9.61277694e-02
density_min = 1.22162092e+00

success = 1
