# Result for min over (Cvac,alpha) at 
kT = 1.0000e+00
mu = 5.5000e+00
Ngrid = 85

Cvac_min = 1.53817001e-04
alpha_min = 9.34169532e+02
freeEnergy_min = -4.46815363e+00
density_min = 1.17886247e+00

success = 1
