# Result for min over (Cvac,alpha) at 
kT = 5.5000e-01
mu = -2.0000e+00
Ngrid = 84

Cvac_min = 2.10597815e-04
alpha_min = 1.36378822e+03
freeEnergy_min = 9.93618156e-01
density_min = 1.22139772e+00

success = 1
