# Result for min over (Cvac,alpha) at 
kT = 9.0000e-01
mu = 4.5000e+00
Ngrid = 85

Cvac_min = 1.15974262e-04
alpha_min = 1.03484811e+03
freeEnergy_min = -3.94663422e+00
density_min = 1.17890709e+00

success = 1
