# Result for min over (Cvac,alpha) at 
kT = 5.0000e-01
mu = -3.5000e+00
Ngrid = 84

Cvac_min = 1.43634430e-05
alpha_min = 3.58311123e+03
freeEnergy_min = 5.14757737e-01
density_min = 1.22163751e+00

success = 1
