# Result for min over (Cvac,alpha) at 
kT = 5.5000e-01
mu = -2.0000e+00
Ngrid = 86

Cvac_min = 3.99581712e-05
alpha_min = 1.04698639e+03
freeEnergy_min = -6.00694486e-01
density_min = 1.13834467e+00

success = 1
