# Result for min over (Cvac,alpha) at 
kT = 4.0000e-01
mu = -6.0000e+00
Ngrid = 85

Cvac_min = 2.48639594e-07
alpha_min = 2.27401812e+03
freeEnergy_min = -6.32968712e-01
density_min = 1.17904354e+00

success = 1
