# Result for min over (Cvac,alpha) at 
kT = 4.0000e-01
mu = -6.0000e+00
Ngrid = 86

Cvac_min = 8.34281030e-07
alpha_min = 1.39741570e+03
freeEnergy_min = -2.22111024e-01
density_min = 1.13838921e+00

success = 1
