# Result for min over (Cvac,alpha) at 
kT = 6.0000e-01
mu = -1.0000e+00
Ngrid = 84

Cvac_min = 6.19504187e-05
alpha_min = 2.86219092e+03
freeEnergy_min = -3.13085674e-01
density_min = 1.22157932e+00

success = 1
