# Result for min over (Cvac,alpha) at 
kT = 5.0000e-01
mu = -3.5000e+00
Ngrid = 85

Cvac_min = 9.04417016e-06
alpha_min = 1.82946100e+03
freeEnergy_min = -1.98061529e-01
density_min = 1.17903317e+00

success = 1
