# Result for min over (Cvac,alpha) at 
kT = 7.0000e-01
mu = 1.0000e+00
Ngrid = 84

Cvac_min = 1.37035063e-04
alpha_min = 2.38032059e+03
freeEnergy_min = -1.20742452e+00
density_min = 1.22148759e+00

success = 1
