# Result for min over (Cvac,alpha) at 
kT = 3.0000e-01
mu = -1.0500e+01
Ngrid = 86

Cvac_min = 2.79999109e-06
alpha_min = 1.29755855e+03
freeEnergy_min = -2.41687795e-01
density_min = 1.13838697e+00

success = 1
