# Result for min over (Cvac,alpha) at 
kT = 7.0000e-01
mu = 1.0000e+00
Ngrid = 85

Cvac_min = 9.43154579e-05
alpha_min = 1.31991969e+03
freeEnergy_min = -1.78027684e+00
density_min = 1.17893263e+00

success = 1
