# Result for min over (Cvac,alpha) at 
kT = 3.0000e-01
mu = -1.0500e+01
Ngrid = 87

Cvac_min = 1.02113736e-07
alpha_min = 1.17918108e+03
freeEnergy_min = 1.09113062e+00
density_min = 1.09958443e+00

success = 1
