# Result for min over (Cvac,alpha) at 
kT = 5.5000e-01
mu = -2.0000e+00
Ngrid = 85

Cvac_min = 1.80692474e-05
alpha_min = 1.66757716e+03
freeEnergy_min = -7.61649236e-01
density_min = 1.17902253e+00

success = 1
