# Result for min over (Cvac,alpha) at 
kT = 9.0000e-01
mu = 4.5000e+00
Ngrid = 86

Cvac_min = 1.64157664e-04
alpha_min = 6.68679048e+02
freeEnergy_min = -3.92928540e+00
density_min = 1.13820328e+00

success = 1
