# Result for min over (Cvac,alpha) at 
kT = 4.0000e-01
mu = -6.0000e+00
Ngrid = 85

Cvac_min = 1.95292263e-03
alpha_min = 1.32783174e+03
freeEnergy_min = -2.36264542e-01
density_min = 1.17674125e+00

success = 1
