# Result for min over (Cvac,alpha) at 
kT = 1.3000e+00
mu = 3.8000e+00
Ngrid = 91

Cvac_min = 2.83907137e-04
alpha_min = 7.26174803e+01
freeEnergy_min = -4.41015810e+00
density_min = 9.60594501e-01

success = 1
