# Result for min over (Cvac,alpha) at 
kT = 1.3000e+00
mu = 4.0000e+00
Ngrid = 91

Cvac_min = 2.14598273e-04
alpha_min = 7.26447681e+01
freeEnergy_min = -4.60228401e+00
density_min = 9.60661098e-01

success = 1
