# Result for min over (Cvac,alpha) at 
kT = 8.0000e-01
mu = -3.3000e+00
Ngrid = 95

Cvac_min = 6.04056496e-04
alpha_min = 6.19480461e+01
freeEnergy_min = -4.88656784e-01
density_min = 8.44020331e-01

success = 1
