a0 = -9.84803306e+01
a1 = 5.43795441e+02
a2 = -1.52159181e+03
a3 = 2.48266520e+03
a4 = -2.38070408e+03
a5 = 1.24624357e+03
a6 = -2.75362166e+02
