a0 = -7.02206113e-02
a1 = 6.34858507e-01
a2 = -2.34267014e+00
a3 = 4.52001744e+00
a4 = -4.86171285e+00
a5 = 2.87109294e+00
a6 = -7.95421829e-01
