a0 = 5.32031968e-01
a1 = -5.00882087e+00
a2 = 1.95369655e+01
a3 = -4.04483665e+01
a4 = 4.69782098e+01
a5 = -2.91538465e+01
a6 = 7.62401951e+00
