a0 = 1.29760926e+01
a1 = -6.53852793e+01
a2 = 1.46386778e+02
a3 = -1.73452920e+02
a4 = 1.14749426e+02
a5 = -4.01535398e+01
a6 = 5.80393312e+00
