a0 = -2.82425262e+01
a1 = 1.44663041e+02
a2 = -3.01673868e+02
a3 = 3.35067142e+02
a4 = -2.08405681e+02
a5 = 6.87602810e+01
a6 = -9.39832268e+00
