a0 = -2.29396590e+00
a1 = 3.12431852e+01
a2 = -1.21110085e+02
a3 = 2.47361261e+02
a4 = -2.82373274e+02
a5 = 1.70874739e+02
a6 = -4.29168264e+01
