a0 = -3.74448238e+02
a1 = 2.11448783e+03
a2 = -4.85460581e+03
a3 = 5.84394013e+03
a4 = -3.91106071e+03
a5 = 1.38139569e+03
a6 = -2.01292520e+02
