a0 = 3.56579378e+02
a1 = -2.12890365e+03
a2 = 4.99154856e+03
a3 = -6.07035228e+03
a4 = 4.08694832e+03
a5 = -1.44921451e+03
a6 = 2.11765235e+02
