# Physical Properties at the Critical Point
eta = 1.30443884e-01
hsd = 1.00398799e+00
aVdW = -5.61746422e+00
kT = 1.35945668e+00
rho = 2.46172507e-01
mu = -2.80156077e+00
omega = -8.87391435e-02
