# Properties at the triple point
kT    = 8.23248359e-01
rhoV  = 8.98831101e-03
rhoL  = 6.93536459e-01
rhoS  = 9.12929928e-01
mu    = -4.83794258e+00
omega = -8.42500099e-03
