# Result for solid computation at 
kT = 5.5000e-01
mu = -2.0000e+00

Ngrid_min = 1.20837687e+02
Cvac_min = 4.53122805e-04
alpha_min = 1.28453775e+03
freeEnergy_min = -7.40997888e-01
density_min = 1.16018264e+00

success = 1
