# Result for solid computation at 
kT = 9.0000e-01
mu = 4.5000e+00

Ngrid_min = 1.20887733e+02
Cvac_min = 1.83596182e-04
alpha_min = 8.33431722e+02
freeEnergy_min = -3.97726845e+00
density_min = 1.15905410e+00

success = 1
