# Result for solid computation at 
kT = 6.0000e-01
mu = -1.0000e+00

Ngrid_min = 1.20815078e+02
Cvac_min = 3.53036921e-04
alpha_min = 1.20493833e+03
freeEnergy_min = -9.52132663e-01
density_min = 1.16095000e+00

success = 1
