# Result for solid computation at 
kT = 3.0000e-01
mu = -1.0500e+01

Ngrid_min = 1.21051259e+02
Cvac_min = 1.91615188e-03
alpha_min = 1.32329806e+03
freeEnergy_min = -4.57247239e-01
density_min = 1.15236091e+00

success = 1
