# Result for solid computation at 
kT = 1.0000e+00
mu = 5.5000e+00

Ngrid_min = 1.20981519e+02
Cvac_min = 1.94018566e-04
alpha_min = 7.33365845e+02
freeEnergy_min = -4.50523610e+00
density_min = 1.15634817e+00

success = 1
