# Result for min over (Cvac,alpha) at 
kT = 6.0000e-01
mu = -1.0000e+00
Ngrid = 122

Cvac_min = 1.97624340e-04
alpha_min = 8.62250070e+02
freeEnergy_min = -7.38062543e-01
density_min = 1.12762482e+00

success = 1
