# Result for min over (Cvac,alpha) at 
kT = 9.0000e-01
mu = 4.5000e+00
Ngrid = 120

Cvac_min = 2.72386426e-04
alpha_min = 1.10460372e+03
freeEnergy_min = -3.91594683e+00
density_min = 1.18486236e+00

success = 1
