# Result for min over (Cvac,alpha) at 
kT = 8.0000e-01
mu = 3.0000e+00
Ngrid = 121

Cvac_min = 2.07470294e-04
alpha_min = 8.97128369e+02
freeEnergy_min = -3.04835016e+00
density_min = 1.15580276e+00

success = 1
