# Result for min over (Cvac,alpha) at 
kT = 8.0000e-01
mu = 3.0000e+00
Ngrid = 119

Cvac_min = 5.78336813e-04
alpha_min = 1.36976952e+03
freeEnergy_min = -2.51541236e+00
density_min = 1.21461273e+00

success = 1
