# Result for min over (Cvac,alpha) at 
kT = 9.0000e-01
mu = 4.5000e+00
Ngrid = 121

Cvac_min = 1.79241102e-04
alpha_min = 8.04397942e+02
freeEnergy_min = -3.97628771e+00
density_min = 1.15583540e+00

success = 1
