# Result for min over (Cvac,alpha) at 
kT = 5.5000e-01
mu = -2.0000e+00
Ngrid = 120

Cvac_min = 5.47257769e-04
alpha_min = 1.32466561e+03
freeEnergy_min = -6.06036569e-01
density_min = 1.18453658e+00

success = 1
