# Result for min over (Cvac,alpha) at 
kT = 5.5000e-01
mu = -2.0000e+00
Ngrid = 122

Cvac_min = 2.20129624e-04
alpha_min = 9.32893507e+02
freeEnergy_min = -4.81166631e-01
density_min = 1.12759943e+00

success = 1
