# Result for min over (Cvac,alpha) at 
kT = 9.0000e-01
mu = 4.5000e+00
Ngrid = 119

Cvac_min = 4.91698588e-04
alpha_min = 1.36976887e+03
freeEnergy_min = -3.55933009e+00
density_min = 1.21471802e+00

success = 1
