# Result for min over (Cvac,alpha) at 
kT = 7.0000e-01
mu = 1.0000e+00
Ngrid = 119

Cvac_min = 1.26193728e-03
alpha_min = 1.36976951e+03
freeEnergy_min = -1.06274653e+00
density_min = 1.21378194e+00

success = 1
