# Result for min over (Cvac,alpha) at 
kT = 8.0000e-01
mu = 3.0000e+00
Ngrid = 122

Cvac_min = 2.16145566e-04
alpha_min = 6.65545127e+02
freeEnergy_min = -2.92914367e+00
density_min = 1.12760393e+00

success = 1
