# Result for min over (Cvac,alpha) at 
kT = 8.0000e-01
mu = 3.0000e+00
Ngrid = 120

Cvac_min = 3.47638163e-04
alpha_min = 1.23695039e+03
freeEnergy_min = -2.98844965e+00
density_min = 1.18477317e+00

success = 1
