# Result for min over (Cvac,alpha) at 
kT = 1.0000e+00
mu = 5.5000e+00
Ngrid = 119

Cvac_min = 4.76918552e-04
alpha_min = 1.36975890e+03
freeEnergy_min = -4.13716222e+00
density_min = 1.21473598e+00

success = 1
