# Result for min over (Cvac,alpha) at 
kT = 7.0000e-01
mu = 1.0000e+00
Ngrid = 122

Cvac_min = 2.36006558e-04
alpha_min = 7.51052037e+02
freeEnergy_min = -1.65215902e+00
density_min = 1.12758153e+00

success = 1
