# Result for min over (Cvac,alpha) at 
kT = 6.0000e-01
mu = -1.0000e+00
Ngrid = 120

Cvac_min = 5.47257769e-04
alpha_min = 1.32466561e+03
freeEnergy_min = -8.50840744e-01
density_min = 1.18453658e+00

success = 1
