# Result for min over (Cvac,alpha) at 
kT = 1.0000e+00
mu = 5.5000e+00
Ngrid = 120

Cvac_min = 2.33500144e-04
alpha_min = 9.96979429e+02
freeEnergy_min = -4.43900285e+00
density_min = 1.18490844e+00

success = 1
