# Result for min over (Cvac,alpha) at 
kT = 6.0000e-01
mu = -1.0000e+00
Ngrid = 121

Cvac_min = 3.18877800e-04
alpha_min = 1.16461626e+03
freeEnergy_min = -9.46918869e-01
density_min = 1.15567397e+00

success = 1
