# Result for min over (Cvac,alpha) at 
kT = 7.0000e-01
mu = 1.0000e+00
Ngrid = 121

Cvac_min = 2.61082423e-04
alpha_min = 1.01371929e+03
freeEnergy_min = -1.80123846e+00
density_min = 1.15574079e+00

success = 1
