# Result for min over (Cvac,alpha) at 
kT = 4.0000e-01
mu = -6.0000e+00
Ngrid = 119

Cvac_min = 2.11437178e-03
alpha_min = 1.36956655e+03
freeEnergy_min = 1.89422016e+00
density_min = 1.21274596e+00

success = 1
