# Result for solid computation at 
kT = 3.0000e-01
mu = -1.0500e+01

Ngrid_min = 8.55753437e+01
Cvac_min = 9.96392083e-04
alpha_min = 1.31914590e+03
freeEnergy_min = -3.60584997e-01
density_min = 1.15426807e+00

success = 1
