# Result for solid computation at 
kT = 4.0000e-01
mu = -6.0000e+00

Ngrid_min = 8.54925366e+01
Cvac_min = 1.40846406e-03
alpha_min = 1.31215974e+03
freeEnergy_min = -5.94337157e-01
density_min = 1.15713418e+00

success = 1
