# Result for solid computation at 
kT = 8.0000e-01
mu = 3.0000e+00

Ngrid_min = 8.54551978e+01
Cvac_min = 2.39792685e-04
alpha_min = 9.94743408e+02
freeEnergy_min = -3.10025472e+00
density_min = 1.16001825e+00

success = 1
