# Result for solid computation at 
kT = 5.0000e-01
mu = -3.5000e+00

Ngrid_min = 8.54651635e+01
Cvac_min = 1.37625254e-03
alpha_min = 1.25897052e+03
freeEnergy_min = -2.87807415e-01
density_min = 1.15828261e+00

success = 1
