# Result for min over (Cvac,alpha) at 
kT = 1.0000e+00
mu = 5.5000e+00
Ngrid = 86

Cvac_min = 2.15202199e-04
alpha_min = 6.06861860e+02
freeEnergy_min = -4.47139093e+00
density_min = 1.13814517e+00

success = 1
