# Result for min over (Cvac,alpha) at 
kT = 5.0000e-01
mu = -3.5000e+00
Ngrid = 86

Cvac_min = 3.16538756e-04
alpha_min = 1.13888195e+03
freeEnergy_min = 1.20357614e-02
density_min = 1.13802981e+00

success = 1
