# Result for min over (Cvac,alpha) at 
kT = 6.0000e-01
mu = -1.0000e+00
Ngrid = 85

Cvac_min = 5.08640406e-04
alpha_min = 1.32789655e+03
freeEnergy_min = -9.22740018e-01
density_min = 1.17844412e+00

success = 1
