# Result for min over (Cvac,alpha) at 
kT = 5.5000e-01
mu = -2.0000e+00
Ngrid = 84

Cvac_min = 1.58231081e-02
alpha_min = 1.36408826e+03
freeEnergy_min = 9.76915522e-01
density_min = 1.20232462e+00

success = 1
