# Result for min over (Cvac,alpha) at 
kT = 3.0000e-01
mu = -1.0500e+01
Ngrid = 87

Cvac_min = 3.94093789e-04
alpha_min = 1.17176461e+03
freeEnergy_min = 1.09543585e+00
density_min = 1.09915120e+00

success = 1
