# Result for min over (Cvac,alpha) at 
kT = 5.5000e-01
mu = -2.0000e+00
Ngrid = 85

Cvac_min = 5.32327751e-04
alpha_min = 1.32789470e+03
freeEnergy_min = -6.95727027e-01
density_min = 1.17841619e+00

success = 1
