# Result for min over (Cvac,alpha) at 
kT = 7.0000e-01
mu = 1.0000e+00
Ngrid = 85

Cvac_min = 4.58729622e-04
alpha_min = 1.31329072e+03
freeEnergy_min = -1.77842683e+00
density_min = 1.17850297e+00

success = 1
