# Result for min over (Cvac,alpha) at 
kT = 7.0000e-01
mu = 1.0000e+00
Ngrid = 86

Cvac_min = 2.04817729e-04
alpha_min = 8.40831520e+02
freeEnergy_min = -1.72499524e+00
density_min = 1.13815700e+00

success = 1
