# Result for min over (Cvac,alpha) at 
kT = 1.0000e+00
mu = 5.5000e+00
Ngrid = 85

Cvac_min = 2.24327714e-04
alpha_min = 9.33765238e+02
freeEnergy_min = -4.46800499e+00
density_min = 1.17877934e+00

success = 1
