# Result for min over (Cvac,alpha) at 
kT = 1.0000e+00
mu = 5.5000e+00
Ngrid = 87

Cvac_min = 4.07848665e-04
alpha_min = 3.98443706e+02
freeEnergy_min = -4.28878725e+00
density_min = 1.09913608e+00

success = 1
