# Result for min over (Cvac,alpha) at 
kT = 4.0000e-01
mu = -6.0000e+00
Ngrid = 86

Cvac_min = 5.23701318e-04
alpha_min = 1.29741956e+03
freeEnergy_min = -2.11614559e-01
density_min = 1.13779398e+00

success = 1
