# Result for min over (Cvac,alpha) at 
kT = 7.0000e-01
mu = 1.0000e+00
Ngrid = 84

Cvac_min = 3.43549060e-03
alpha_min = 1.36408825e+03
freeEnergy_min = -7.71070477e-01
density_min = 1.21745802e+00

success = 1
