# Result for min over (Cvac,alpha) at 
kT = 1.0000e+00
mu = 5.5000e+00
Ngrid = 84

Cvac_min = 5.27340287e-04
alpha_min = 1.36408339e+03
freeEnergy_min = -4.02037334e+00
density_min = 1.22101077e+00

success = 1
