# Result for min over (Cvac,alpha) at 
kT = 8.0000e-01
mu = 3.0000e+00
Ngrid = 84

Cvac_min = 5.27340287e-04
alpha_min = 1.36408339e+03
freeEnergy_min = -2.30070801e+00
density_min = 1.22101077e+00

success = 1
