# Result for fluid-solid coexistence at 
kT = 8.8000e-01

fluidType = vapour

muCoex = -4.28839068e+00
freeEnergyCoex = -1.52196627e-02
densitySolidCoex = 8.89162687e-01
NgridCoex = 1.32032398e+02
CvacCoex = 7.07495757e-04
alphaCoex = 6.91658225e+01
densityFluidCoex = 1.70846975e-02

success = 1
