# Result for fluid-solid coexistence at 
kT = 5.0000e-01

fluidType = vapour

muCoex = -1.07990420e+01
freeEnergyCoex = -2.04357765e-05
densitySolidCoex = 9.91042978e-01
NgridCoex = 1.27373080e+02
CvacCoex = 8.85759731e-06
alphaCoex = 2.87920459e+02
densityFluidCoex = 2.04309671e-05

success = 1
