# Result for fluid-solid coexistence at 
kT = 6.0000e-01

fluidType = vapour

muCoex = -8.19929044e+00
freeEnergyCoex = -2.75956221e-04
densitySolidCoex = 9.71592651e-01
NgridCoex = 1.28217595e+02
CvacCoex = 5.85887183e-06
alphaCoex = 2.02626153e+02
densityFluidCoex = 2.76729296e-04

success = 1
