# Result for fluid-solid coexistence at 
kT = 8.4000e-01

fluidType = vapour

muCoex = -4.66653912e+00
freeEnergyCoex = -1.01050693e-02
densitySolidCoex = 9.06523242e-01
NgridCoex = 1.31200866e+02
CvacCoex = 3.23460820e-04
alphaCoex = 8.43417612e+01
densityFluidCoex = 1.09187445e-02

success = 1
