# Result for fluid-solid coexistence at 
kT = 7.4000e-01

fluidType = vapour

muCoex = -5.82538632e+00
freeEnergyCoex = -3.02958360e-03
densitySolidCoex = 9.38811626e-01
NgridCoex = 1.29691357e+02
CvacCoex = 4.47706656e-05
alphaCoex = 1.25509291e+02
densityFluidCoex = 3.10761980e-03

success = 1
