# Result for fluid-solid coexistence at 
kT = 5.8000e-01

fluidType = vapour

muCoex = -8.64176255e+00
freeEnergyCoex = -1.77255178e-04
densitySolidCoex = 9.75514950e-01
NgridCoex = 1.28045533e+02
CvacCoex = 6.54551723e-06
alphaCoex = 2.16785246e+02
densityFluidCoex = 1.77578211e-04

success = 1
