# Result for fluid-solid coexistence at 
kT = 6.4000e-01

fluidType = vapour

muCoex = -7.40296208e+00
freeEnergyCoex = -6.13496115e-04
densitySolidCoex = 9.63591170e-01
NgridCoex = 1.28571641e+02
CvacCoex = 5.63772671e-06
alphaCoex = 1.77934399e+02
densityFluidCoex = 6.17177869e-04

success = 1
