# Result for fluid-solid coexistence at 
kT = 7.2000e-01

fluidType = vapour

muCoex = -6.10204283e+00
freeEnergyCoex = -2.28546792e-03
densitySolidCoex = 9.44448470e-01
NgridCoex = 1.29433390e+02
CvacCoex = 2.93975952e-05
alphaCoex = 1.35030182e+02
densityFluidCoex = 2.33092629e-03

success = 1
