# Result for solid computation at 
kT = 5.8000e-01
mu = -8.7186e+00

Ngrid_min = 1.28093338e+02
Cvac_min = 6.43534006e-06
alpha_min = 2.14734170e+02
freeEnergy_min = 7.47209123e-02
density_min = 9.74422567e-01

success = 1
