# Result for solid computation at 
kT = 5.8000e-01
mu = -8.9186e+00

Ngrid_min = 1.28217064e+02
Cvac_min = 6.14829511e-06
alpha_min = 2.09588938e+02
freeEnergy_min = 2.69323040e-01
density_min = 9.71604171e-01

success = 1
