# Result for solid computation at 
kT = 7.0000e-01
mu = -6.7103e+00

Ngrid_min = 1.29518774e+02
Cvac_min = 2.94077624e-05
alpha_min = 1.37001446e+02
freeEnergy_min = 2.95680587e-01
density_min = 9.42583284e-01

success = 1
