# Result for solid computation at 
kT = 6.0000e-01
mu = -8.6418e+00

Ngrid_min = 1.28496205e+02
Cvac_min = 5.35218676e-06
alpha_min = 1.92011328e+02
freeEnergy_min = 4.28238900e-01
density_min = 9.65285859e-01

success = 1
