# Result for solid computation at 
kT = 8.6000e-01
mu = -4.6665e+00

Ngrid_min = 1.32058024e+02
Cvac_min = 6.87837761e-04
alpha_min = 7.08156977e+01
freeEnergy_min = 1.61544235e-01
density_min = 8.88662083e-01

success = 1
