# Result for solid computation at 
kT = 5.6000e-01
mu = -9.0336e+00

Ngrid_min = 1.27818663e+02
Cvac_min = 7.43391847e-06
alpha_min = 2.35027191e+02
freeEnergy_min = -8.33476420e-02
density_min = 9.80718284e-01

success = 1
