# Result for solid computation at 
kT = 8.2000e-01
mu = -5.0897e+00

Ngrid_min = 1.31244715e+02
Cvac_min = 3.16205226e-04
alpha_min = 8.60274582e+01
freeEnergy_min = 1.89914929e-01
density_min = 9.05621485e-01

success = 1
