# Result for solid computation at 
kT = 6.0000e-01
mu = -8.4418e+00

Ngrid_min = 1.28370889e+02
Cvac_min = 5.52372178e-06
alpha_min = 1.96640095e+02
freeEnergy_min = 2.34899306e-01
density_min = 9.68115646e-01

success = 1
