# Result for solid computation at 
kT = 7.8000e-01
mu = -5.1656e+00

Ngrid_min = 1.30031449e+02
Cvac_min = 8.00481703e-05
alpha_min = 1.11859021e+02
freeEnergy_min = -1.49442358e-01
density_min = 9.31429357e-01

success = 1
