# Result for solid computation at 
kT = 5.0000e-01
mu = -1.0400e+01

Ngrid_min = 1.27205699e+02
Cvac_min = 9.82542016e-06
alpha_min = 2.98926607e+02
freeEnergy_min = -3.96267041e-01
density_min = 9.94959881e-01

success = 1
