# Result for solid computation at 
kT = 5.8000e-01
mu = -8.5186e+00

Ngrid_min = 1.27968646e+02
Cvac_min = 6.72378486e-06
alpha_min = 2.20130885e+02
freeEnergy_min = -1.20448193e-01
density_min = 9.77274058e-01

success = 1
