# Result for solid computation at 
kT = 8.0000e-01
mu = -4.9210e+00

Ngrid_min = 1.30274931e+02
Cvac_min = 1.14877079e-04
alpha_min = 1.04331553e+02
freeEnergy_min = -1.62817660e-01
density_min = 9.26183421e-01

success = 1
