# Result for solid computation at 
kT = 7.6000e-01
mu = -5.4254e+00

Ngrid_min = 1.29783492e+02
Cvac_min = 5.51055008e-05
alpha_min = 1.20088373e+02
freeEnergy_min = -1.34973823e-01
density_min = 9.36802541e-01

success = 1
