# Result for solid computation at 
kT = 8.2000e-01
mu = -4.8897e+00

Ngrid_min = 1.30885339e+02
Cvac_min = 2.26385608e-04
alpha_min = 9.15025544e+01
freeEnergy_min = 8.03775633e-03
density_min = 9.13185116e-01

success = 1
