# Result for solid computation at 
kT = 5.0000e-01
mu = -1.0200e+01

Ngrid_min = 1.27121146e+02
Cvac_min = 1.04101822e-05
alpha_min = 3.04460610e+02
freeEnergy_min = -5.95457436e-01
density_min = 9.96946355e-01

success = 1
