# Result for solid computation at 
kT = 8.2000e-01
mu = -4.6897e+00

Ngrid_min = 1.30518338e+02
Cvac_min = 1.62776485e-04
alpha_min = 9.74820696e+01
freeEnergy_min = -1.75373896e-01
density_min = 9.20969697e-01

success = 1
