# Result for solid computation at 
kT = 8.4000e-01
mu = -4.4720e+00

Ngrid_min = 1.30844548e+02
Cvac_min = 2.33104622e-04
alpha_min = 8.96938160e+01
freeEnergy_min = -1.87217166e-01
density_min = 9.14033459e-01

success = 1
