# Result for solid computation at 
kT = 8.6000e-01
mu = -4.2665e+00

Ngrid_min = 1.31163701e+02
Cvac_min = 3.30310720e-04
alpha_min = 8.26106024e+01
freeEnergy_min = -1.98368265e-01
density_min = 9.07288068e-01

success = 1
