# Result for solid computation at 
kT = 8.0000e-01
mu = -5.3210e+00

Ngrid_min = 1.30912678e+02
Cvac_min = 2.17284842e-04
alpha_min = 9.36043140e+01
freeEnergy_min = 2.05707027e-01
density_min = 9.12621327e-01

success = 1
