# Result for solid computation at 
kT = 7.2000e-01
mu = -6.3968e+00

Ngrid_min = 1.29785366e+02
Cvac_min = 4.48674315e-05
alpha_min = 1.27008635e+02
freeEnergy_min = 2.75344755e-01
density_min = 9.36771546e-01

success = 1
