# Result for solid computation at 
kT = 6.0000e-01
mu = -8.0418e+00

Ngrid_min = 1.28117246e+02
Cvac_min = 6.07043890e-06
alpha_min = 2.06583242e+02
freeEnergy_min = -1.53494699e-01
density_min = 9.73877411e-01

success = 1
