# Result for solid computation at 
kT = 8.0000e-01
mu = -5.1210e+00

Ngrid_min = 1.30552847e+02
Cvac_min = 1.56370335e-04
alpha_min = 9.95682810e+01
freeEnergy_min = 2.24239666e-02
density_min = 9.20245410e-01

success = 1
