# Result for solid computation at 
kT = 5.6000e-01
mu = -9.6336e+00

Ngrid_min = 1.28181840e+02
Cvac_min = 6.55702839e-06
alpha_min = 2.18496945e+02
freeEnergy_min = 5.02575246e-01
density_min = 9.72405129e-01

success = 1
