# Result for solid computation at 
kT = 8.8000e-01
mu = -4.2719e+00

Ngrid_min = 1.31989946e+02
Cvac_min = 6.84335221e-04
alpha_min = 6.96775935e+01
freeEnergy_min = -2.99476492e-02
density_min = 8.90041190e-01

success = 1
