# Result for solid computation at 
kT = 5.2000e-01
mu = -1.0999e+01

Ngrid_min = 1.27975625e+02
Cvac_min = 7.90369065e-06
alpha_min = 2.45047807e+02
freeEnergy_min = 7.93392085e-01
density_min = 9.77113004e-01

success = 1
