# Result for solid computation at 
kT = 8.4000e-01
mu = -4.8720e+00

Ngrid_min = 1.31601049e+02
Cvac_min = 4.60085933e-04
alpha_min = 7.88096547e+01
freeEnergy_min = 1.75750308e-01
density_min = 8.98157679e-01

success = 1
