# Result for solid computation at 
kT = 5.0000e-01
mu = -1.0000e+01

Ngrid_min = 1.27036144e+02
Cvac_min = 1.11006255e-05
alpha_min = 3.10503357e+02
freeEnergy_min = -7.95046859e-01
density_min = 9.98948614e-01

success = 1
