# Result for solid computation at 
kT = 8.8000e-01
mu = -4.0719e+00

Ngrid_min = 1.31475260e+02
Cvac_min = 4.65859938e-04
alpha_min = 7.61627301e+01
freeEnergy_min = -2.09466225e-01
density_min = 9.00730371e-01

success = 1
