# Result for solid computation at 
kT = 5.8000e-01
mu = -9.1186e+00

Ngrid_min = 1.28339834e+02
Cvac_min = 5.84405787e-06
alpha_min = 2.04618801e+02
freeEnergy_min = 4.63364733e-01
density_min = 9.68818391e-01

success = 1
