# Result for solid computation at 
kT = 7.0000e-01
mu = -6.5103e+00

Ngrid_min = 1.29330537e+02
Cvac_min = 2.23067431e-05
alpha_min = 1.41412616e+02
freeEnergy_min = 1.05925139e-01
density_min = 9.46708832e-01

success = 1
