# Result for solid computation at 
kT = 5.4000e-01
mu = -1.0191e+01

Ngrid_min = 1.28022187e+02
Cvac_min = 7.33114429e-06
alpha_min = 2.33850986e+02
freeEnergy_min = 5.46558425e-01
density_min = 9.76047604e-01

success = 1
