# Result for solid computation at 
kT = 5.0000e-01
mu = -9.8000e+00

Ngrid_min = 1.26950694e+02
Cvac_min = 1.18940430e-05
alpha_min = 3.16658718e+02
freeEnergy_min = -9.95038129e-01
density_min = 1.00096675e+00

success = 1
