# Result for solid computation at 
kT = 5.6000e-01
mu = -9.2336e+00

Ngrid_min = 1.27940639e+02
Cvac_min = 7.12783987e-06
alpha_min = 2.29282099e+02
freeEnergy_min = 1.12515228e-01
density_min = 9.77915726e-01

success = 1
