# Result for solid computation at 
kT = 5.2000e-01
mu = -1.0399e+01

Ngrid_min = 1.27631644e+02
Cvac_min = 8.83310826e-06
alpha_min = 2.63187751e+02
freeEnergy_min = 2.04760340e-01
density_min = 9.85035041e-01

success = 1
