# Result for min over (Cvac,alpha) at 
kT = 5.0000e-01
mu = -9.8000e+00
Ngrid = 127

Cvac_min = 1.14255037e-05
alpha_min = 3.13084788e+02
freeEnergy_min = -9.94971024e-01
density_min = 9.99801600e-01

success = 1
