# Result for min over (Cvac,alpha) at 
kT = 6.8000e-01
mu = -6.6450e+00
Ngrid = 130

Cvac_min = 1.26598710e-05
alpha_min = 1.29761303e+02
freeEnergy_min = -5.02568739e-02
density_min = 9.32168445e-01

success = 1
