# Result for min over (Cvac,alpha) at 
kT = 8.2000e-01
mu = -4.6897e+00
Ngrid = 130

Cvac_min = 1.49902896e-04
alpha_min = 1.06571493e+02
freeEnergy_min = -1.73838688e-01
density_min = 9.32040509e-01

success = 1
