# Result for min over (Cvac,alpha) at 
kT = 6.0000e-01
mu = -8.0418e+00
Ngrid = 129

Cvac_min = 4.27930288e-06
alpha_min = 1.75312536e+02
freeEnergy_min = -1.39592563e-01
density_min = 9.54023259e-01

success = 1
