# Result for min over (Cvac,alpha) at 
kT = 7.2000e-01
mu = -6.1968e+00
Ngrid = 129

Cvac_min = 3.14488115e-05
alpha_min = 1.45842843e+02
freeEnergy_min = 8.98551616e-02
density_min = 9.53997339e-01

success = 1
