# Result for min over (Cvac,alpha) at 
kT = 7.4000e-01
mu = -5.9020e+00
Ngrid = 130

Cvac_min = 5.18086997e-05
alpha_min = 1.18908756e+02
freeEnergy_min = 6.92511938e-02
density_min = 9.32131951e-01

success = 1
