# Result for min over (Cvac,alpha) at 
kT = 6.4000e-01
mu = -7.7878e+00
Ngrid = 130

Cvac_min = 9.09500958e-06
alpha_min = 1.37969931e+02
freeEnergy_min = 3.83721193e-01
density_min = 9.32171768e-01

success = 1
