# Result for min over (Cvac,alpha) at 
kT = 8.4000e-01
mu = -4.8720e+00
Ngrid = 129

Cvac_min = 2.85874750e-04
alpha_min = 1.23963037e+02
freeEnergy_min = 2.17996550e-01
density_min = 9.53754609e-01

success = 1
