# Result for min over (Cvac,alpha) at 
kT = 5.2000e-01
mu = -1.0999e+01
Ngrid = 128

Cvac_min = 7.84258591e-06
alpha_min = 2.43836043e+02
freeEnergy_min = 7.93404082e-01
density_min = 9.76554841e-01

success = 1
