# Result for min over (Cvac,alpha) at 
kT = 7.4000e-01
mu = -6.1020e+00
Ngrid = 130

Cvac_min = 6.71927087e-05
alpha_min = 1.18901907e+02
freeEnergy_min = 2.55676212e-01
density_min = 9.32117610e-01

success = 1
