# Result for min over (Cvac,alpha) at 
kT = 8.4000e-01
mu = -4.6720e+00
Ngrid = 133

Cvac_min = 5.03467454e-04
alpha_min = 6.21301076e+01
freeEnergy_min = 9.61917125e-03
density_min = 8.70074261e-01

success = 1
