# Result for min over (Cvac,alpha) at 
kT = 7.8000e-01
mu = -5.5656e+00
Ngrid = 129

Cvac_min = 1.14456051e-04
alpha_min = 1.34182355e+02
freeEnergy_min = 2.40806860e-01
density_min = 9.53918147e-01

success = 1
