# Result for min over (Cvac,alpha) at 
kT = 8.8000e-01
mu = -4.2719e+00
Ngrid = 132

Cvac_min = 6.86092439e-04
alpha_min = 6.95556343e+01
freeEnergy_min = -2.99472518e-02
density_min = 8.89836242e-01

success = 1
