# Result for min over (Cvac,alpha) at 
kT = 6.4000e-01
mu = -7.7878e+00
Ngrid = 129

Cvac_min = 8.15199135e-06
alpha_min = 1.64367865e+02
freeEnergy_min = 3.68822499e-01
density_min = 9.54019564e-01

success = 1
