# Result for min over (Cvac,alpha) at 
kT = 7.4000e-01
mu = -5.7020e+00
Ngrid = 131

Cvac_min = 4.71267432e-05
alpha_min = 1.00417687e+02
freeEnergy_min = -1.00974160e-01
density_min = 9.10952219e-01

success = 1
