# Result for min over (Cvac,alpha) at 
kT = 5.8000e-01
mu = -8.5186e+00
Ngrid = 128

Cvac_min = 6.64953037e-06
alpha_min = 2.18752585e+02
freeEnergy_min = -1.20430199e-01
density_min = 9.76556006e-01

success = 1
