# Result for min over (Cvac,alpha) at 
kT = 7.0000e-01
mu = -6.5103e+00
Ngrid = 131

Cvac_min = 2.92367505e-05
alpha_min = 1.06493679e+02
freeEnergy_min = 1.32633374e-01
density_min = 9.10968516e-01

success = 1
