# Result for min over (Cvac,alpha) at 
kT = 5.4000e-01
mu = -9.7915e+00
Ngrid = 129

Cvac_min = 5.33748933e-06
alpha_min = 1.94401858e+02
freeEnergy_min = 1.83640070e-01
density_min = 9.54022250e-01

success = 1
