# Result for min over (Cvac,alpha) at 
kT = 5.6000e-01
mu = -9.0336e+00
Ngrid = 129

Cvac_min = 4.89134708e-06
alpha_min = 1.87602887e+02
freeEnergy_min = -5.71097430e-02
density_min = 9.54022675e-01

success = 1
