# Result for min over (Cvac,alpha) at 
kT = 8.8000e-01
mu = -4.0719e+00
Ngrid = 130

Cvac_min = 3.52874907e-04
alpha_min = 9.85256464e+01
freeEnergy_min = -1.97321377e-01
density_min = 9.31851303e-01

success = 1
