# Result for min over (Cvac,alpha) at 
kT = 6.6000e-01
mu = -7.2030e+00
Ngrid = 128

Cvac_min = 9.10821243e-06
alpha_min = 1.92037074e+02
freeEnergy_min = 1.61208072e-01
density_min = 9.76553605e-01

success = 1
