# Result for min over (Cvac,alpha) at 
kT = 5.0000e-01
mu = -1.0800e+01
Ngrid = 128

Cvac_min = 8.23804876e-06
alpha_min = 2.53462557e+02
freeEnergy_min = 1.19078773e-02
density_min = 9.76554455e-01

success = 1
