# Result for min over (Cvac,alpha) at 
kT = 6.8000e-01
mu = -6.6450e+00
Ngrid = 128

Cvac_min = 1.05980942e-05
alpha_min = 1.86276377e+02
freeEnergy_min = -5.25714222e-02
density_min = 9.76552150e-01

success = 1
