# Result for min over (Cvac,alpha) at 
kT = 8.0000e-01
mu = -5.3210e+00
Ngrid = 130

Cvac_min = 1.82558510e-04
alpha_min = 1.09438117e+02
freeEnergy_min = 2.10609667e-01
density_min = 9.32010068e-01

success = 1
