# Result for min over (Cvac,alpha) at 
kT = 5.2000e-01
mu = -1.0399e+01
Ngrid = 126

Cvac_min = 1.92798565e-05
alpha_min = 3.80783269e+02
freeEnergy_min = 2.72247196e-01
density_min = 1.02378779e+00

success = 1
