# Result for min over (Cvac,alpha) at 
kT = 5.0000e-01
mu = -1.0000e+01
Ngrid = 123

Cvac_min = 3.49663300e-04
alpha_min = 1.07933702e+03
freeEnergy_min = -1.20488304e-01
density_min = 1.10017744e+00

success = 1
