# Result for min over (Cvac,alpha) at 
kT = 6.0000e-01
mu = -8.4418e+00
Ngrid = 129

Cvac_min = 4.31022156e-06
alpha_min = 1.75286080e+02
freeEnergy_min = 2.42016727e-01
density_min = 9.54023230e-01

success = 1
