# Result for min over (Cvac,alpha) at 
kT = 5.2000e-01
mu = -1.0599e+01
Ngrid = 126

Cvac_min = 1.93231845e-05
alpha_min = 3.80846256e+02
freeEnergy_min = 4.77004752e-01
density_min = 1.02378774e+00

success = 1
