# Result for min over (Cvac,alpha) at 
kT = 5.2000e-01
mu = -1.0199e+01
Ngrid = 126

Cvac_min = 1.92718498e-05
alpha_min = 3.80772115e+02
freeEnergy_min = 6.74896410e-02
density_min = 1.02378779e+00

success = 1
