# Result for min over (Cvac,alpha) at 
kT = 7.8000e-01
mu = -5.5656e+00
Ngrid = 130

Cvac_min = 1.32604215e-04
alpha_min = 1.12461108e+02
freeEnergy_min = 2.23398964e-01
density_min = 9.32056635e-01

success = 1
