# Result for min over (Cvac,alpha) at 
kT = 8.8000e-01
mu = -4.2719e+00
Ngrid = 131

Cvac_min = 5.48054331e-04
alpha_min = 8.26965908e+01
freeEnergy_min = -2.60945943e-02
density_min = 9.10495876e-01

success = 1
