# Result for min over (Cvac,alpha) at 
kT = 7.8000e-01
mu = -5.1656e+00
Ngrid = 131

Cvac_min = 9.44505696e-05
alpha_min = 9.48579587e+01
freeEnergy_min = -1.41795095e-01
density_min = 9.10909107e-01

success = 1
