# Result for min over (Cvac,alpha) at 
kT = 7.0000e-01
mu = -6.5103e+00
Ngrid = 129

Cvac_min = 2.13926569e-05
alpha_min = 1.50121480e+02
freeEnergy_min = 1.07228211e-01
density_min = 9.54006932e-01

success = 1
