# Result for min over (Cvac,alpha) at 
kT = 6.6000e-01
mu = -7.4030e+00
Ngrid = 129

Cvac_min = 1.22314279e-05
alpha_min = 1.59359829e+02
freeEnergy_min = 3.41204736e-01
density_min = 9.54015673e-01

success = 1
