# Result for min over (Cvac,alpha) at 
kT = 7.4000e-01
mu = -5.9020e+00
Ngrid = 131

Cvac_min = 6.19077220e-05
alpha_min = 1.00416277e+02
freeEnergy_min = 8.12149847e-02
density_min = 9.10938753e-01

success = 1
