# Result for min over (Cvac,alpha) at 
kT = 7.0000e-01
mu = -6.7103e+00
Ngrid = 129

Cvac_min = 2.74241774e-05
alpha_min = 1.50117616e+02
freeEnergy_min = 2.98029053e-01
density_min = 9.54001178e-01

success = 1
