# Result for min over (Cvac,alpha) at 
kT = 6.0000e-01
mu = -8.0418e+00
Ngrid = 128

Cvac_min = 6.33373519e-06
alpha_min = 2.11439809e+02
freeEnergy_min = -1.53249455e-01
density_min = 9.76556315e-01

success = 1
