# Result for min over (Cvac,alpha) at 
kT = 6.4000e-01
mu = -7.3878e+00
Ngrid = 128

Cvac_min = 5.82249779e-06
alpha_min = 1.98133114e+02
freeEnergy_min = -1.13287557e-02
density_min = 9.76556814e-01

success = 1
