# Result for min over (Cvac,alpha) at 
kT = 7.8000e-01
mu = -5.1656e+00
Ngrid = 130

Cvac_min = 7.96576623e-05
alpha_min = 1.12475654e+02
freeEnergy_min = -1.49434296e-01
density_min = 9.32105990e-01

success = 1
