# Result for min over (Cvac,alpha) at 
kT = 5.0000e-01
mu = -1.0000e+01
Ngrid = 127

Cvac_min = 1.14255037e-05
alpha_min = 3.13084788e+02
freeEnergy_min = -7.95010704e-01
density_min = 9.99801600e-01

success = 1
