# Result for min over (Cvac,alpha) at 
kT = 5.2000e-01
mu = -1.0799e+01
Ngrid = 126

Cvac_min = 1.93049015e-05
alpha_min = 3.80769414e+02
freeEnergy_min = 6.81762336e-01
density_min = 1.02378776e+00

success = 1
