# Result for min over (Cvac,alpha) at 
kT = 8.4000e-01
mu = -4.8720e+00
Ngrid = 133

Cvac_min = 6.64698122e-04
alpha_min = 6.20905219e+01
freeEnergy_min = 1.83620675e-01
density_min = 8.69933907e-01

success = 1
