# Result for min over (Cvac,alpha) at 
kT = 8.0000e-01
mu = -4.9210e+00
Ngrid = 131

Cvac_min = 1.30184089e-04
alpha_min = 9.22508671e+01
freeEnergy_min = -1.58583527e-01
density_min = 9.10876554e-01

success = 1
