# Result for min over (Cvac,alpha) at 
kT = 6.2000e-01
mu = -7.5993e+00
Ngrid = 127

Cvac_min = 8.17888754e-06
alpha_min = 2.50820854e+02
freeEnergy_min = -1.55209630e-01
density_min = 9.99804846e-01

success = 1
