# Result for min over (Cvac,alpha) at 
kT = 7.0000e-01
mu = -6.3103e+00
Ngrid = 129

Cvac_min = 1.66457269e-05
alpha_min = 1.50121615e+02
freeEnergy_min = -8.35736461e-02
density_min = 9.54011461e-01

success = 1
