# Result for min over (Cvac,alpha) at 
kT = 7.2000e-01
mu = -6.3968e+00
Ngrid = 129

Cvac_min = 3.99631814e-05
alpha_min = 1.45843652e+02
freeEnergy_min = 2.80653854e-01
density_min = 9.53989216e-01

success = 1
