# Result for min over (Cvac,alpha) at 
kT = 8.8000e-01
mu = -4.4719e+00
Ngrid = 132

Cvac_min = 8.92404369e-04
alpha_min = 6.95000817e+01
freeEnergy_min = 1.48002391e-01
density_min = 8.89652532e-01

success = 1
