# Result for min over (Cvac,alpha) at 
kT = 5.4000e-01
mu = -9.9915e+00
Ngrid = 127

Cvac_min = 1.02280520e-05
alpha_min = 2.89271298e+02
freeEnergy_min = 3.67023096e-01
density_min = 9.99802797e-01

success = 1
