# Result for min over (Cvac,alpha) at 
kT = 5.2000e-01
mu = -1.0399e+01
Ngrid = 128

Cvac_min = 7.85092068e-06
alpha_min = 2.43938194e+02
freeEnergy_min = 2.07471178e-01
density_min = 9.76554833e-01

success = 1
