# Result for min over (Cvac,alpha) at 
kT = 7.4000e-01
mu = -5.9020e+00
Ngrid = 129

Cvac_min = 4.49624386e-05
alpha_min = 1.41779627e+02
freeEnergy_min = 7.41438449e-02
density_min = 9.53984446e-01

success = 1
