# Result for min over (Cvac,alpha) at 
kT = 5.2000e-01
mu = -1.0999e+01
Ngrid = 129

Cvac_min = 5.83294490e-06
alpha_min = 2.01710066e+02
freeEnergy_min = 8.14581493e-01
density_min = 9.54021777e-01

success = 1
