# Result for min over (Cvac,alpha) at 
kT = 7.0000e-01
mu = -6.5103e+00
Ngrid = 128

Cvac_min = 1.94191476e-05
alpha_min = 1.80819753e+02
freeEnergy_min = 1.27039735e-01
density_min = 9.76543536e-01

success = 1
