# Result for min over (Cvac,alpha) at 
kT = 6.4000e-01
mu = -7.5878e+00
Ngrid = 130

Cvac_min = 7.07764990e-06
alpha_min = 1.37969259e+02
freeEnergy_min = 1.97286643e-01
density_min = 9.32173648e-01

success = 1
