# Result for min over (Cvac,alpha) at 
kT = 6.8000e-01
mu = -7.0450e+00
Ngrid = 129

Cvac_min = 1.83480187e-05
alpha_min = 1.54616819e+02
freeEnergy_min = 3.18116646e-01
density_min = 9.54009837e-01

success = 1
