# Result for min over (Cvac,alpha) at 
kT = 8.2000e-01
mu = -4.6897e+00
Ngrid = 131

Cvac_min = 1.77847630e-04
alpha_min = 8.97346256e+01
freeEnergy_min = -1.74048252e-01
density_min = 9.10833133e-01

success = 1
