# Result for min over (Cvac,alpha) at 
kT = 8.0000e-01
mu = -4.9210e+00
Ngrid = 129

Cvac_min = 9.65091830e-05
alpha_min = 1.30656483e+02
freeEnergy_min = -1.49726442e-01
density_min = 9.53935269e-01

success = 1
