# Result for min over (Cvac,alpha) at 
kT = 6.2000e-01
mu = -7.7993e+00
Ngrid = 129

Cvac_min = 4.32485536e-06
alpha_min = 1.69667079e+02
freeEnergy_min = 1.71831571e-02
density_min = 9.54023216e-01

success = 1
