# Result for min over (Cvac,alpha) at 
kT = 5.0000e-01
mu = -1.0400e+01
Ngrid = 128

Cvac_min = 8.24794592e-06
alpha_min = 2.53586217e+02
freeEnergy_min = -3.78713909e-01
density_min = 9.76554445e-01

success = 1
