# Result for min over (Cvac,alpha) at 
kT = 5.0000e-01
mu = -1.0000e+01
Ngrid = 128

Cvac_min = 8.23692952e-06
alpha_min = 2.53660564e+02
freeEnergy_min = -7.69335620e-01
density_min = 9.76554456e-01

success = 1
