# Result for min over (Cvac,alpha) at 
kT = 7.6000e-01
mu = -5.6254e+00
Ngrid = 131

Cvac_min = 8.78925600e-05
alpha_min = 9.75735212e+01
freeEnergy_min = 5.94269437e-02
density_min = 9.10915081e-01

success = 1
