# Result for min over (Cvac,alpha) at 
kT = 7.2000e-01
mu = -6.1968e+00
Ngrid = 130

Cvac_min = 3.59823775e-05
alpha_min = 1.22350502e+02
freeEnergy_min = 8.93128839e-02
density_min = 9.32146704e-01

success = 1
