# Result for min over (Cvac,alpha) at 
kT = 6.8000e-01
mu = -6.8450e+00
Ngrid = 129

Cvac_min = 1.44321455e-05
alpha_min = 1.54619850e+02
freeEnergy_min = 1.27314290e-01
density_min = 9.54013573e-01

success = 1
