# Result for min over (Cvac,alpha) at 
kT = 7.6000e-01
mu = -5.6254e+00
Ngrid = 130

Cvac_min = 7.38514390e-05
alpha_min = 1.15617577e+02
freeEnergy_min = 5.18370478e-02
density_min = 9.32111403e-01

success = 1
