# Result for min over (Cvac,alpha) at 
kT = 5.8000e-01
mu = -8.5186e+00
Ngrid = 127

Cvac_min = 9.24893703e-06
alpha_min = 2.68776431e+02
freeEnergy_min = -1.03273941e-01
density_min = 9.99803776e-01

success = 1
