# Result for min over (Cvac,alpha) at 
kT = 7.8000e-01
mu = -5.5656e+00
Ngrid = 131

Cvac_min = 1.60071213e-04
alpha_min = 9.48459787e+01
freeEnergy_min = 2.22557578e-01
density_min = 9.10849327e-01

success = 1
