# Result for min over (Cvac,alpha) at 
kT = 8.6000e-01
mu = -4.6665e+00
Ngrid = 132

Cvac_min = 6.77511134e-04
alpha_min = 7.15292076e+01
freeEnergy_min = 1.61557719e-01
density_min = 8.89843884e-01

success = 1
