# Result for min over (Cvac,alpha) at 
kT = 5.8000e-01
mu = -9.1186e+00
Ngrid = 128

Cvac_min = 6.61842045e-06
alpha_min = 2.18767779e+02
freeEnergy_min = 4.65503382e-01
density_min = 9.76556037e-01

success = 1
