# Result for min over (Cvac,alpha) at 
kT = 5.6000e-01
mu = -9.2336e+00
Ngrid = 129

Cvac_min = 4.87567522e-06
alpha_min = 1.87639765e+02
freeEnergy_min = 1.33694779e-01
density_min = 9.54022690e-01

success = 1
