# Result for min over (Cvac,alpha) at 
kT = 8.0000e-01
mu = -5.1210e+00
Ngrid = 130

Cvac_min = 1.42402539e-04
alpha_min = 1.09452281e+02
freeEnergy_min = 2.42037624e-02
density_min = 9.32047501e-01

success = 1
