# Result for min over (Cvac,alpha) at 
kT = 8.4000e-01
mu = -4.4720e+00
Ngrid = 131

Cvac_min = 2.40224724e-04
alpha_min = 8.73189950e+01
freeEnergy_min = -1.87080174e-01
density_min = 9.10776307e-01

success = 1
