# Result for min over (Cvac,alpha) at 
kT = 6.4000e-01
mu = -7.5878e+00
Ngrid = 129

Cvac_min = 6.61008131e-06
alpha_min = 1.64367710e+02
freeEnergy_min = 1.78018431e-01
density_min = 9.54021035e-01

success = 1
