# Result for min over (Cvac,alpha) at 
kT = 8.0000e-01
mu = -5.1210e+00
Ngrid = 131

Cvac_min = 1.70389800e-04
alpha_min = 9.22379588e+01
freeEnergy_min = 2.35882843e-02
density_min = 9.10839927e-01

success = 1
