# Result for min over (Cvac,alpha) at 
kT = 8.6000e-01
mu = -4.6665e+00
Ngrid = 131

Cvac_min = 5.35787660e-04
alpha_min = 8.49257037e+01
freeEnergy_min = 1.66027663e-01
density_min = 9.10507051e-01

success = 1
