# Result for min over (Cvac,alpha) at 
kT = 6.4000e-01
mu = -7.7878e+00
Ngrid = 128

Cvac_min = 7.77587074e-06
alpha_min = 1.98129058e+02
freeEnergy_min = 3.79293637e-01
density_min = 9.76554906e-01

success = 1
