# Result for min over (Cvac,alpha) at 
kT = 7.0000e-01
mu = -6.7103e+00
Ngrid = 130

Cvac_min = 3.17681936e-05
alpha_min = 1.25961949e+02
freeEnergy_min = 2.97701406e-01
density_min = 9.32150632e-01

success = 1
