# Result for min over (Cvac,alpha) at 
kT = 8.4000e-01
mu = -4.4720e+00
Ngrid = 132

Cvac_min = 2.95561252e-04
alpha_min = 7.36644983e+01
freeEnergy_min = -1.79648763e-01
density_min = 8.90183990e-01

success = 1
