# Result for min over (Cvac,alpha) at 
kT = 8.6000e-01
mu = -4.2665e+00
Ngrid = 130

Cvac_min = 2.68417801e-04
alpha_min = 1.01110644e+02
freeEnergy_min = -1.90751586e-01
density_min = 9.31930032e-01

success = 1
