# Result for min over (Cvac,alpha) at 
kT = 7.8000e-01
mu = -5.3656e+00
Ngrid = 132

Cvac_min = 1.52222635e-04
alpha_min = 8.02921864e+01
freeEnergy_min = 5.55254858e-02
density_min = 8.90311625e-01

success = 1
