# Result for min over (Cvac,alpha) at 
kT = 7.0000e-01
mu = -6.7103e+00
Ngrid = 131

Cvac_min = 3.82750647e-05
alpha_min = 1.06491677e+02
freeEnergy_min = 3.14826299e-01
density_min = 9.10960283e-01

success = 1
