# Result for min over (Cvac,alpha) at 
kT = 6.0000e-01
mu = -8.2418e+00
Ngrid = 129

Cvac_min = 4.29159603e-06
alpha_min = 1.75281948e+02
freeEnergy_min = 5.12120792e-02
density_min = 9.54023247e-01

success = 1
