# Result for min over (Cvac,alpha) at 
kT = 7.2000e-01
mu = -5.9968e+00
Ngrid = 128

Cvac_min = 2.23221668e-05
alpha_min = 1.75651378e+02
freeEnergy_min = -8.14657069e-02
density_min = 9.76540701e-01

success = 1
