# Result for min over (Cvac,alpha) at 
kT = 5.2000e-01
mu = -1.0199e+01
Ngrid = 127

Cvac_min = 1.08171922e-05
alpha_min = 3.00612447e+02
freeEnergy_min = 1.27710729e-02
density_min = 9.99802208e-01

success = 1
