# Result for min over (Cvac,alpha) at 
kT = 6.6000e-01
mu = -7.0030e+00
Ngrid = 129

Cvac_min = 7.72016218e-06
alpha_min = 1.59361942e+02
freeEnergy_min = -4.04024712e-02
density_min = 9.54019976e-01

success = 1
