# Result for min over (Cvac,alpha) at 
kT = 5.4000e-01
mu = -1.0191e+01
Ngrid = 127

Cvac_min = 1.02906459e-05
alpha_min = 2.89261017e+02
freeEnergy_min = 5.66983821e-01
density_min = 9.99802735e-01

success = 1
