# Result for min over (Cvac,alpha) at 
kT = 7.2000e-01
mu = -6.1968e+00
Ngrid = 131

Cvac_min = 4.27845913e-05
alpha_min = 1.03383679e+02
freeEnergy_min = 1.05853645e-01
density_min = 9.10956174e-01

success = 1
