# Result for min over (Cvac,alpha) at 
kT = 6.0000e-01
mu = -8.4418e+00
Ngrid = 127

Cvac_min = 8.82713912e-06
alpha_min = 2.59554521e+02
freeEnergy_min = 2.68695934e-01
density_min = 9.99804198e-01

success = 1
