# Result for min over (Cvac,alpha) at 
kT = 6.4000e-01
mu = -7.3878e+00
Ngrid = 127

Cvac_min = 7.91724647e-06
alpha_min = 2.42705877e+02
freeEnergy_min = 2.42705541e-02
density_min = 9.99805107e-01

success = 1
