# Result for min over (Cvac,alpha) at 
kT = 6.0000e-01
mu = -8.6418e+00
Ngrid = 128

Cvac_min = 6.32038064e-06
alpha_min = 2.11445198e+02
freeEnergy_min = 4.32684326e-01
density_min = 9.76556328e-01

success = 1
