# Result for min over (Cvac,alpha) at 
kT = 5.8000e-01
mu = -8.7186e+00
Ngrid = 128

Cvac_min = 6.65272216e-06
alpha_min = 2.18763815e+02
freeEnergy_min = 7.48810011e-02
density_min = 9.76556003e-01

success = 1
