# Result for min over (Cvac,alpha) at 
kT = 6.2000e-01
mu = -8.1993e+00
Ngrid = 129

Cvac_min = 5.65024395e-06
alpha_min = 1.69668291e+02
freeEnergy_min = 3.98792225e-01
density_min = 9.54021951e-01

success = 1
