# Result for min over (Cvac,alpha) at 
kT = 5.0000e-01
mu = -1.0400e+01
Ngrid = 127

Cvac_min = 1.14691620e-05
alpha_min = 3.13202645e+02
freeEnergy_min = -3.95089841e-01
density_min = 9.99801556e-01

success = 1
