# Result for min over (Cvac,alpha) at 
kT = 8.4000e-01
mu = -4.6720e+00
Ngrid = 131

Cvac_min = 3.12496018e-04
alpha_min = 8.73117631e+01
freeEnergy_min = -4.93109847e-03
density_min = 9.10710469e-01

success = 1
