# Result for min over (Cvac,alpha) at 
kT = 8.8000e-01
mu = -4.0719e+00
Ngrid = 131

Cvac_min = 4.22018547e-04
alpha_min = 8.27372091e+01
freeEnergy_min = -2.08205798e-01
density_min = 9.10610694e-01

success = 1
