# Result for min over (Cvac,alpha) at 
kT = 9.0000e-01
mu = -4.0884e+00
Ngrid = 132

Cvac_min = 9.00449545e-04
alpha_min = 6.75944338e+01
freeEnergy_min = -4.12317075e-02
density_min = 8.89645369e-01

success = 1
