# Result for min over (Cvac,alpha) at 
kT = 5.0000e-01
mu = -9.8000e+00
Ngrid = 126

Cvac_min = 2.66488019e-05
alpha_min = 3.97401791e+02
freeEnergy_min = -9.70090428e-01
density_min = 1.02378024e+00

success = 1
