# Result for min over (Cvac,alpha) at 
kT = 6.0000e-01
mu = -8.6418e+00
Ngrid = 127

Cvac_min = 8.79968565e-06
alpha_min = 2.59537295e+02
freeEnergy_min = 4.68656734e-01
density_min = 9.99804225e-01

success = 1
