# Result for min over (Cvac,alpha) at 
kT = 5.2000e-01
mu = -1.0399e+01
Ngrid = 129

Cvac_min = 5.84667300e-06
alpha_min = 2.01600377e+02
freeEnergy_min = 2.42168512e-01
density_min = 9.54021764e-01

success = 1
