# Result for min over (Cvac,alpha) at 
kT = 7.6000e-01
mu = -5.6254e+00
Ngrid = 129

Cvac_min = 6.41425272e-05
alpha_min = 1.37900729e+02
freeEnergy_min = 6.08879477e-02
density_min = 9.53966148e-01

success = 1
