# Result for min over (Cvac,alpha) at 
kT = 8.6000e-01
mu = -4.2665e+00
Ngrid = 131

Cvac_min = 3.19674614e-04
alpha_min = 8.49896466e+01
freeEnergy_min = -1.98217540e-01
density_min = 9.10703929e-01

success = 1
