# Result for min over (Cvac,alpha) at 
kT = 9.0000e-01
mu = -4.0884e+00
Ngrid = 133

Cvac_min = 1.18576882e-03
alpha_min = 5.66756441e+01
freeEnergy_min = -4.06673474e-02
density_min = 8.69480309e-01

success = 1
