# Result for min over (Cvac,alpha) at 
kT = 6.2000e-01
mu = -7.7993e+00
Ngrid = 128

Cvac_min = 5.85462660e-06
alpha_min = 2.04586289e+02
freeEnergy_min = 1.34894888e-02
density_min = 9.76556783e-01

success = 1
