# Result for min over (Cvac,alpha) at 
kT = 5.8000e-01
mu = -8.5186e+00
Ngrid = 129

Cvac_min = 4.52734632e-06
alpha_min = 1.81249879e+02
freeEnergy_min = -1.00978333e-01
density_min = 9.54023022e-01

success = 1
