# Result for min over (Cvac,alpha) at 
kT = 8.8000e-01
mu = -4.0719e+00
Ngrid = 132

Cvac_min = 5.22483451e-04
alpha_min = 6.95991581e+01
freeEnergy_min = -2.07929688e-01
density_min = 8.89981928e-01

success = 1
