# Result for min over (Cvac,alpha) at 
kT = 6.0000e-01
mu = -8.0418e+00
Ngrid = 127

Cvac_min = 8.82145072e-06
alpha_min = 2.59563061e+02
freeEnergy_min = -1.31225745e-01
density_min = 9.99804203e-01

success = 1
