# Result for min over (Cvac,alpha) at 
kT = 7.4000e-01
mu = -5.7020e+00
Ngrid = 130

Cvac_min = 3.99614195e-05
alpha_min = 1.18910343e+02
freeEnergy_min = -1.17176334e-01
density_min = 9.32142995e-01

success = 1
