# Result for min over (Cvac,alpha) at 
kT = 5.4000e-01
mu = -9.9915e+00
Ngrid = 129

Cvac_min = 5.33586543e-06
alpha_min = 1.94396682e+02
freeEnergy_min = 3.74444519e-01
density_min = 9.54022251e-01

success = 1
