# Result for min over (Cvac,alpha) at 
kT = 6.6000e-01
mu = -7.2030e+00
Ngrid = 130

Cvac_min = 1.08179452e-05
alpha_min = 1.33756009e+02
freeEnergy_min = 1.64339762e-01
density_min = 9.32170162e-01

success = 1
