# Result for min over (Cvac,alpha) at 
kT = 8.4000e-01
mu = -4.8720e+00
Ngrid = 130

Cvac_min = 3.34068157e-04
alpha_min = 1.03743295e+02
freeEnergy_min = 1.89600476e-01
density_min = 9.31868834e-01

success = 1
