# Result for min over (Cvac,alpha) at 
kT = 7.6000e-01
mu = -5.8254e+00
Ngrid = 130

Cvac_min = 9.49400324e-05
alpha_min = 1.15614369e+02
freeEnergy_min = 2.38257443e-01
density_min = 9.32091745e-01

success = 1
