# Result for min over (Cvac,alpha) at 
kT = 6.2000e-01
mu = -7.9993e+00
Ngrid = 129

Cvac_min = 4.82882066e-06
alpha_min = 1.69667827e+02
freeEnergy_min = 2.07987755e-01
density_min = 9.54022735e-01

success = 1
