# Result for min over (Cvac,alpha) at 
kT = 6.8000e-01
mu = -7.0450e+00
Ngrid = 128

Cvac_min = 1.65814268e-05
alpha_min = 1.86275222e+02
freeEnergy_min = 3.38048363e-01
density_min = 9.76546307e-01

success = 1
