# Result for min over (Cvac,alpha) at 
kT = 8.8000e-01
mu = -4.0719e+00
Ngrid = 133

Cvac_min = 6.76254045e-04
alpha_min = 5.85066523e+01
freeEnergy_min = -1.99902783e-01
density_min = 8.69923848e-01

success = 1
