# Result for min over (Cvac,alpha) at 
kT = 9.0000e-01
mu = -4.2884e+00
Ngrid = 131

Cvac_min = 9.23016183e-04
alpha_min = 8.04416026e+01
freeEnergy_min = 1.48078948e-01
density_min = 9.10154288e-01

success = 1
