# Result for min over (Cvac,alpha) at 
kT = 5.4000e-01
mu = -1.0191e+01
Ngrid = 129

Cvac_min = 5.33388732e-06
alpha_min = 1.94427841e+02
freeEnergy_min = 5.65248968e-01
density_min = 9.54022253e-01

success = 1
