# Result for min over (Cvac,alpha) at 
kT = 7.6000e-01
mu = -5.4254e+00
Ngrid = 130

Cvac_min = 5.68822634e-05
alpha_min = 1.15623264e+02
freeEnergy_min = -1.34586885e-01
density_min = 9.32127221e-01

success = 1
