# Result for min over (Cvac,alpha) at 
kT = 5.0000e-01
mu = -1.0600e+01
Ngrid = 128

Cvac_min = 8.27660024e-06
alpha_min = 2.53519986e+02
freeEnergy_min = -1.83402915e-01
density_min = 9.76554417e-01

success = 1
