# Result for min over (Cvac,alpha) at 
kT = 6.2000e-01
mu = -7.7993e+00
Ngrid = 127

Cvac_min = 8.18656388e-06
alpha_min = 2.50788227e+02
freeEnergy_min = 4.47513640e-02
density_min = 9.99804838e-01

success = 1
