# Result for min over (Cvac,alpha) at 
kT = 6.8000e-01
mu = -6.8450e+00
Ngrid = 130

Cvac_min = 1.63987910e-05
alpha_min = 1.29761208e+02
freeEnergy_min = 1.36176483e-01
density_min = 9.32164959e-01

success = 1
