# Result for min over (Cvac,alpha) at 
kT = 5.8000e-01
mu = -8.9186e+00
Ngrid = 128

Cvac_min = 6.65274008e-06
alpha_min = 2.18794554e+02
freeEnergy_min = 2.70192204e-01
density_min = 9.76556003e-01

success = 1
