# Result for min over (Cvac,alpha) at 
kT = 6.0000e-01
mu = -8.4418e+00
Ngrid = 128

Cvac_min = 6.32829256e-06
alpha_min = 2.11445315e+02
freeEnergy_min = 2.37373064e-01
density_min = 9.76556320e-01

success = 1
