# Result for min over (Cvac,alpha) at 
kT = 7.8000e-01
mu = -5.3656e+00
Ngrid = 129

Cvac_min = 8.93565815e-05
alpha_min = 1.34194548e+02
freeEnergy_min = 5.00207215e-02
density_min = 9.53942093e-01

success = 1
