# Result for min over (Cvac,alpha) at 
kT = 5.2000e-01
mu = -1.0199e+01
Ngrid = 129

Cvac_min = 5.83125518e-06
alpha_min = 2.01570142e+02
freeEnergy_min = 5.13642103e-02
density_min = 9.54021778e-01

success = 1
