# Result for min over (Cvac,alpha) at 
kT = 6.2000e-01
mu = -8.1993e+00
Ngrid = 127

Cvac_min = 8.18894374e-06
alpha_min = 2.50839953e+02
freeEnergy_min = 4.44673280e-01
density_min = 9.99804836e-01

success = 1
