# Result for min over (Cvac,alpha) at 
kT = 6.0000e-01
mu = -8.6418e+00
Ngrid = 129

Cvac_min = 4.54700611e-06
alpha_min = 1.75286104e+02
freeEnergy_min = 4.32821354e-01
density_min = 9.54023004e-01

success = 1
