# Result for min over (Cvac,alpha) at 
kT = 8.2000e-01
mu = -5.0897e+00
Ngrid = 132

Cvac_min = 3.76595332e-04
alpha_min = 7.57612290e+01
freeEnergy_min = 1.93245541e-01
density_min = 8.90111833e-01

success = 1
