# Result for min over (Cvac,alpha) at 
kT = 8.4000e-01
mu = -4.8720e+00
Ngrid = 131

Cvac_min = 4.03978242e-04
alpha_min = 8.72695493e+01
freeEnergy_min = 1.77203123e-01
density_min = 9.10627129e-01

success = 1
