# Result for min over (Cvac,alpha) at 
kT = 8.0000e-01
mu = -4.9210e+00
Ngrid = 130

Cvac_min = 1.09994558e-04
alpha_min = 1.09460339e+02
freeEnergy_min = -1.62208887e-01
density_min = 9.32077711e-01

success = 1
