# Result for min over (Cvac,alpha) at 
kT = 5.4000e-01
mu = -9.9915e+00
Ngrid = 126

Cvac_min = 1.46138522e-05
alpha_min = 3.65578040e+02
freeEnergy_min = 4.35474443e-01
density_min = 1.02379256e+00

success = 1
