# Result for min over (Cvac,alpha) at 
kT = 6.6000e-01
mu = -7.4030e+00
Ngrid = 128

Cvac_min = 1.12118659e-05
alpha_min = 1.92034821e+02
freeEnergy_min = 3.56518598e-01
density_min = 9.76551551e-01

success = 1
