# Result for min over (Cvac,alpha) at 
kT = 5.6000e-01
mu = -9.4336e+00
Ngrid = 129

Cvac_min = 4.89370622e-06
alpha_min = 1.87644901e+02
freeEnergy_min = 3.24499335e-01
density_min = 9.54022673e-01

success = 1
