# Result for min over (Cvac,alpha) at 
kT = 5.4000e-01
mu = -1.0191e+01
Ngrid = 126

Cvac_min = 1.46801000e-05
alpha_min = 3.65500134e+02
freeEnergy_min = 6.40233003e-01
density_min = 1.02379249e+00

success = 1
