# Result for min over (Cvac,alpha) at 
kT = 6.6000e-01
mu = -7.4030e+00
Ngrid = 130

Cvac_min = 1.40139132e-05
alpha_min = 1.33755058e+02
freeEnergy_min = 3.50773509e-01
density_min = 9.32167182e-01

success = 1
