# Result for min over (Cvac,alpha) at 
kT = 9.0000e-01
mu = -4.2884e+00
Ngrid = 132

Cvac_min = 1.17301725e-03
alpha_min = 6.75134480e+01
freeEnergy_min = 1.36674305e-01
density_min = 8.89402662e-01

success = 1
