# Result for min over (Cvac,alpha) at 
kT = 6.6000e-01
mu = -7.0030e+00
Ngrid = 130

Cvac_min = 8.40663905e-06
alpha_min = 1.33755652e+02
freeEnergy_min = -2.20945033e-02
density_min = 9.32172409e-01

success = 1
