# Result for min over (Cvac,alpha) at 
kT = 8.2000e-01
mu = -5.0897e+00
Ngrid = 130

Cvac_min = 2.48033555e-04
alpha_min = 1.06535593e+02
freeEnergy_min = 1.98960612e-01
density_min = 9.31949034e-01

success = 1
