# Result for min over (Cvac,alpha) at 
kT = 5.4000e-01
mu = -9.9915e+00
Ngrid = 128

Cvac_min = 7.37908935e-06
alpha_min = 2.34891291e+02
freeEnergy_min = 3.51256983e-01
density_min = 9.76555294e-01

success = 1
