# Result for min over (Cvac,alpha) at 
kT = 8.4000e-01
mu = -4.4720e+00
Ngrid = 130

Cvac_min = 2.01390846e-04
alpha_min = 1.03781674e+02
freeEnergy_min = -1.83173747e-01
density_min = 9.31992513e-01

success = 1
