# Result for min over (Cvac,alpha) at 
kT = 7.6000e-01
mu = -5.8254e+00
Ngrid = 131

Cvac_min = 1.14637138e-04
alpha_min = 9.75656726e+01
freeEnergy_min = 2.41607606e-01
density_min = 9.10890717e-01

success = 1
