# Result for min over (Cvac,alpha) at 
kT = 7.0000e-01
mu = -6.3103e+00
Ngrid = 130

Cvac_min = 1.88623159e-05
alpha_min = 1.25965939e+02
freeEnergy_min = -7.51614656e-02
density_min = 9.32162663e-01

success = 1
