# Result for min over (Cvac,alpha) at 
kT = 8.8000e-01
mu = -4.4719e+00
Ngrid = 133

Cvac_min = 1.17923081e-03
alpha_min = 5.83806989e+01
freeEnergy_min = 1.47986197e-01
density_min = 8.69486000e-01

success = 1
