# Result for fluid-solid coexistence at 
kT = 7.8000e-01

fluidType = vapour

muCoex = -4.89051237e+00
freeEnergyCoex = -7.97086728e-03
densitySolidCoex = 9.12128526e-01
NgridCoex = 1.30937090e+02
CvacCoex = 1.98455453e-04
alphaCoex = 9.55903947e+01
densityFluidCoex = 8.47907437e-03

success = 1
