# Result for fluid-solid coexistence at 
kT = 7.2000e-01

fluidType = vapour

muCoex = -5.62804825e+00
freeEnergyCoex = -3.70836703e-03
densitySolidCoex = 9.31200253e-01
NgridCoex = 1.30043082e+02
CvacCoex = 5.86795808e-05
alphaCoex = 1.21052456e+02
densityFluidCoex = 3.82329658e-03

success = 1
