# Result for fluid-solid coexistence at 
kT = 6.4000e-01

fluidType = vapour

muCoex = -6.85876396e+00
freeEnergyCoex = -1.06189525e-03
densitySolidCoex = 9.52417555e-01
NgridCoex = 1.29072230e+02
CvacCoex = 9.83329312e-06
alphaCoex = 1.61637459e+02
densityFluidCoex = 1.07238473e-03

success = 1
