# Result for fluid-solid coexistence at 
kT = 6.2000e-01

fluidType = vapour

muCoex = -7.22182107e+00
freeEnergyCoex = -7.35951635e-04
densitySolidCoex = 9.57282358e-01
NgridCoex = 1.28853383e+02
CvacCoex = 6.48610749e-06
alphaCoex = 1.73676855e+02
densityFluidCoex = 7.41126725e-04

success = 1
