# Result for fluid-solid coexistence at 
kT = 8.8000e-01

fluidType = vapour

muCoex = -3.91978728e+00
freeEnergyCoex = -2.30585090e-02
densitySolidCoex = 8.64998550e-01
NgridCoex = 1.33212013e+02
CvacCoex = 1.58547563e-03
alphaCoex = 5.60814716e+01
densityFluidCoex = 2.75588169e-02

success = 1
