# Result for fluid-solid coexistence at 
kT = 6.6000e-01

fluidType = vapour

muCoex = -6.52004471e+00
freeEnergyCoex = -1.49578605e-03
densitySolidCoex = 9.47729170e-01
NgridCoex = 1.29284414e+02
CvacCoex = 1.55071697e-05
alphaCoex = 1.50808697e+02
densityFluidCoex = 1.51593164e-03

success = 1
