# Result for fluid-solid coexistence at 
kT = 5.6000e-01

fluidType = vapour

muCoex = -8.48490021e+00
freeEnergyCoex = -2.07431124e-04
densitySolidCoex = 9.70745456e-01
NgridCoex = 1.28254873e+02
CvacCoex = 6.35730128e-06
alphaCoex = 2.14627112e+02
densityFluidCoex = 2.07898997e-04

success = 1
