# Result for fluid-solid coexistence at 
kT = 8.6000e-01

fluidType = vapour

muCoex = -4.09212928e+00
freeEnergyCoex = -1.89367836e-02
densitySolidCoex = 8.78578975e-01
NgridCoex = 1.32548401e+02
CvacCoex = 9.82746748e-04
alphaCoex = 6.48990150e+01
densityFluidCoex = 2.18810467e-02

success = 1
