# Result for fluid-solid coexistence at 
kT = 7.6000e-01

fluidType = vapour

muCoex = -5.12134721e+00
freeEnergyCoex = -6.25933840e-03
densitySolidCoex = 9.19322156e-01
NgridCoex = 1.30597520e+02
CvacCoex = 1.32989676e-04
alphaCoex = 1.04121358e+02
densityFluidCoex = 6.57594444e-03

success = 1
