# Result for fluid-solid coexistence at 
kT = 6.8000e-01

fluidType = vapour

muCoex = -6.20281098e+00
freeEnergyCoex = -2.06325056e-03
densitySolidCoex = 9.42823388e-01
NgridCoex = 1.29507945e+02
CvacCoex = 2.44713506e-05
alphaCoex = 1.40784040e+02
densityFluidCoex = 2.10057273e-03

success = 1
