# Result for fluid-solid coexistence at 
kT = 5.0000e-01

fluidType = vapour

muCoex = -1.00783448e+01
freeEnergyCoex = -4.20561244e-05
densitySolidCoex = 9.83120649e-01
NgridCoex = 1.27714425e+02
CvacCoex = 9.00203591e-06
alphaCoex = 2.68063647e+02
densityFluidCoex = 4.20447444e-05

success = 1
