# Result for solid computation at 
kT = 7.0000e-01
mu = -6.2028e+00

Ngrid_min = 1.30126910e+02
Cvac_min = 5.86651441e-05
alpha_min = 1.22831079e+02
freeEnergy_min = 2.74319899e-01
density_min = 9.29400452e-01

success = 1
