# Result for solid computation at 
kT = 7.8000e-01
mu = -5.1213e+00

Ngrid_min = 1.31322081e+02
Cvac_min = 2.89733360e-04
alpha_min = 8.95580721e+01
freeEnergy_min = 2.01650465e-01
density_min = 9.04045520e-01

success = 1
