# Result for solid computation at 
kT = 8.6000e-01
mu = -3.8745e+00

Ngrid_min = 1.32018528e+02
Cvac_min = 6.44308852e-04
alpha_min = 7.11523421e+01
freeEnergy_min = -2.11354652e-01
density_min = 8.89498782e-01

success = 1
