# Result for solid computation at 
kT = 6.8000e-01
mu = -6.5200e+00

Ngrid_min = 1.29871139e+02
Cvac_min = 3.83350979e-05
alpha_min = 1.32244332e+02
freeEnergy_min = 2.96253141e-01
density_min = 9.34922486e-01

success = 1
