# Result for solid computation at 
kT = 6.0000e-01
mu = -8.0327e+00

Ngrid_min = 1.28980487e+02
Cvac_min = 6.65083086e-06
alpha_min = 1.75260067e+02
freeEnergy_min = 4.02971080e-01
density_min = 9.54454130e-01

success = 1
