# Result for solid computation at 
kT = 5.2000e-01
mu = -9.8783e+00

Ngrid_min = 1.28113223e+02
Cvac_min = 7.52535037e-06
alpha_min = 2.37433626e+02
freeEnergy_min = 3.66303121e-01
density_min = 9.73967751e-01

success = 1
