# Result for solid computation at 
kT = 8.0000e-01
mu = -4.8905e+00

Ngrid_min = 1.31693700e+02
Cvac_min = 4.26682428e-04
alpha_min = 8.18665985e+01
freeEnergy_min = 1.86218847e-01
density_min = 8.96293146e-01

success = 1
