# Result for solid computation at 
kT = 7.6000e-01
mu = -5.1673e+00

Ngrid_min = 1.30667794e+02
Cvac_min = 1.42869117e-04
alpha_min = 1.02907929e+02
freeEnergy_min = 3.60079302e-02
density_min = 9.17831118e-01

success = 1
