# Result for solid computation at 
kT = 7.6000e-01
mu = -5.3673e+00

Ngrid_min = 1.31000800e+02
Cvac_min = 1.96734726e-04
alpha_min = 9.72676931e+01
freeEnergy_min = 2.18867772e-01
density_min = 9.10799243e-01

success = 1
