# Result for solid computation at 
kT = 7.2000e-01
mu = -5.7059e+00

Ngrid_min = 1.30137498e+02
Cvac_min = 6.57024398e-05
alpha_min = 1.19087304e+02
freeEnergy_min = 6.87368060e-02
density_min = 9.29167035e-01

success = 1
