# Result for solid computation at 
kT = 8.8000e-01
mu = -3.6921e+00

Ngrid_min = 1.32425620e+02
Cvac_min = 9.32309607e-04
alpha_min = 6.44148566e+01
freeEnergy_min = -2.22277079e-01
density_min = 8.81065694e-01

success = 1
