# Result for solid computation at 
kT = 5.6000e-01
mu = -8.9737e+00

Ngrid_min = 1.28562006e+02
Cvac_min = 5.64551257e-06
alpha_min = 2.02844878e+02
freeEnergy_min = 4.73883808e-01
density_min = 9.63807485e-01

success = 1
