# Result for solid computation at 
kT = 6.8000e-01
mu = -6.3200e+00

Ngrid_min = 1.29634414e+02
Cvac_min = 2.87812677e-05
alpha_min = 1.37815263e+02
freeEnergy_min = 1.08756348e-01
density_min = 9.40063405e-01

success = 1
