# Result for solid computation at 
kT = 5.6000e-01
mu = -8.7737e+00

Ngrid_min = 1.28427240e+02
Cvac_min = 5.95070992e-06
alpha_min = 2.07548404e+02
freeEnergy_min = 2.79550926e-01
density_min = 9.66841307e-01

success = 1
