# Result for solid computation at 
kT = 7.8000e-01
mu = -4.7213e+00

Ngrid_min = 1.30649430e+02
Cvac_min = 1.51946955e-04
alpha_min = 1.00377952e+02
freeEnergy_min = -1.62775378e-01
density_min = 9.18209912e-01

success = 1
