# Result for solid computation at 
kT = 7.6000e-01
mu = -4.9673e+00

Ngrid_min = 1.30375496e+02
Cvac_min = 1.05425555e-04
alpha_min = 1.08011850e+02
freeEnergy_min = -1.48817761e-01
density_min = 9.24050307e-01

success = 1
