# Result for solid computation at 
kT = 8.8000e-01
mu = -3.8921e+00

Ngrid_min = 1.33099669e+02
Cvac_min = 1.46267743e-03
alpha_min = 5.72026872e+01
freeEnergy_min = -4.70368599e-02
density_min = 8.67287805e-01

success = 1
