# Result for solid computation at 
kT = 8.0000e-01
mu = -4.4905e+00

Ngrid_min = 1.30964034e+02
Cvac_min = 2.18847736e-04
alpha_min = 9.25406838e+01
freeEnergy_min = -1.75966931e-01
density_min = 9.11546518e-01

success = 1
