# Result for solid computation at 
kT = 8.2000e-01
mu = -4.2732e+00

Ngrid_min = 1.31271882e+02
Cvac_min = 3.12187239e-04
alpha_min = 8.54070475e+01
freeEnergy_min = -1.88300299e-01
density_min = 9.05062873e-01

success = 1
