# Result for min over (Cvac,alpha) at 
kT = 5.8000e-01
mu = -8.4849e+00
Ngrid = 129

Cvac_min = 4.97924597e-06
alpha_min = 1.80569994e+02
freeEnergy_min = 4.37254160e-01
density_min = 9.54022591e-01

success = 1
