# Result for min over (Cvac,alpha) at 
kT = 6.4000e-01
mu = -7.2218e+00
Ngrid = 128

Cvac_min = 1.36799341e-05
alpha_min = 1.97480216e+02
freeEnergy_min = 3.68232258e-01
density_min = 9.76549141e-01

success = 1
