# Result for min over (Cvac,alpha) at 
kT = 7.6000e-01
mu = -5.3673e+00
Ngrid = 129

Cvac_min = 1.43081304e-04
alpha_min = 1.37416196e+02
freeEnergy_min = 2.48969504e-01
density_min = 9.53890838e-01

success = 1
