# Result for min over (Cvac,alpha) at 
kT = 8.2000e-01
mu = -4.2732e+00
Ngrid = 130

Cvac_min = 2.52948217e-04
alpha_min = 1.06209578e+02
freeEnergy_min = -1.78520388e-01
density_min = 9.31944452e-01

success = 1
