# Result for min over (Cvac,alpha) at 
kT = 8.8000e-01
mu = -3.6921e+00
Ngrid = 133

Cvac_min = 1.07995679e-03
alpha_min = 5.83174907e+01
freeEnergy_min = -2.20894583e-01
density_min = 8.69572420e-01

success = 1
