# Result for min over (Cvac,alpha) at 
kT = 5.2000e-01
mu = -1.0278e+01
Ngrid = 128

Cvac_min = 7.79768191e-06
alpha_min = 2.43009646e+02
freeEnergy_min = 7.57182016e-01
density_min = 9.76554885e-01

success = 1
