# Result for min over (Cvac,alpha) at 
kT = 5.4000e-01
mu = -8.9031e+00
Ngrid = 129

Cvac_min = 5.29334881e-06
alpha_min = 1.93619105e+02
freeEnergy_min = -5.09368825e-02
density_min = 9.54022292e-01

success = 1
