# Result for min over (Cvac,alpha) at 
kT = 6.8000e-01
mu = -6.5200e+00
Ngrid = 129

Cvac_min = 3.39358550e-05
alpha_min = 1.54074132e+02
freeEnergy_min = 3.03229452e-01
density_min = 9.53994966e-01

success = 1
