# Result for min over (Cvac,alpha) at 
kT = 9.0000e-01
mu = -3.5198e+00
Ngrid = 135

Cvac_min = 2.88720977e-03
alpha_min = 3.88946395e+01
freeEnergy_min = -2.23929096e-01
density_min = 8.29990142e-01

success = 1
