# Result for min over (Cvac,alpha) at 
kT = 7.0000e-01
mu = -6.2028e+00
Ngrid = 129

Cvac_min = 4.98562688e-05
alpha_min = 1.49601279e+02
freeEnergy_min = 2.85827225e-01
density_min = 9.53979777e-01

success = 1
