# Result for min over (Cvac,alpha) at 
kT = 6.4000e-01
mu = -7.2218e+00
Ngrid = 130

Cvac_min = 1.70476136e-05
alpha_min = 1.37502573e+02
freeEnergy_min = 3.48414983e-01
density_min = 9.32164354e-01

success = 1
