# Result for min over (Cvac,alpha) at 
kT = 6.2000e-01
mu = -7.2118e+00
Ngrid = 128

Cvac_min = 6.58723633e-06
alpha_min = 2.03911945e+02
freeEnergy_min = -1.01051839e-03
density_min = 9.76556067e-01

success = 1
