# Result for min over (Cvac,alpha) at 
kT = 7.2000e-01
mu = -5.5059e+00
Ngrid = 130

Cvac_min = 4.99162930e-05
alpha_min = 1.21956367e+02
freeEnergy_min = -1.17520936e-01
density_min = 9.32133715e-01

success = 1
