# Result for min over (Cvac,alpha) at 
kT = 6.0000e-01
mu = -7.6327e+00
Ngrid = 130

Cvac_min = 4.61454554e-06
alpha_min = 1.46622605e+02
freeEnergy_min = 4.40956407e-02
density_min = 9.32175944e-01

success = 1
