# Result for min over (Cvac,alpha) at 
kT = 6.2000e-01
mu = -7.6118e+00
Ngrid = 129

Cvac_min = 9.76725492e-06
alpha_min = 1.69044064e+02
freeEnergy_min = 3.71595413e-01
density_min = 9.54018023e-01

success = 1
