# Result for min over (Cvac,alpha) at 
kT = 5.2000e-01
mu = -1.0078e+01
Ngrid = 127

Cvac_min = 1.07994559e-05
alpha_min = 2.99980837e+02
freeEnergy_min = 5.91105488e-01
density_min = 9.99802226e-01

success = 1
