# Result for min over (Cvac,alpha) at 
kT = 7.4000e-01
mu = -5.6280e+00
Ngrid = 130

Cvac_min = 1.17644837e-04
alpha_min = 1.18509285e+02
freeEnergy_min = 2.39130814e-01
density_min = 9.32070580e-01

success = 1
