# Result for min over (Cvac,alpha) at 
kT = 8.4000e-01
mu = -4.2677e+00
Ngrid = 132

Cvac_min = 6.30163680e-04
alpha_min = 7.34137112e+01
freeEnergy_min = -2.14236434e-02
density_min = 8.89886044e-01

success = 1
