# Result for min over (Cvac,alpha) at 
kT = 6.0000e-01
mu = -7.4327e+00
Ngrid = 129

Cvac_min = 4.45294890e-06
alpha_min = 1.74634529e+02
freeEnergy_min = -1.69437151e-01
density_min = 9.54023093e-01

success = 1
