# Result for min over (Cvac,alpha) at 
kT = 6.2000e-01
mu = -7.6118e+00
Ngrid = 130

Cvac_min = 1.09130496e-05
alpha_min = 1.41932044e+02
freeEnergy_min = 3.79959140e-01
density_min = 9.32170073e-01

success = 1
