# Result for min over (Cvac,alpha) at 
kT = 6.6000e-01
mu = -6.8588e+00
Ngrid = 128

Cvac_min = 2.04993284e-05
alpha_min = 1.91413381e+02
freeEnergy_min = 3.50174604e-01
density_min = 9.76542481e-01

success = 1
