# Result for min over (Cvac,alpha) at 
kT = 7.8000e-01
mu = -5.1213e+00
Ngrid = 130

Cvac_min = 2.27164402e-04
alpha_min = 1.12079657e+02
freeEnergy_min = 2.12625606e-01
density_min = 9.31968488e-01

success = 1
