# Result for min over (Cvac,alpha) at 
kT = 5.0000e-01
mu = -9.8000e+00
Ngrid = 127

Cvac_min = 1.13885535e-05
alpha_min = 3.12444649e+02
freeEnergy_min = -2.67863025e-01
density_min = 9.99801637e-01

success = 1
