# Result for min over (Cvac,alpha) at 
kT = 8.4000e-01
mu = -4.2677e+00
Ngrid = 131

Cvac_min = 5.12112080e-04
alpha_min = 8.70088299e+01
freeEnergy_min = -1.64321864e-02
density_min = 9.10528619e-01

success = 1
