# Result for min over (Cvac,alpha) at 
kT = 6.0000e-01
mu = -8.0327e+00
Ngrid = 127

Cvac_min = 8.78725144e-06
alpha_min = 2.58924136e+02
freeEnergy_min = 4.65101522e-01
density_min = 9.99804238e-01

success = 1
