# Result for min over (Cvac,alpha) at 
kT = 6.8000e-01
mu = -6.1200e+00
Ngrid = 128

Cvac_min = 1.91577485e-05
alpha_min = 1.85682659e+02
freeEnergy_min = -5.56393038e-02
density_min = 9.76543791e-01

success = 1
