# Result for min over (Cvac,alpha) at 
kT = 7.6000e-01
mu = -5.3673e+00
Ngrid = 132

Cvac_min = 2.44027921e-04
alpha_min = 8.24742065e+01
freeEnergy_min = 2.25194456e-01
density_min = 8.90229877e-01

success = 1
