# Result for min over (Cvac,alpha) at 
kT = 8.6000e-01
mu = -4.2745e+00
Ngrid = 130

Cvac_min = 7.25402841e-04
alpha_min = 1.00652744e+02
freeEnergy_min = 1.81930353e-01
density_min = 9.31504040e-01

success = 1
