# Result for min over (Cvac,alpha) at 
kT = 7.2000e-01
mu = -5.7059e+00
Ngrid = 129

Cvac_min = 5.63495478e-05
alpha_min = 1.45346544e+02
freeEnergy_min = 8.02144732e-02
density_min = 9.53973583e-01

success = 1
