# Result for min over (Cvac,alpha) at 
kT = 6.6000e-01
mu = -6.6588e+00
Ngrid = 129

Cvac_min = 1.77636421e-05
alpha_min = 1.58794938e+02
freeEnergy_min = 1.31961054e-01
density_min = 9.54010395e-01

success = 1
