# Result for min over (Cvac,alpha) at 
kT = 7.6000e-01
mu = -5.3673e+00
Ngrid = 131

Cvac_min = 1.96703005e-04
alpha_min = 9.72807867e+01
freeEnergy_min = 2.18867776e-01
density_min = 9.10815956e-01

success = 1
