# Result for min over (Cvac,alpha) at 
kT = 5.0000e-01
mu = -9.8000e+00
Ngrid = 128

Cvac_min = 8.21193038e-06
alpha_min = 2.52621789e+02
freeEnergy_min = -2.70178520e-01
density_min = 9.76554481e-01

success = 1
