# Result for min over (Cvac,alpha) at 
kT = 8.4000e-01
mu = -4.4677e+00
Ngrid = 133

Cvac_min = 1.06566708e-03
alpha_min = 6.18949517e+01
freeEnergy_min = 1.56112911e-01
density_min = 8.69584859e-01

success = 1
