# Result for min over (Cvac,alpha) at 
kT = 8.4000e-01
mu = -4.0677e+00
Ngrid = 131

Cvac_min = 3.96657568e-04
alpha_min = 8.70382362e+01
freeEnergy_min = -1.98548929e-01
density_min = 9.10633798e-01

success = 1
