# Result for min over (Cvac,alpha) at 
kT = 6.0000e-01
mu = -7.6327e+00
Ngrid = 129

Cvac_min = 4.87550082e-06
alpha_min = 1.74633403e+02
freeEnergy_min = 2.13674309e-02
density_min = 9.54022690e-01

success = 1
