# Result for min over (Cvac,alpha) at 
kT = 5.6000e-01
mu = -8.5737e+00
Ngrid = 129

Cvac_min = 4.82662995e-06
alpha_min = 1.86892094e+02
freeEnergy_min = 9.49732682e-02
density_min = 9.54022737e-01

success = 1
