# Result for min over (Cvac,alpha) at 
kT = 5.0000e-01
mu = -1.0200e+01
Ngrid = 127

Cvac_min = 1.13885535e-05
alpha_min = 3.12444649e+02
freeEnergy_min = 1.32057630e-01
density_min = 9.99801637e-01

success = 1
