# Result for min over (Cvac,alpha) at 
kT = 7.0000e-01
mu = -6.0028e+00
Ngrid = 130

Cvac_min = 4.45180166e-05
alpha_min = 1.25552367e+02
freeEnergy_min = 8.80392589e-02
density_min = 9.32138747e-01

success = 1
