# Result for min over (Cvac,alpha) at 
kT = 7.8000e-01
mu = -5.1213e+00
Ngrid = 131

Cvac_min = 2.71210451e-04
alpha_min = 9.45538109e+01
freeEnergy_min = 2.02301831e-01
density_min = 9.10748080e-01

success = 1
