# Result for min over (Cvac,alpha) at 
kT = 5.0000e-01
mu = -1.0000e+01
Ngrid = 128

Cvac_min = 8.21193038e-06
alpha_min = 2.52621789e+02
freeEnergy_min = -7.48676236e-02
density_min = 9.76554481e-01

success = 1
