# Result for min over (Cvac,alpha) at 
kT = 6.8000e-01
mu = -6.1200e+00
Ngrid = 130

Cvac_min = 2.34781568e-05
alpha_min = 1.29332270e+02
freeEnergy_min = -7.64548862e-02
density_min = 9.32158360e-01

success = 1
