# Result for min over (Cvac,alpha) at 
kT = 6.0000e-01
mu = -7.4327e+00
Ngrid = 130

Cvac_min = 3.88681877e-06
alpha_min = 1.46622528e+02
freeEnergy_min = -1.42339622e-01
density_min = 9.32176623e-01

success = 1
