# Result for min over (Cvac,alpha) at 
kT = 8.8000e-01
mu = -3.8921e+00
Ngrid = 132

Cvac_min = 1.09527604e-03
alpha_min = 6.92842879e+01
freeEnergy_min = -4.36000587e-02
density_min = 8.89471886e-01

success = 1
