# Result for min over (Cvac,alpha) at 
kT = 6.0000e-01
mu = -8.0327e+00
Ngrid = 128

Cvac_min = 6.75538858e-06
alpha_min = 2.10743321e+02
freeEnergy_min = 4.15914747e-01
density_min = 9.76555903e-01

success = 1
