# Result for min over (Cvac,alpha) at 
kT = 6.8000e-01
mu = -6.3200e+00
Ngrid = 130

Cvac_min = 3.03712354e-05
alpha_min = 1.29332764e+02
freeEnergy_min = 1.09976179e-01
density_min = 9.32151934e-01

success = 1
