# Result for min over (Cvac,alpha) at 
kT = 7.4000e-01
mu = -5.6280e+00
Ngrid = 132

Cvac_min = 1.74034272e-04
alpha_min = 8.49724183e+01
freeEnergy_min = 2.47574074e-01
density_min = 8.90292203e-01

success = 1
