# Result for min over (Cvac,alpha) at 
kT = 8.8000e-01
mu = -4.0921e+00
Ngrid = 132

Cvac_min = 1.42063943e-03
alpha_min = 6.91946048e+01
freeEnergy_min = 1.34266381e-01
density_min = 8.89182167e-01

success = 1
