# Result for min over (Cvac,alpha) at 
kT = 6.0000e-01
mu = -7.8327e+00
Ngrid = 130

Cvac_min = 5.65058808e-06
alpha_min = 1.46622112e+02
freeEnergy_min = 2.30530740e-01
density_min = 9.32174978e-01

success = 1
