# Result for min over (Cvac,alpha) at 
kT = 6.8000e-01
mu = -6.3200e+00
Ngrid = 129

Cvac_min = 2.65311841e-05
alpha_min = 1.54076349e+02
freeEnergy_min = 1.12429732e-01
density_min = 9.54002030e-01

success = 1
