# Result for min over (Cvac,alpha) at 
kT = 8.6000e-01
mu = -3.8745e+00
Ngrid = 131

Cvac_min = 5.22110627e-04
alpha_min = 8.46970078e+01
freeEnergy_min = -2.06982549e-01
density_min = 9.10519511e-01

success = 1
