# Result for min over (Cvac,alpha) at 
kT = 6.6000e-01
mu = -6.6588e+00
Ngrid = 130

Cvac_min = 2.02680524e-05
alpha_min = 1.33309281e+02
freeEnergy_min = 1.34299666e-01
density_min = 9.32161352e-01

success = 1
