# Result for min over (Cvac,alpha) at 
kT = 6.6000e-01
mu = -6.8588e+00
Ngrid = 130

Cvac_min = 2.61596218e-05
alpha_min = 1.33309241e+02
freeEnergy_min = 3.20731422e-01
density_min = 9.32155860e-01

success = 1
