# Result for min over (Cvac,alpha) at 
kT = 8.4000e-01
mu = -4.2677e+00
Ngrid = 133

Cvac_min = 8.09929788e-04
alpha_min = 6.19607857e+01
freeEnergy_min = -1.78272306e-02
density_min = 8.69807481e-01

success = 1
