# Result for min over (Cvac,alpha) at 
kT = 6.6000e-01
mu = -6.8588e+00
Ngrid = 129

Cvac_min = 2.27173550e-05
alpha_min = 1.58793544e+02
freeEnergy_min = 3.22762679e-01
density_min = 9.54005669e-01

success = 1
