# Result for min over (Cvac,alpha) at 
kT = 6.0000e-01
mu = -7.4327e+00
Ngrid = 127

Cvac_min = 8.77089342e-06
alpha_min = 2.58925347e+02
freeEnergy_min = -1.34781036e-01
density_min = 9.99804254e-01

success = 1
