# Result for min over (Cvac,alpha) at 
kT = 6.4000e-01
mu = -7.0218e+00
Ngrid = 129

Cvac_min = 1.17990309e-05
alpha_min = 1.63776211e+02
freeEnergy_min = 1.54588066e-01
density_min = 9.54016085e-01

success = 1
