# Result for min over (Cvac,alpha) at 
kT = 9.0000e-01
mu = -3.5198e+00
Ngrid = 133

Cvac_min = 1.41986618e-03
alpha_min = 5.65229050e+01
freeEnergy_min = -2.32870576e-01
density_min = 8.69276524e-01

success = 1
