# Result for min over (Cvac,alpha) at 
kT = 8.4000e-01
mu = -4.4677e+00
Ngrid = 130

Cvac_min = 5.51618130e-04
alpha_min = 1.03356094e+02
freeEnergy_min = 1.87012866e-01
density_min = 9.31666038e-01

success = 1
