# Result for min over (Cvac,alpha) at 
kT = 7.6000e-01
mu = -5.1673e+00
Ngrid = 131

Cvac_min = 1.51943667e-04
alpha_min = 9.72943068e+01
freeEnergy_min = 3.67003480e-02
density_min = 9.10856731e-01

success = 1
