# Result for min over (Cvac,alpha) at 
kT = 5.6000e-01
mu = -8.9737e+00
Ngrid = 130

Cvac_min = 3.63066605e-06
alpha_min = 1.56884405e+02
freeEnergy_min = 5.02971448e-01
density_min = 9.32176861e-01

success = 1
