# Result for min over (Cvac,alpha) at 
kT = 5.4000e-01
mu = -9.3031e+00
Ngrid = 129

Cvac_min = 5.30461045e-06
alpha_min = 1.93619797e+02
freeEnergy_min = 3.30672043e-01
density_min = 9.54022281e-01

success = 1
