# Result for min over (Cvac,alpha) at 
kT = 5.0000e-01
mu = -1.0000e+01
Ngrid = 126

Cvac_min = 2.66300328e-05
alpha_min = 3.97209644e+02
freeEnergy_min = -5.43004292e-03
density_min = 1.02378026e+00

success = 1
