# Result for min over (Cvac,alpha) at 
kT = 6.6000e-01
mu = -6.4588e+00
Ngrid = 128

Cvac_min = 1.30629577e-05
alpha_min = 1.91416144e+02
freeEnergy_min = -4.04439584e-02
density_min = 9.76549743e-01

success = 1
