# Result for min over (Cvac,alpha) at 
kT = 6.8000e-01
mu = -6.1200e+00
Ngrid = 129

Cvac_min = 2.08014655e-05
alpha_min = 1.54078999e+02
freeEnergy_min = -7.83712359e-02
density_min = 9.54007496e-01

success = 1
