# Result for min over (Cvac,alpha) at 
kT = 7.4000e-01
mu = -5.6280e+00
Ngrid = 131

Cvac_min = 1.40351658e-04
alpha_min = 1.00119583e+02
freeEnergy_min = 2.36956177e-01
density_min = 9.10867291e-01

success = 1
