# Result for min over (Cvac,alpha) at 
kT = 8.6000e-01
mu = -3.8745e+00
Ngrid = 133

Cvac_min = 8.20240790e-04
alpha_min = 6.01388462e+01
freeEnergy_min = -2.07294887e-01
density_min = 8.69798506e-01

success = 1
