# Result for min over (Cvac,alpha) at 
kT = 7.8000e-01
mu = -4.7213e+00
Ngrid = 131

Cvac_min = 1.61632439e-04
alpha_min = 9.45812017e+01
freeEnergy_min = -1.62019045e-01
density_min = 9.10847905e-01

success = 1
