# Result for min over (Cvac,alpha) at 
kT = 7.0000e-01
mu = -6.2028e+00
Ngrid = 130

Cvac_min = 5.74496662e-05
alpha_min = 1.25547964e+02
freeEnergy_min = 2.74465843e-01
density_min = 9.32126692e-01

success = 1
