# Result for min over (Cvac,alpha) at 
kT = 7.2000e-01
mu = -5.5059e+00
Ngrid = 131

Cvac_min = 5.84884902e-05
alpha_min = 1.03097943e+02
freeEnergy_min = -1.06851115e-01
density_min = 9.10941868e-01

success = 1
