# Result for min over (Cvac,alpha) at 
kT = 7.6000e-01
mu = -4.9673e+00
Ngrid = 130

Cvac_min = 9.95619962e-05
alpha_min = 1.15249228e+02
freeEnergy_min = -1.47609023e-01
density_min = 9.32087436e-01

success = 1
