# Result for min over (Cvac,alpha) at 
kT = 5.8000e-01
mu = -8.2849e+00
Ngrid = 128

Cvac_min = 6.60283455e-06
alpha_min = 2.18052282e+02
freeEnergy_min = 2.49456268e-01
density_min = 9.76556052e-01

success = 1
