# Result for min over (Cvac,alpha) at 
kT = 8.0000e-01
mu = -4.8905e+00
Ngrid = 130

Cvac_min = 3.08773346e-04
alpha_min = 1.09066098e+02
freeEnergy_min = 2.02482611e-01
density_min = 9.31892413e-01

success = 1
