# Result for min over (Cvac,alpha) at 
kT = 6.8000e-01
mu = -6.5200e+00
Ngrid = 130

Cvac_min = 3.91420837e-05
alpha_min = 1.29328563e+02
freeEnergy_min = 2.96405790e-01
density_min = 9.32143758e-01

success = 1
