# Result for min over (Cvac,alpha) at 
kT = 8.2000e-01
mu = -4.4732e+00
Ngrid = 133

Cvac_min = 6.04794049e-04
alpha_min = 6.38923969e+01
freeEnergy_min = 1.88841107e-04
density_min = 8.69986055e-01

success = 1
