# Result for min over (Cvac,alpha) at 
kT = 5.2000e-01
mu = -9.6783e+00
Ngrid = 129

Cvac_min = 5.79584314e-06
alpha_min = 2.00892720e+02
freeEnergy_min = 1.91262074e-01
density_min = 9.54021812e-01

success = 1
