# Result for min over (Cvac,alpha) at 
kT = 7.4000e-01
mu = -5.2280e+00
Ngrid = 129

Cvac_min = 6.25941836e-05
alpha_min = 1.41302684e+02
freeEnergy_min = -1.22639751e-01
density_min = 9.53967625e-01

success = 1
