# Result for min over (Cvac,alpha) at 
kT = 7.6000e-01
mu = -5.3673e+00
Ngrid = 130

Cvac_min = 1.64710167e-04
alpha_min = 1.15222507e+02
freeEnergy_min = 2.25214727e-01
density_min = 9.32026706e-01

success = 1
