# Result for min over (Cvac,alpha) at 
kT = 7.8000e-01
mu = -4.9213e+00
Ngrid = 130

Cvac_min = 1.77199881e-04
alpha_min = 1.12094586e+02
freeEnergy_min = 2.62270242e-02
density_min = 9.32015064e-01

success = 1
