# Result for min over (Cvac,alpha) at 
kT = 7.4000e-01
mu = -5.4280e+00
Ngrid = 129

Cvac_min = 8.01239729e-05
alpha_min = 1.41293765e+02
freeEnergy_min = 6.81521285e-02
density_min = 9.53950901e-01

success = 1
