# Result for min over (Cvac,alpha) at 
kT = 5.0000e-01
mu = -1.0000e+01
Ngrid = 129

Cvac_min = 6.18527409e-06
alpha_min = 2.08594174e+02
freeEnergy_min = -4.09162092e-02
density_min = 9.54021441e-01

success = 1
