# Result for min over (Cvac,alpha) at 
kT = 5.2000e-01
mu = -1.0278e+01
Ngrid = 129

Cvac_min = 5.80733032e-06
alpha_min = 2.00877433e+02
freeEnergy_min = 7.63675164e-01
density_min = 9.54021801e-01

success = 1
