# Result for min over (Cvac,alpha) at 
kT = 7.8000e-01
mu = -4.7213e+00
Ngrid = 132

Cvac_min = 1.96643442e-04
alpha_min = 8.01095344e+01
freeEnergy_min = -1.51550096e-01
density_min = 8.90272071e-01

success = 1
