# Result for min over (Cvac,alpha) at 
kT = 5.8000e-01
mu = -8.0849e+00
Ngrid = 128

Cvac_min = 6.64155132e-06
alpha_min = 2.18065345e+02
freeEnergy_min = 5.41450987e-02
density_min = 9.76556014e-01

success = 1
