# Result for min over (Cvac,alpha) at 
kT = 7.2000e-01
mu = -5.9059e+00
Ngrid = 130

Cvac_min = 8.28315930e-05
alpha_min = 1.21945759e+02
freeEnergy_min = 2.55326890e-01
density_min = 9.32103032e-01

success = 1
