# Result for min over (Cvac,alpha) at 
kT = 8.4000e-01
mu = -4.4677e+00
Ngrid = 134

Cvac_min = 1.45272765e-03
alpha_min = 5.20637132e+01
freeEnergy_min = 1.61507909e-01
density_min = 8.49932012e-01

success = 1
