# Result for min over (Cvac,alpha) at 
kT = 5.8000e-01
mu = -7.8849e+00
Ngrid = 127

Cvac_min = 9.25053043e-06
alpha_min = 2.68144523e+02
freeEnergy_min = -1.10455548e-01
density_min = 9.99803774e-01

success = 1
