# Result for min over (Cvac,alpha) at 
kT = 5.4000e-01
mu = -9.3031e+00
Ngrid = 128

Cvac_min = 7.35768430e-06
alpha_min = 2.34094667e+02
freeEnergy_min = 3.21752790e-01
density_min = 9.76555315e-01

success = 1
