# Result for min over (Cvac,alpha) at 
kT = 5.2000e-01
mu = -9.8783e+00
Ngrid = 127

Cvac_min = 1.07759664e-05
alpha_min = 3.00032553e+02
freeEnergy_min = 3.91144964e-01
density_min = 9.99802249e-01

success = 1
