# Result for min over (Cvac,alpha) at 
kT = 8.8000e-01
mu = -4.0921e+00
Ngrid = 134

Cvac_min = 2.58538542e-03
alpha_min = 4.85375868e+01
freeEnergy_min = 1.25117238e-01
density_min = 8.48967929e-01

success = 1
