# Result for min over (Cvac,alpha) at 
kT = 5.0000e-01
mu = -1.0000e+01
Ngrid = 125

Cvac_min = 8.35970768e-05
alpha_min = 5.23971669e+02
freeEnergy_min = 1.32159441e-01
density_min = 1.04848834e+00

success = 1
