# Result for min over (Cvac,alpha) at 
kT = 9.0000e-01
mu = -3.7198e+00
Ngrid = 132

Cvac_min = 1.42560394e-03
alpha_min = 6.72960772e+01
freeEnergy_min = -5.22992026e-02
density_min = 8.89177746e-01

success = 1
