# Result for min over (Cvac,alpha) at 
kT = 5.8000e-01
mu = -8.2849e+00
Ngrid = 129

Cvac_min = 4.62285270e-06
alpha_min = 1.80570408e+02
freeEnergy_min = 2.46449602e-01
density_min = 9.54022931e-01

success = 1
