# Result for min over (Cvac,alpha) at 
kT = 7.4000e-01
mu = -5.6280e+00
Ngrid = 129

Cvac_min = 1.02442497e-04
alpha_min = 1.41291430e+02
freeEnergy_min = 2.58940258e-01
density_min = 9.53929609e-01

success = 1
