# Result for min over (Cvac,alpha) at 
kT = 6.4000e-01
mu = -6.8218e+00
Ngrid = 130

Cvac_min = 1.02183224e-05
alpha_min = 1.37503460e+02
freeEnergy_min = -2.44521406e-02
density_min = 9.32170720e-01

success = 1
