# Result for min over (Cvac,alpha) at 
kT = 7.6000e-01
mu = -5.1673e+00
Ngrid = 129

Cvac_min = 1.12326816e-04
alpha_min = 1.37426601e+02
freeEnergy_min = 5.81882941e-02
density_min = 9.53920179e-01

success = 1
