# Result for min over (Cvac,alpha) at 
kT = 8.8000e-01
mu = -3.8921e+00
Ngrid = 134

Cvac_min = 1.94349907e-03
alpha_min = 4.87010100e+01
freeEnergy_min = -4.47331096e-02
density_min = 8.49514283e-01

success = 1
