# Result for min over (Cvac,alpha) at 
kT = 6.8000e-01
mu = -6.3200e+00
Ngrid = 128

Cvac_min = 2.41842109e-05
alpha_min = 1.85680163e+02
freeEnergy_min = 1.39668974e-01
density_min = 9.76538883e-01

success = 1
