# Result for min over (Cvac,alpha) at 
kT = 5.0000e-01
mu = -1.0000e+01
Ngrid = 123

Cvac_min = 3.46792635e-04
alpha_min = 1.07597201e+03
freeEnergy_min = 7.48828615e-01
density_min = 1.10018060e+00

success = 1
