# Result for min over (Cvac,alpha) at 
kT = 7.6000e-01
mu = -5.1673e+00
Ngrid = 132

Cvac_min = 1.85981801e-04
alpha_min = 8.24873396e+01
freeEnergy_min = 4.71430826e-02
density_min = 8.90281564e-01

success = 1
