# Result for min over (Cvac,alpha) at 
kT = 6.6000e-01
mu = -6.4588e+00
Ngrid = 129

Cvac_min = 1.39542560e-05
alpha_min = 1.58797502e+02
freeEnergy_min = -5.88413976e-02
density_min = 9.54014029e-01

success = 1
