# Result for min over (Cvac,alpha) at 
kT = 8.0000e-01
mu = -4.4905e+00
Ngrid = 132

Cvac_min = 2.67711716e-04
alpha_min = 7.78104660e+01
freeEnergy_min = -1.69421319e-01
density_min = 8.90208788e-01

success = 1
