# Result for min over (Cvac,alpha) at 
kT = 5.6000e-01
mu = -8.5737e+00
Ngrid = 127

Cvac_min = 9.67801225e-06
alpha_min = 2.78020223e+02
freeEnergy_min = 1.18255387e-01
density_min = 9.99803347e-01

success = 1
