# Result for min over (Cvac,alpha) at 
kT = 5.0000e-01
mu = -1.0200e+01
Ngrid = 129

Cvac_min = 6.19279508e-06
alpha_min = 2.08610041e+02
freeEnergy_min = 1.49888089e-01
density_min = 9.54021434e-01

success = 1
