# Result for min over (Cvac,alpha) at 
kT = 8.8000e-01
mu = -3.6921e+00
Ngrid = 131

Cvac_min = 6.85843364e-04
alpha_min = 8.24313795e+01
freeEnergy_min = -2.13760335e-01
density_min = 9.10370351e-01

success = 1
