# Result for min over (Cvac,alpha) at 
kT = 7.4000e-01
mu = -5.4280e+00
Ngrid = 130

Cvac_min = 9.18401995e-05
alpha_min = 1.18517703e+02
freeEnergy_min = 5.27141947e-02
density_min = 9.32094634e-01

success = 1
