# Result for min over (Cvac,alpha) at 
kT = 8.2000e-01
mu = -4.6732e+00
Ngrid = 131

Cvac_min = 4.94855433e-04
alpha_min = 8.94072049e+01
freeEnergy_min = 1.76403058e-01
density_min = 9.10544340e-01

success = 1
