# Result for min over (Cvac,alpha) at 
kT = 5.6000e-01
mu = -8.7737e+00
Ngrid = 127

Cvac_min = 9.66189110e-06
alpha_min = 2.77966412e+02
freeEnergy_min = 3.18216043e-01
density_min = 9.99803363e-01

success = 1
