# Result for min over (Cvac,alpha) at 
kT = 8.2000e-01
mu = -4.2732e+00
Ngrid = 131

Cvac_min = 2.96424239e-04
alpha_min = 8.94623793e+01
freeEnergy_min = -1.87853406e-01
density_min = 9.10725110e-01

success = 1
