# Result for min over (Cvac,alpha) at 
kT = 8.4000e-01
mu = -4.4677e+00
Ngrid = 131

Cvac_min = 6.60282026e-04
alpha_min = 8.69556221e+01
freeEnergy_min = 1.65660663e-01
density_min = 9.10393637e-01

success = 1
