# Result for min over (Cvac,alpha) at 
kT = 6.2000e-01
mu = -7.4118e+00
Ngrid = 129

Cvac_min = 7.83173965e-06
alpha_min = 1.69047523e+02
freeEnergy_min = 1.80791615e-01
density_min = 9.54019870e-01

success = 1
