# Result for min over (Cvac,alpha) at 
kT = 7.4000e-01
mu = -5.2280e+00
Ngrid = 130

Cvac_min = 7.12079511e-05
alpha_min = 1.18523263e+02
freeEnergy_min = -1.33706761e-01
density_min = 9.32113867e-01

success = 1
