# Result for min over (Cvac,alpha) at 
kT = 5.6000e-01
mu = -8.9737e+00
Ngrid = 129

Cvac_min = 4.83992258e-06
alpha_min = 1.86903493e+02
freeEnergy_min = 4.76582362e-01
density_min = 9.54022724e-01

success = 1
