# Result for min over (Cvac,alpha) at 
kT = 5.8000e-01
mu = -8.4849e+00
Ngrid = 130

Cvac_min = 4.71496220e-06
alpha_min = 1.51596315e+02
freeEnergy_min = 4.57251742e-01
density_min = 9.32175851e-01

success = 1
