# Result for min over (Cvac,alpha) at 
kT = 7.0000e-01
mu = -5.8028e+00
Ngrid = 130

Cvac_min = 3.45340149e-05
alpha_min = 1.25554555e+02
freeEnergy_min = -9.83894583e-02
density_min = 9.32148054e-01

success = 1
