# Result for min over (Cvac,alpha) at 
kT = 8.2000e-01
mu = -4.4732e+00
Ngrid = 131

Cvac_min = 3.84857796e-04
alpha_min = 8.94349069e+01
freeEnergy_min = -5.71616012e-03
density_min = 9.10644547e-01

success = 1
