# Result for min over (Cvac,alpha) at 
kT = 5.8000e-01
mu = -8.2849e+00
Ngrid = 127

Cvac_min = 9.21768936e-06
alpha_min = 2.68085868e+02
freeEnergy_min = 2.89465938e-01
density_min = 9.99803807e-01

success = 1
