# Result for min over (Cvac,alpha) at 
kT = 7.2000e-01
mu = -5.5059e+00
Ngrid = 129

Cvac_min = 4.41546914e-05
alpha_min = 1.45349228e+02
freeEnergy_min = -1.10581441e-01
density_min = 9.53985217e-01

success = 1
