# Result for min over (Cvac,alpha) at 
kT = 8.0000e-01
mu = -4.4905e+00
Ngrid = 130

Cvac_min = 1.87522634e-04
alpha_min = 1.09100015e+02
freeEnergy_min = -1.70298755e-01
density_min = 9.32005441e-01

success = 1
