# Result for min over (Cvac,alpha) at 
kT = 6.2000e-01
mu = -7.2118e+00
Ngrid = 129

Cvac_min = 6.42617344e-06
alpha_min = 1.69047427e+02
freeEnergy_min = -1.00125001e-02
density_min = 9.54021211e-01

success = 1
