# Result for min over (Cvac,alpha) at 
kT = 8.8000e-01
mu = -4.0921e+00
Ngrid = 135

Cvac_min = 3.87795089e-03
alpha_min = 4.00483239e+01
freeEnergy_min = 1.26778074e-01
density_min = 8.29165455e-01

success = 1
