# Result for min over (Cvac,alpha) at 
kT = 5.0000e-01
mu = -1.0200e+01
Ngrid = 128

Cvac_min = 8.21232827e-06
alpha_min = 2.52498116e+02
freeEnergy_min = 1.20443354e-01
density_min = 9.76554480e-01

success = 1
