# Result for min over (Cvac,alpha) at 
kT = 5.4000e-01
mu = -9.1031e+00
Ngrid = 129

Cvac_min = 5.29498841e-06
alpha_min = 1.93663090e+02
freeEnergy_min = 1.39867579e-01
density_min = 9.54022290e-01

success = 1
