# Result for min over (Cvac,alpha) at 
kT = 6.2000e-01
mu = -7.4118e+00
Ngrid = 130

Cvac_min = 8.51701267e-06
alpha_min = 1.41933507e+02
freeEnergy_min = 1.93524891e-01
density_min = 9.32172306e-01

success = 1
