# Result for min over (Cvac,alpha) at 
kT = 6.6000e-01
mu = -6.4588e+00
Ngrid = 130

Cvac_min = 1.56600658e-05
alpha_min = 1.33310382e+02
freeEnergy_min = -5.21330590e-02
density_min = 9.32165648e-01

success = 1
