# Result for min over (Cvac,alpha) at 
kT = 9.0000e-01
mu = -3.7198e+00
Ngrid = 133

Cvac_min = 1.86462663e-03
alpha_min = 5.63940573e+01
freeEnergy_min = -5.90519952e-02
density_min = 8.68889355e-01

success = 1
