# Result for min over (Cvac,alpha) at 
kT = 5.4000e-01
mu = -9.1031e+00
Ngrid = 128

Cvac_min = 7.36682809e-06
alpha_min = 2.34063064e+02
freeEnergy_min = 1.26441750e-01
density_min = 9.76555306e-01

success = 1
