# Result for min over (Cvac,alpha) at 
kT = 7.0000e-01
mu = -6.2028e+00
Ngrid = 131

Cvac_min = 6.85643715e-05
alpha_min = 1.06189459e+02
freeEnergy_min = 2.81227295e-01
density_min = 9.10932689e-01

success = 1
