# Result for min over (Cvac,alpha) at 
kT = 5.2000e-01
mu = -9.4783e+00
Ngrid = 128

Cvac_min = 7.88185942e-06
alpha_min = 2.43009600e+02
freeEnergy_min = -2.40616755e-02
density_min = 9.76554803e-01

success = 1
