# Result for min over (Cvac,alpha) at 
kT = 8.8000e-01
mu = -3.6921e+00
Ngrid = 134

Cvac_min = 1.46150771e-03
alpha_min = 4.88305690e+01
freeEnergy_min = -2.14678258e-01
density_min = 8.49924539e-01

success = 1
