# Result for min over (Cvac,alpha) at 
kT = 6.4000e-01
mu = -7.2218e+00
Ngrid = 129

Cvac_min = 1.49233590e-05
alpha_min = 1.63775082e+02
freeEnergy_min = 3.45391003e-01
density_min = 9.54013104e-01

success = 1
