# Result for min over (Cvac,alpha) at 
kT = 7.8000e-01
mu = -5.1213e+00
Ngrid = 129

Cvac_min = 1.96376027e-04
alpha_min = 1.33724006e+02
freeEnergy_min = 2.40139815e-01
density_min = 9.53839994e-01

success = 1
