# Result for min over (Cvac,alpha) at 
kT = 8.0000e-01
mu = -4.6905e+00
Ngrid = 130

Cvac_min = 2.40510783e-04
alpha_min = 1.09081567e+02
freeEnergy_min = 1.60975377e-02
density_min = 9.31956046e-01

success = 1
