# Result for fluid-solid coexistence at 
kT = 1.3000e+00

fluidType = liquid

muCoex = 4.03294230e+00
freeEnergyCoex = -4.65561389e+00
densitySolidCoex = 9.22424936e-01
NgridCoex = 1.30449982e+02
CvacCoex = 1.53182545e-04
alphaCoex = 5.19068268e+01
densityFluidCoex = 8.54504853e-01

success = 1
