# Result for fluid-solid coexistence at 
kT = 9.8000e-01

fluidType = liquid

muCoex = -2.12128837e-01
freeEnergyCoex = -2.04229548e+00
densitySolidCoex = 8.53700877e-01
NgridCoex = 1.33845816e+02
CvacCoex = 4.88921086e-04
alphaCoex = 4.90211212e+01
densityFluidCoex = 7.52643020e-01

success = 1
