# Result for fluid-solid coexistence at 
kT = 1.3400e+00

fluidType = liquid

muCoex = 4.48220572e+00
freeEnergyCoex = -4.96611513e+00
densitySolidCoex = 9.30502471e-01
NgridCoex = 1.30072454e+02
CvacCoex = 1.29646891e-04
alphaCoex = 5.25767918e+01
densityFluidCoex = 8.64981029e-01

success = 1
