# Result for fluid-solid coexistence at 
kT = 1.0000e+00

fluidType = liquid

muCoex = 9.28511929e-02
freeEnergyCoex = -2.21110942e+00
densitySolidCoex = 8.57939454e-01
NgridCoex = 1.33626167e+02
CvacCoex = 4.62316380e-04
alphaCoex = 4.89614522e+01
densityFluidCoex = 7.60297699e-01

success = 1
