# Result for fluid-solid coexistence at 
kT = 8.8000e-01

fluidType = liquid

muCoex = -1.85055684e+00
freeEnergyCoex = -1.18140077e+00
densitySolidCoex = 8.34302958e-01
NgridCoex = 1.34868995e+02
CvacCoex = 6.28544525e-04
alphaCoex = 5.02816568e+01
densityFluidCoex = 7.09151469e-01

success = 1
