# Result for fluid-solid coexistence at 
kT = 8.4000e-01

fluidType = liquid

muCoex = -2.56143376e+00
freeEnergyCoex = -8.32616002e-01
densitySolidCoex = 8.27507039e-01
NgridCoex = 1.35235121e+02
CvacCoex = 6.69724760e-04
alphaCoex = 5.13179829e+01
densityFluidCoex = 6.88434731e-01

success = 1
