# Result for fluid-solid coexistence at 
kT = 1.4000e+00

fluidType = liquid

muCoex = 5.12659223e+00
freeEnergyCoex = -5.42299371e+00
densitySolidCoex = 9.43416775e-01
NgridCoex = 1.29477397e+02
CvacCoex = 1.04576021e-04
alphaCoex = 5.41739682e+01
densityFluidCoex = 8.79983791e-01

success = 1
