# Result for fluid-solid coexistence at 
kT = 7.2000e-01

fluidType = liquid

muCoex = -4.91238627e+00
freeEnergyCoex = 2.08846758e-01
densitySolidCoex = 8.14210360e-01
NgridCoex = 1.35970044e+02
CvacCoex = 6.07580931e-04
alphaCoex = 5.80815138e+01
densityFluidCoex = 5.95419644e-01

success = 1
