# Result for fluid-solid coexistence at 
kT = 7.4000e-01

fluidType = liquid

muCoex = -4.49677589e+00
freeEnergyCoex = 3.83109433e-02
densitySolidCoex = 8.15410406e-01
NgridCoex = 1.35901646e+02
CvacCoex = 6.44190008e-04
alphaCoex = 5.64319010e+01
densityFluidCoex = 6.17731218e-01

success = 1
