# Result for fluid-solid coexistence at 
kT = 7.6000e-01

fluidType = liquid

muCoex = -4.09015514e+00
freeEnergyCoex = -1.34740407e-01
densitySolidCoex = 8.17160870e-01
NgridCoex = 1.35803565e+02
CvacCoex = 6.66149545e-04
alphaCoex = 5.50726722e+01
densityFluidCoex = 6.35681326e-01

success = 1
