# Result for fluid-solid coexistence at 
kT = 1.2600e+00

fluidType = liquid

muCoex = 3.57303550e+00
freeEnergyCoex = -4.34554775e+00
densitySolidCoex = 9.13716750e-01
NgridCoex = 1.30862118e+02
CvacCoex = 1.77091638e-04
alphaCoex = 5.11442325e+01
densityFluidCoex = 8.43794150e-01

success = 1
