# Result for fluid-solid coexistence at 
kT = 7.8000e-01

fluidType = liquid

muCoex = -3.69316394e+00
freeEnergyCoex = -3.09082179e-01
densitySolidCoex = 8.19370382e-01
NgridCoex = 1.35680754e+02
CvacCoex = 6.81691911e-04
alphaCoex = 5.39349788e+01
densityFluidCoex = 6.51053292e-01

success = 1
