# Result for fluid-solid coexistence at 
kT = 9.6000e-01

fluidType = liquid

muCoex = -5.26196879e-01
freeEnergyCoex = -1.87088465e+00
densitySolidCoex = 8.49448946e-01
NgridCoex = 1.34067267e+02
CvacCoex = 5.20025891e-04
alphaCoex = 4.90726527e+01
densityFluidCoex = 7.44607526e-01

success = 1
