# Result for solid computation at 
kT = 1.1600e+00
mu = 2.1943e+00

Ngrid_min = 1.32131469e+02
Cvac_min = 3.19258341e-04
alpha_min = 4.78939930e+01
freeEnergy_min = -3.41720798e+00
density_min = 8.87507967e-01

success = 1
