# Result for solid computation at 
kT = 1.0000e+00
mu = 3.9366e-01

Ngrid_min = 1.33114626e+02
Cvac_min = 2.95375954e-04
alpha_min = 5.27887739e+01
freeEnergy_min = -2.47082673e+00
density_min = 8.68008784e-01

success = 1
