# Result for solid computation at 
kT = 8.8000e-01
mu = -1.5087e+00

Ngrid_min = 1.34211632e+02
Cvac_min = 3.69902654e-04
alpha_min = 5.49632294e+01
freeEnergy_min = -1.46907593e+00
density_min = 8.46834327e-01

success = 1
