# Result for solid computation at 
kT = 1.3000e+00
mu = 3.8591e+00

Ngrid_min = 1.30703812e+02
Cvac_min = 1.95269261e-04
alpha_min = 4.96463393e+01
freeEnergy_min = -4.49533903e+00
density_min = 9.17024391e-01

success = 1
