# Result for solid computation at 
kT = 1.0600e+00
mu = 1.2605e+00

Ngrid_min = 1.32490643e+02
Cvac_min = 2.50801471e-04
alpha_min = 5.27579515e+01
freeEnergy_min = -2.96638018e+00
density_min = 8.80368916e-01

success = 1
