# Result for solid computation at 
kT = 1.3400e+00
mu = 4.3015e+00

Ngrid_min = 1.30310733e+02
Cvac_min = 1.67299852e-04
alpha_min = 5.02877518e+01
freeEnergy_min = -4.79845460e+00
density_min = 9.25371649e-01

success = 1
