# Result for solid computation at 
kT = 9.4000e-01
mu = -9.2620e-01

Ngrid_min = 1.34415244e+02
Cvac_min = 6.17934464e-04
alpha_min = 4.82768000e+01
freeEnergy_min = -1.63202750e+00
density_min = 8.42782189e-01

success = 1
