# Result for solid computation at 
kT = 1.0400e+00
mu = 9.7702e-01

Ngrid_min = 1.32709035e+02
Cvac_min = 2.65608104e-04
alpha_min = 5.26844838e+01
freeEnergy_min = -2.80128227e+00
density_min = 8.76019114e-01

success = 1
