# Result for solid computation at 
kT = 8.0000e-01
mu = -2.9300e+00

Ngrid_min = 1.34795052e+02
Cvac_min = 3.76113557e-04
alpha_min = 5.83357129e+01
freeEnergy_min = -7.95835798e-01
density_min = 8.35882160e-01

success = 1
