# Result for solid computation at 
kT = 8.2000e-01
mu = -2.7614e+00

Ngrid_min = 1.35057354e+02
Cvac_min = 5.18016916e-04
alpha_min = 5.44220853e+01
freeEnergy_min = -7.97211738e-01
density_min = 8.30902602e-01

success = 1
