# Result for solid computation at 
kT = 1.3600e+00
mu = 4.5169e+00

Ngrid_min = 1.30126099e+02
Cvac_min = 1.54935822e-04
alpha_min = 5.05971319e+01
freeEnergy_min = -4.94814874e+00
density_min = 9.29328349e-01

success = 1
