# Result for solid computation at 
kT = 1.3000e+00
mu = 4.0591e+00

Ngrid_min = 1.30413909e+02
Cvac_min = 1.47563634e-04
alpha_min = 5.22408737e+01
freeEnergy_min = -4.67979289e+00
density_min = 9.23195033e-01

success = 1
