# Result for solid computation at 
kT = 1.3800e+00
mu = 4.9266e+00

Ngrid_min = 1.29661306e+02
Cvac_min = 1.10094286e-04
alpha_min = 5.37611810e+01
freeEnergy_min = -5.28212326e+00
density_min = 9.39402146e-01

success = 1
