# Result for solid computation at 
kT = 1.0000e+00
mu = -6.3371e-03

Ngrid_min = 1.33823446e+02
Cvac_min = 5.33999761e-04
alpha_min = 4.75712312e+01
freeEnergy_min = -2.12594394e+00
density_min = 8.54086066e-01

success = 1
