# Result for solid computation at 
kT = 9.2000e-01
mu = -8.4734e-01

Ngrid_min = 1.33868920e+02
Cvac_min = 3.50558980e-04
alpha_min = 5.39374550e+01
freeEnergy_min = -1.80392332e+00
density_min = 8.53372463e-01

success = 1
