# Result for solid computation at 
kT = 7.6000e-01
mu = -4.0932e+00

Ngrid_min = 1.35810313e+02
Cvac_min = 6.69171294e-04
alpha_min = 5.50255619e+01
freeEnergy_min = -1.32269301e-01
density_min = 8.17036152e-01

success = 1
