# Result for solid computation at 
kT = 1.2600e+00
mu = 3.8084e+00

Ngrid_min = 1.30510555e+02
Cvac_min = 1.28868682e-04
alpha_min = 5.44297801e+01
freeEnergy_min = -4.56149470e+00
density_min = 9.21165726e-01

success = 1
