# Result for solid computation at 
kT = 1.2000e+00
mu = 2.6893e+00

Ngrid_min = 1.31713046e+02
Cvac_min = 2.78634303e-04
alpha_min = 4.83159975e+01
freeEnergy_min = -3.72757980e+00
density_min = 8.96030974e-01

success = 1
