# Result for solid computation at 
kT = 1.3200e+00
mu = 4.4822e+00

Ngrid_min = 1.29971635e+02
Cvac_min = 1.03693166e-04
alpha_min = 5.51011291e+01
freeEnergy_min = -5.01839867e+00
density_min = 9.32694089e-01

success = 1
