# Result for solid computation at 
kT = 7.8000e-01
mu = -3.7060e+00

Ngrid_min = 1.35708306e+02
Cvac_min = 6.95125355e-04
alpha_min = 5.37450563e+01
freeEnergy_min = -2.98513727e-01
density_min = 8.18858918e-01

success = 1
