# Result for solid computation at 
kT = 1.2200e+00
mu = 3.1333e+00

Ngrid_min = 1.31210147e+02
Cvac_min = 1.95411989e-04
alpha_min = 5.10240112e+01
freeEnergy_min = -4.06543727e+00
density_min = 9.06447045e-01

success = 1
