# Result for solid computation at 
kT = 1.2200e+00
mu = 2.9333e+00

Ngrid_min = 1.31488317e+02
Cvac_min = 2.59401205e-04
alpha_min = 4.86442535e+01
freeEnergy_min = -3.88473000e+00
density_min = 9.00648001e-01

success = 1
