# Result for solid computation at 
kT = 9.0000e-01
mu = -1.3737e+00

Ngrid_min = 1.34398455e+02
Cvac_min = 4.89295979e-04
alpha_min = 5.17885079e+01
freeEnergy_min = -1.46787858e+00
density_min = 8.43206581e-01

success = 1
