# Result for solid computation at 
kT = 1.3000e+00
mu = 4.2591e+00

Ngrid_min = 1.30159159e+02
Cvac_min = 1.11607727e-04
alpha_min = 5.47317399e+01
freeEnergy_min = -4.86497642e+00
density_min = 9.28660519e-01

success = 1
