# Result for solid computation at 
kT = 1.2000e+00
mu = 3.0893e+00

Ngrid_min = 1.31124605e+02
Cvac_min = 1.59555337e-04
alpha_min = 5.33189716e+01
freeEnergy_min = -4.08891683e+00
density_min = 9.08255101e-01

success = 1
