# Result for solid computation at 
kT = 1.2400e+00
mu = 3.3730e+00

Ngrid_min = 1.31013394e+02
Cvac_min = 1.81260620e-04
alpha_min = 5.12750481e+01
freeEnergy_min = -4.22216633e+00
density_min = 9.10550648e-01

success = 1
