# Result for solid computation at 
kT = 1.2800e+00
mu = 3.8329e+00

Ngrid_min = 1.30609313e+02
Cvac_min = 1.59037999e-04
alpha_min = 5.19753678e+01
freeEnergy_min = -4.52650948e+00
density_min = 9.19049848e-01

success = 1
