# Result for min over (Cvac,alpha) at 
kT = 7.0000e-01
mu = -4.9124e+00
Ngrid = 136

Cvac_min = 3.04633814e-04
alpha_min = 6.01148813e+01
freeEnergy_min = 3.05160747e-02
density_min = 8.13918474e-01

success = 1
