# Result for min over (Cvac,alpha) at 
kT = 8.4000e-01
mu = -2.6018e+00
Ngrid = 134

Cvac_min = 6.62243491e-04
alpha_min = 6.04177911e+01
freeEnergy_min = -7.91294571e-01
density_min = 8.50604847e-01

success = 1
