# Result for min over (Cvac,alpha) at 
kT = 1.3000e+00
mu = 4.0591e+00
Ngrid = 129

Cvac_min = 1.95038813e-04
alpha_min = 6.78644474e+01
freeEnergy_min = -4.66301228e+00
density_min = 9.53841269e-01

success = 1
