# Result for min over (Cvac,alpha) at 
kT = 1.0200e+00
mu = 6.8733e-01
Ngrid = 132

Cvac_min = 3.05157435e-04
alpha_min = 6.04576583e+01
freeEnergy_min = -2.63057737e+00
density_min = 8.90175445e-01

success = 1
