# Result for min over (Cvac,alpha) at 
kT = 1.4000e+00
mu = 5.3000e+00
Ngrid = 130

Cvac_min = 6.85245736e-05
alpha_min = 4.90133187e+01
freeEnergy_min = -5.58240345e+00
density_min = 9.32116369e-01

success = 1
