# Result for min over (Cvac,alpha) at 
kT = 1.3400e+00
mu = 4.5015e+00
Ngrid = 131

Cvac_min = 1.08034920e-04
alpha_min = 4.44344905e+01
freeEnergy_min = -4.97676827e+00
density_min = 9.10896732e-01

success = 1
