# Result for min over (Cvac,alpha) at 
kT = 1.0200e+00
mu = 6.8733e-01
Ngrid = 133

Cvac_min = 2.78940872e-04
alpha_min = 5.20322945e+01
freeEnergy_min = -2.63548207e+00
density_min = 8.70269714e-01

success = 1
