# Result for min over (Cvac,alpha) at 
kT = 7.2000e-01
mu = -5.0968e+00
Ngrid = 137

Cvac_min = 9.29809902e-04
alpha_min = 5.11971828e+01
freeEnergy_min = 3.59958429e-01
density_min = 7.95727288e-01

success = 1
