# Result for min over (Cvac,alpha) at 
kT = 9.0000e-01
mu = -1.5737e+00
Ngrid = 135

Cvac_min = 6.72650064e-04
alpha_min = 4.76993326e+01
freeEnergy_min = -1.29954245e+00
density_min = 8.31833526e-01

success = 1
