# Result for min over (Cvac,alpha) at 
kT = 9.2000e-01
mu = -1.2473e+00
Ngrid = 133

Cvac_min = 6.34981447e-04
alpha_min = 6.08525627e+01
freeEnergy_min = -1.45195387e+00
density_min = 8.69959776e-01

success = 1
