# Result for min over (Cvac,alpha) at 
kT = 9.6000e-01
mu = -4.1213e-01
Ngrid = 132

Cvac_min = 4.70739466e-04
alpha_min = 6.61904250e+01
freeEnergy_min = -1.94814485e+00
density_min = 8.90028003e-01

success = 1
