# Result for min over (Cvac,alpha) at 
kT = 1.3000e+00
mu = 4.2591e+00
Ngrid = 130

Cvac_min = 1.15486908e-04
alpha_min = 5.63546346e+01
freeEnergy_min = -4.86476544e+00
density_min = 9.32072591e-01

success = 1
