# Result for min over (Cvac,alpha) at 
kT = 9.2000e-01
mu = -1.2473e+00
Ngrid = 134

Cvac_min = 6.34973598e-04
alpha_min = 5.28964753e+01
freeEnergy_min = -1.46352966e+00
density_min = 8.50628059e-01

success = 1
