# Result for min over (Cvac,alpha) at 
kT = 1.0600e+00
mu = 8.6054e-01
Ngrid = 134

Cvac_min = 4.41510981e-04
alpha_min = 4.19916199e+01
freeEnergy_min = -2.61293143e+00
density_min = 8.50792728e-01

success = 1
