# Result for min over (Cvac,alpha) at 
kT = 1.3400e+00
mu = 4.7015e+00
Ngrid = 129

Cvac_min = 1.16762726e-04
alpha_min = 6.43727480e+01
freeEnergy_min = -5.16603896e+00
density_min = 9.53915947e-01

success = 1
