# Result for min over (Cvac,alpha) at 
kT = 1.1000e+00
mu = 1.4070e+00
Ngrid = 132

Cvac_min = 4.14097662e-04
alpha_min = 5.35506797e+01
freeEnergy_min = -2.93377770e+00
density_min = 8.90078439e-01

success = 1
