# Result for min over (Cvac,alpha) at 
kT = 1.3200e+00
mu = 4.2822e+00
Ngrid = 131

Cvac_min = 1.20642969e-04
alpha_min = 4.57538745e+01
freeEnergy_min = -4.82758698e+00
density_min = 9.10885246e-01

success = 1
