# Result for min over (Cvac,alpha) at 
kT = 1.3600e+00
mu = 4.9169e+00
Ngrid = 131

Cvac_min = 6.51371388e-05
alpha_min = 4.31534745e+01
freeEnergy_min = -5.30642485e+00
density_min = 9.10935811e-01

success = 1
