# Result for min over (Cvac,alpha) at 
kT = 8.6000e-01
mu = -2.0506e+00
Ngrid = 133

Cvac_min = 4.99992902e-04
alpha_min = 6.70384311e+01
freeEnergy_min = -1.11718443e+00
density_min = 8.70077285e-01

success = 1
