# Result for min over (Cvac,alpha) at 
kT = 1.2400e+00
mu = 3.1730e+00
Ngrid = 130

Cvac_min = 2.91104547e-04
alpha_min = 6.11824277e+01
freeEnergy_min = -4.02836031e+00
density_min = 9.31908884e-01

success = 1
