# Result for min over (Cvac,alpha) at 
kT = 7.2000e-01
mu = -4.4968e+00
Ngrid = 136

Cvac_min = 3.35941018e-04
alpha_min = 5.79052189e+01
freeEnergy_min = -1.29372613e-01
density_min = 8.13892985e-01

success = 1
