# Result for min over (Cvac,alpha) at 
kT = 1.0000e+00
mu = -6.3371e-03
Ngrid = 134

Cvac_min = 5.34473450e-04
alpha_min = 4.63630077e+01
freeEnergy_min = -2.12579413e+00
density_min = 8.50713601e-01

success = 1
