# Result for min over (Cvac,alpha) at 
kT = 1.2800e+00
mu = 3.6329e+00
Ngrid = 130

Cvac_min = 2.41090157e-04
alpha_min = 5.78969451e+01
freeEnergy_min = -4.33754321e+00
density_min = 9.31955506e-01

success = 1
