# Result for min over (Cvac,alpha) at 
kT = 1.3600e+00
mu = 4.7169e+00
Ngrid = 129

Cvac_min = 1.42096603e-04
alpha_min = 6.26634256e+01
freeEnergy_min = -5.12881612e+00
density_min = 9.53891778e-01

success = 1
