# Result for min over (Cvac,alpha) at 
kT = 8.4000e-01
mu = -2.4018e+00
Ngrid = 135

Cvac_min = 5.18327532e-04
alpha_min = 5.29568965e+01
freeEnergy_min = -9.65169057e-01
density_min = 8.31961984e-01

success = 1
