# Result for min over (Cvac,alpha) at 
kT = 8.8000e-01
mu = -1.5087e+00
Ngrid = 134

Cvac_min = 3.69774723e-04
alpha_min = 5.65759790e+01
freeEnergy_min = -1.46883032e+00
density_min = 8.50853787e-01

success = 1
