# Result for min over (Cvac,alpha) at 
kT = 1.4000e+00
mu = 5.1000e+00
Ngrid = 130

Cvac_min = 9.68963874e-05
alpha_min = 4.90018332e+01
freeEnergy_min = -5.39598268e+00
density_min = 9.32089921e-01

success = 1
