# Result for min over (Cvac,alpha) at 
kT = 9.6000e-01
mu = -2.1213e-01
Ngrid = 135

Cvac_min = 3.22713451e-04
alpha_min = 4.30698450e+01
freeEnergy_min = -2.12781227e+00
density_min = 8.32124811e-01

success = 1
