# Result for min over (Cvac,alpha) at 
kT = 9.4000e-01
mu = -9.2620e-01
Ngrid = 133

Cvac_min = 6.17685182e-04
alpha_min = 5.89510984e+01
freeEnergy_min = -1.62163643e+00
density_min = 8.69974833e-01

success = 1
