# Result for min over (Cvac,alpha) at 
kT = 7.4000e-01
mu = -4.4902e+00
Ngrid = 136

Cvac_min = 6.46054543e-04
alpha_min = 5.57475526e+01
freeEnergy_min = 3.29611557e-02
density_min = 8.13640501e-01

success = 1
