# Result for min over (Cvac,alpha) at 
kT = 1.2000e+00
mu = 3.0893e+00
Ngrid = 132

Cvac_min = 1.40753939e-04
alpha_min = 4.61019073e+01
freeEnergy_min = -4.08318648e+00
density_min = 8.90321837e-01

success = 1
