# Result for min over (Cvac,alpha) at 
kT = 9.0000e-01
mu = -1.3737e+00
Ngrid = 134

Cvac_min = 4.86874702e-04
alpha_min = 5.47089798e+01
freeEnergy_min = -1.46702110e+00
density_min = 8.50754116e-01

success = 1
