# Result for min over (Cvac,alpha) at 
kT = 1.3000e+00
mu = 3.8591e+00
Ngrid = 130

Cvac_min = 2.17613080e-04
alpha_min = 5.63172038e+01
freeEnergy_min = -4.49195370e+00
density_min = 9.31977391e-01

success = 1
