# Result for min over (Cvac,alpha) at 
kT = 8.6000e-01
mu = -2.2506e+00
Ngrid = 135

Cvac_min = 6.96552190e-04
alpha_min = 5.11154993e+01
freeEnergy_min = -9.66555137e-01
density_min = 8.31813630e-01

success = 1
