# Result for min over (Cvac,alpha) at 
kT = 1.3200e+00
mu = 4.0822e+00
Ngrid = 130

Cvac_min = 1.96510940e-04
alpha_min = 5.47756413e+01
freeEnergy_min = -4.64557407e+00
density_min = 9.31997062e-01

success = 1
