# Result for min over (Cvac,alpha) at 
kT = 9.8000e-01
mu = 9.2851e-02
Ngrid = 132

Cvac_min = 3.41033828e-04
alpha_min = 6.42312533e+01
freeEnergy_min = -2.29426144e+00
density_min = 8.90143499e-01

success = 1
