# Result for min over (Cvac,alpha) at 
kT = 1.3800e+00
mu = 4.7266e+00
Ngrid = 130

Cvac_min = 1.42491680e-04
alpha_min = 5.03817096e+01
freeEnergy_min = -5.09482080e+00
density_min = 9.32047418e-01

success = 1
