# Result for min over (Cvac,alpha) at 
kT = 7.4000e-01
mu = -4.0902e+00
Ngrid = 135

Cvac_min = 3.31234649e-04
alpha_min = 6.31741612e+01
freeEnergy_min = -2.96749021e-01
density_min = 8.32117718e-01

success = 1
