# Result for min over (Cvac,alpha) at 
kT = 1.1800e+00
mu = 2.8420e+00
Ngrid = 130

Cvac_min = 2.14063788e-04
alpha_min = 6.65298894e+01
freeEnergy_min = -3.91746141e+00
density_min = 9.31980700e-01

success = 1
