# Result for min over (Cvac,alpha) at 
kT = 1.3400e+00
mu = 4.3015e+00
Ngrid = 131

Cvac_min = 1.52392195e-04
alpha_min = 4.44203831e+01
freeEnergy_min = -4.79459272e+00
density_min = 9.10856322e-01

success = 1
