# Result for min over (Cvac,alpha) at 
kT = 1.3600e+00
mu = 4.5169e+00
Ngrid = 130

Cvac_min = 1.58379613e-04
alpha_min = 5.18102313e+01
freeEnergy_min = -4.94802202e+00
density_min = 9.32032607e-01

success = 1
