# Result for min over (Cvac,alpha) at 
kT = 1.2200e+00
mu = 3.3333e+00
Ngrid = 132

Cvac_min = 1.26861797e-04
alpha_min = 4.47254937e+01
freeEnergy_min = -4.23889606e+00
density_min = 8.90334208e-01

success = 1
