# Result for min over (Cvac,alpha) at 
kT = 9.0000e-01
mu = -1.3737e+00
Ngrid = 135

Cvac_min = 4.97130978e-04
alpha_min = 4.77371687e+01
freeEnergy_min = -1.46592423e+00
density_min = 8.31979627e-01

success = 1
