# Result for min over (Cvac,alpha) at 
kT = 1.0600e+00
mu = 1.0605e+00
Ngrid = 131

Cvac_min = 3.95318993e-04
alpha_min = 6.66214269e+01
freeEnergy_min = -2.76864527e+00
density_min = 9.10635017e-01

success = 1
