# Result for min over (Cvac,alpha) at 
kT = 1.0600e+00
mu = 8.6054e-01
Ngrid = 131

Cvac_min = 5.20039952e-04
alpha_min = 6.65764513e+01
freeEnergy_min = -2.58652909e+00
density_min = 9.10521397e-01

success = 1
