# Result for min over (Cvac,alpha) at 
kT = 1.0400e+00
mu = 5.7702e-01
Ngrid = 132

Cvac_min = 5.08211016e-04
alpha_min = 5.86007731e+01
freeEnergy_min = -2.44237106e+00
density_min = 8.89994636e-01

success = 1
