# Result for min over (Cvac,alpha) at 
kT = 8.4000e-01
mu = -2.2018e+00
Ngrid = 134

Cvac_min = 3.76213881e-04
alpha_min = 6.04792702e+01
freeEnergy_min = -1.13158935e+00
density_min = 8.50848307e-01

success = 1
