# Result for min over (Cvac,alpha) at 
kT = 9.2000e-01
mu = -8.4734e-01
Ngrid = 133

Cvac_min = 3.61471326e-04
alpha_min = 6.09244298e+01
freeEnergy_min = -1.79998953e+00
density_min = 8.70197870e-01

success = 1
