# Result for min over (Cvac,alpha) at 
kT = 1.0000e+00
mu = 1.9366e-01
Ngrid = 132

Cvac_min = 4.30975402e-04
alpha_min = 6.22860698e+01
freeEnergy_min = -2.28535420e+00
density_min = 8.90063411e-01

success = 1
