# Result for min over (Cvac,alpha) at 
kT = 1.0800e+00
mu = 1.3347e+00
Ngrid = 131

Cvac_min = 3.71074279e-04
alpha_min = 6.47202432e+01
freeEnergy_min = -2.93304542e+00
density_min = 9.10657104e-01

success = 1
