# Result for min over (Cvac,alpha) at 
kT = 1.0800e+00
mu = 1.3347e+00
Ngrid = 133

Cvac_min = 3.06001533e-04
alpha_min = 4.73219886e+01
freeEnergy_min = -2.94969157e+00
density_min = 8.70246157e-01

success = 1
