# Result for min over (Cvac,alpha) at 
kT = 1.2000e+00
mu = 3.0893e+00
Ngrid = 130

Cvac_min = 1.95630677e-04
alpha_min = 6.47144408e+01
freeEnergy_min = -4.07945941e+00
density_min = 9.31997883e-01

success = 1
