# Result for min over (Cvac,alpha) at 
kT = 1.3600e+00
mu = 4.5169e+00
Ngrid = 129

Cvac_min = 1.92516517e-04
alpha_min = 6.26477981e+01
freeEnergy_min = -4.93804231e+00
density_min = 9.53843676e-01

success = 1
