# Result for min over (Cvac,alpha) at 
kT = 8.2000e-01
mu = -2.9614e+00
Ngrid = 135

Cvac_min = 6.91736566e-04
alpha_min = 5.47976876e+01
freeEnergy_min = -6.30817494e-01
density_min = 8.31817639e-01

success = 1
