# Result for min over (Cvac,alpha) at 
kT = 1.3400e+00
mu = 4.3015e+00
Ngrid = 129

Cvac_min = 2.13279120e-04
alpha_min = 6.43340429e+01
freeEnergy_min = -4.78448925e+00
density_min = 9.53823868e-01

success = 1
