# Result for min over (Cvac,alpha) at 
kT = 1.3800e+00
mu = 4.9266e+00
Ngrid = 130

Cvac_min = 1.02216331e-04
alpha_min = 5.04002762e+01
freeEnergy_min = -5.28123427e+00
density_min = 9.32084962e-01

success = 1
