# Result for min over (Cvac,alpha) at 
kT = 1.1800e+00
mu = 2.4420e+00
Ngrid = 131

Cvac_min = 3.31554115e-04
alpha_min = 5.60082456e+01
freeEnergy_min = -3.56558693e+00
density_min = 9.10693107e-01

success = 1
