# Result for min over (Cvac,alpha) at 
kT = 7.2000e-01
mu = -4.4968e+00
Ngrid = 135

Cvac_min = 3.04754159e-04
alpha_min = 6.54897065e+01
freeEnergy_min = -1.33097286e-01
density_min = 8.32139761e-01

success = 1
