# Result for min over (Cvac,alpha) at 
kT = 1.3200e+00
mu = 4.2822e+00
Ngrid = 130

Cvac_min = 1.42435360e-04
alpha_min = 5.47981998e+01
freeEnergy_min = -4.83197877e+00
density_min = 9.32047470e-01

success = 1
