# Result for min over (Cvac,alpha) at 
kT = 1.3400e+00
mu = 4.5015e+00
Ngrid = 129

Cvac_min = 1.58363389e-04
alpha_min = 6.43542995e+01
freeEnergy_min = -4.97525952e+00
density_min = 9.53876259e-01

success = 1
