# Result for min over (Cvac,alpha) at 
kT = 1.3400e+00
mu = 4.5015e+00
Ngrid = 130

Cvac_min = 1.27307436e-04
alpha_min = 5.32940520e+01
freeEnergy_min = -4.98407769e+00
density_min = 9.32061572e-01

success = 1
