# Result for min over (Cvac,alpha) at 
kT = 1.0400e+00
mu = 7.7702e-01
Ngrid = 132

Cvac_min = 3.82290968e-04
alpha_min = 5.86356482e+01
freeEnergy_min = -2.62038165e+00
density_min = 8.90106762e-01

success = 1
