# Result for min over (Cvac,alpha) at 
kT = 7.4000e-01
mu = -4.6902e+00
Ngrid = 137

Cvac_min = 1.00303362e-03
alpha_min = 4.92613870e+01
freeEnergy_min = 1.97033016e-01
density_min = 7.95668968e-01

success = 1
