# Result for min over (Cvac,alpha) at 
kT = 1.0600e+00
mu = 1.0605e+00
Ngrid = 133

Cvac_min = 3.28565008e-04
alpha_min = 4.88351512e+01
freeEnergy_min = -2.79050554e+00
density_min = 8.70226516e-01

success = 1
