# Result for min over (Cvac,alpha) at 
kT = 1.0800e+00
mu = 1.1347e+00
Ngrid = 132

Cvac_min = 4.46841573e-04
alpha_min = 5.51802453e+01
freeEnergy_min = -2.77026808e+00
density_min = 8.90049283e-01

success = 1
