# Result for min over (Cvac,alpha) at 
kT = 1.0800e+00
mu = 1.5347e+00
Ngrid = 131

Cvac_min = 2.78679449e-04
alpha_min = 6.47459304e+01
freeEnergy_min = -3.11518571e+00
density_min = 9.10741275e-01

success = 1
