# Result for min over (Cvac,alpha) at 
kT = 8.6000e-01
mu = -1.8506e+00
Ngrid = 134

Cvac_min = 3.74823926e-04
alpha_min = 5.84890075e+01
freeEnergy_min = -1.30089998e+00
density_min = 8.50849490e-01

success = 1
