# Result for min over (Cvac,alpha) at 
kT = 1.3400e+00
mu = 4.7015e+00
Ngrid = 131

Cvac_min = 7.56976193e-05
alpha_min = 4.44416969e+01
freeEnergy_min = -5.15895074e+00
density_min = 9.10926191e-01

success = 1
