# Result for min over (Cvac,alpha) at 
kT = 8.4000e-01
mu = -2.6018e+00
Ngrid = 135

Cvac_min = 6.95325652e-04
alpha_min = 5.29186849e+01
freeEnergy_min = -7.98790917e-01
density_min = 8.31814651e-01

success = 1
