# Result for min over (Cvac,alpha) at 
kT = 1.2000e+00
mu = 2.6893e+00
Ngrid = 133

Cvac_min = 2.55021685e-04
alpha_min = 3.90934748e+01
freeEnergy_min = -3.71749871e+00
density_min = 8.70290536e-01

success = 1
