# Result for min over (Cvac,alpha) at 
kT = 1.2400e+00
mu = 3.3730e+00
Ngrid = 130

Cvac_min = 2.16205985e-04
alpha_min = 6.12166407e+01
freeEnergy_min = -4.21474944e+00
density_min = 9.31978703e-01

success = 1
