# Result for min over (Cvac,alpha) at 
kT = 1.1200e+00
mu = 1.8735e+00
Ngrid = 132

Cvac_min = 2.81583011e-04
alpha_min = 5.19913251e+01
freeEnergy_min = -3.27347651e+00
density_min = 8.90196437e-01

success = 1
