# Result for min over (Cvac,alpha) at 
kT = 1.2400e+00
mu = 3.5730e+00
Ngrid = 130

Cvac_min = 1.59332672e-04
alpha_min = 6.12326928e+01
freeEnergy_min = -4.40115072e+00
density_min = 9.32031719e-01

success = 1
