# Result for min over (Cvac,alpha) at 
kT = 1.3600e+00
mu = 4.7169e+00
Ngrid = 130

Cvac_min = 1.13688388e-04
alpha_min = 5.18296053e+01
freeEnergy_min = -5.13443292e+00
density_min = 9.32074268e-01

success = 1
