# Result for min over (Cvac,alpha) at 
kT = 8.8000e-01
mu = -1.9087e+00
Ngrid = 134

Cvac_min = 6.60111082e-04
alpha_min = 5.65100459e+01
freeEnergy_min = -1.12853402e+00
density_min = 8.50606662e-01

success = 1
