# Result for min over (Cvac,alpha) at 
kT = 9.2000e-01
mu = -8.4734e-01
Ngrid = 135

Cvac_min = 3.53973332e-04
alpha_min = 4.61474278e+01
freeEnergy_min = -1.79725774e+00
density_min = 8.32098791e-01

success = 1
