# Result for min over (Cvac,alpha) at 
kT = 1.1200e+00
mu = 1.8735e+00
Ngrid = 131

Cvac_min = 3.17732090e-04
alpha_min = 6.10929904e+01
freeEnergy_min = -3.26388246e+00
density_min = 9.10705699e-01

success = 1
