# Result for min over (Cvac,alpha) at 
kT = 1.2200e+00
mu = 2.9333e+00
Ngrid = 130

Cvac_min = 3.19573657e-04
alpha_min = 6.28994273e+01
freeEnergy_min = -3.86824612e+00
density_min = 9.31882346e-01

success = 1
