# Result for min over (Cvac,alpha) at 
kT = 1.3800e+00
mu = 4.7266e+00
Ngrid = 129

Cvac_min = 1.73799151e-04
alpha_min = 6.09985596e+01
freeEnergy_min = -5.08795717e+00
density_min = 9.53861532e-01

success = 1
