# Result for min over (Cvac,alpha) at 
kT = 7.8000e-01
mu = -3.7060e+00
Ngrid = 137

Cvac_min = 8.24649189e-04
alpha_min = 4.56668351e+01
freeEnergy_min = -2.92169573e-01
density_min = 7.95811045e-01

success = 1
