# Result for min over (Cvac,alpha) at 
kT = 1.1600e+00
mu = 2.5943e+00
Ngrid = 132

Cvac_min = 1.70033587e-04
alpha_min = 4.89743782e+01
freeEnergy_min = -3.77319176e+00
density_min = 8.90295766e-01

success = 1
