# Result for min over (Cvac,alpha) at 
kT = 1.0200e+00
mu = 6.8733e-01
Ngrid = 134

Cvac_min = 2.66884565e-04
alpha_min = 4.49171500e+01
freeEnergy_min = -2.62868405e+00
density_min = 8.50941364e-01

success = 1
