# Result for min over (Cvac,alpha) at 
kT = 1.3600e+00
mu = 4.9169e+00
Ngrid = 130

Cvac_min = 8.13649450e-05
alpha_min = 5.18379309e+01
freeEnergy_min = -5.32085094e+00
density_min = 9.32104399e-01

success = 1
