# Result for min over (Cvac,alpha) at 
kT = 1.0000e+00
mu = -6.3371e-03
Ngrid = 135

Cvac_min = 5.53573359e-04
alpha_min = 4.01217010e+01
freeEnergy_min = -2.11929132e+00
density_min = 8.31932645e-01

success = 1
