# Result for min over (Cvac,alpha) at 
kT = 1.3000e+00
mu = 4.2591e+00
Ngrid = 131

Cvac_min = 9.52731268e-05
alpha_min = 4.71211785e+01
freeEnergy_min = -4.85908788e+00
density_min = 9.10908358e-01

success = 1
