# Result for min over (Cvac,alpha) at 
kT = 9.6000e-01
mu = -6.1213e-01
Ngrid = 134

Cvac_min = 5.88714361e-04
alpha_min = 4.95197133e+01
freeEnergy_min = -1.79773915e+00
density_min = 8.50667433e-01

success = 1
