# Result for min over (Cvac,alpha) at 
kT = 1.1000e+00
mu = 1.8070e+00
Ngrid = 133

Cvac_min = 2.03657587e-04
alpha_min = 4.58776502e+01
freeEnergy_min = -3.28474699e+00
density_min = 8.70335249e-01

success = 1
