# Result for min over (Cvac,alpha) at 
kT = 7.8000e-01
mu = -3.3060e+00
Ngrid = 135

Cvac_min = 3.68107352e-04
alpha_min = 5.88421323e+01
freeEnergy_min = -6.29398155e-01
density_min = 8.32087026e-01

success = 1
