# Result for min over (Cvac,alpha) at 
kT = 1.3400e+00
mu = 4.3015e+00
Ngrid = 130

Cvac_min = 1.76110269e-04
alpha_min = 5.32752686e+01
freeEnergy_min = -4.79766973e+00
density_min = 9.32016079e-01

success = 1
