# Result for min over (Cvac,alpha) at 
kT = 1.2200e+00
mu = 3.1333e+00
Ngrid = 130

Cvac_min = 2.38071069e-04
alpha_min = 6.29274601e+01
freeEnergy_min = -4.05463056e+00
density_min = 9.31958321e-01

success = 1
