# Result for min over (Cvac,alpha) at 
kT = 9.6000e-01
mu = -6.1213e-01
Ngrid = 132

Cvac_min = 6.20099485e-04
alpha_min = 6.61519413e+01
freeEnergy_min = -1.77015178e+00
density_min = 8.89895006e-01

success = 1
