# Result for min over (Cvac,alpha) at 
kT = 7.2000e-01
mu = -5.0968e+00
Ngrid = 134

Cvac_min = 6.39559249e-04
alpha_min = 7.42236833e+01
freeEnergy_min = 3.84153883e-01
density_min = 8.50624155e-01

success = 1
