# Result for min over (Cvac,alpha) at 
kT = 8.0000e-01
mu = -2.9300e+00
Ngrid = 135

Cvac_min = 3.80169690e-04
alpha_min = 5.68064209e+01
freeEnergy_min = -7.95637101e-01
density_min = 8.32076985e-01

success = 1
