# Result for min over (Cvac,alpha) at 
kT = 1.1200e+00
mu = 2.0735e+00
Ngrid = 133

Cvac_min = 1.87849250e-04
alpha_min = 4.44512882e+01
freeEnergy_min = -3.44391635e+00
density_min = 8.70349010e-01

success = 1
