# Result for min over (Cvac,alpha) at 
kT = 1.3000e+00
mu = 4.2591e+00
Ngrid = 129

Cvac_min = 1.45593794e-04
alpha_min = 6.78792614e+01
freeEnergy_min = -4.85378550e+00
density_min = 9.53888441e-01

success = 1
