# Result for min over (Cvac,alpha) at 
kT = 1.3600e+00
mu = 4.5169e+00
Ngrid = 131

Cvac_min = 1.36367381e-04
alpha_min = 4.31347990e+01
freeEnergy_min = -4.94206224e+00
density_min = 9.10870921e-01

success = 1
