# Result for min over (Cvac,alpha) at 
kT = 1.2400e+00
mu = 3.3730e+00
Ngrid = 132

Cvac_min = 1.61189128e-04
alpha_min = 4.33697210e+01
freeEnergy_min = -4.21513637e+00
density_min = 8.90303641e-01

success = 1
