# Result for min over (Cvac,alpha) at 
kT = 9.2000e-01
mu = -8.4734e-01
Ngrid = 134

Cvac_min = 3.49933738e-04
alpha_min = 5.29590573e+01
freeEnergy_min = -1.80383380e+00
density_min = 8.50870675e-01

success = 1
