# Result for min over (Cvac,alpha) at 
kT = 1.3000e+00
mu = 4.0591e+00
Ngrid = 131

Cvac_min = 1.34281154e-04
alpha_min = 4.71067061e+01
freeEnergy_min = -4.67690956e+00
density_min = 9.10872822e-01

success = 1
