# Result for min over (Cvac,alpha) at 
kT = 1.3200e+00
mu = 4.4822e+00
Ngrid = 130

Cvac_min = 1.03053461e-04
alpha_min = 5.48117803e+01
freeEnergy_min = -5.01839211e+00
density_min = 9.32084181e-01

success = 1
