# Result for min over (Cvac,alpha) at 
kT = 1.1800e+00
mu = 2.6420e+00
Ngrid = 132

Cvac_min = 2.15302912e-04
alpha_min = 4.75013729e+01
freeEnergy_min = -3.74898584e+00
density_min = 8.90255456e-01

success = 1
