# Result for min over (Cvac,alpha) at 
kT = 7.8000e-01
mu = -3.3060e+00
Ngrid = 134

Cvac_min = 3.52142795e-04
alpha_min = 6.69399603e+01
freeEnergy_min = -6.25404618e-01
density_min = 8.50868795e-01

success = 1
