# Result for min over (Cvac,alpha) at 
kT = 1.3200e+00
mu = 4.0822e+00
Ngrid = 129

Cvac_min = 2.36340868e-04
alpha_min = 6.60604143e+01
freeEnergy_min = -4.62915056e+00
density_min = 9.53801866e-01

success = 1
