# Result for min over (Cvac,alpha) at 
kT = 1.1800e+00
mu = 2.6420e+00
Ngrid = 131

Cvac_min = 2.45567068e-04
alpha_min = 5.60337119e+01
freeEnergy_min = -3.74773372e+00
density_min = 9.10771441e-01

success = 1
