# Result for min over (Cvac,alpha) at 
kT = 1.1000e+00
mu = 1.8070e+00
Ngrid = 132

Cvac_min = 2.25029194e-04
alpha_min = 5.36023188e+01
freeEnergy_min = -3.28984580e+00
density_min = 8.90246795e-01

success = 1
