# Result for min over (Cvac,alpha) at 
kT = 1.1800e+00
mu = 2.4420e+00
Ngrid = 133

Cvac_min = 2.80554705e-04
alpha_min = 4.03714365e+01
freeEnergy_min = -3.56383992e+00
density_min = 8.70268309e-01

success = 1
