# Result for min over (Cvac,alpha) at 
kT = 8.8000e-01
mu = -1.9087e+00
Ngrid = 133

Cvac_min = 6.56010721e-04
alpha_min = 6.48670378e+01
freeEnergy_min = -1.11299587e+00
density_min = 8.69941470e-01

success = 1
