# Result for min over (Cvac,alpha) at 
kT = 1.2800e+00
mu = 3.6329e+00
Ngrid = 129

Cvac_min = 2.85549918e-04
alpha_min = 6.96571809e+01
freeEnergy_min = -4.31453951e+00
density_min = 9.53754919e-01

success = 1
