# Result for min over (Cvac,alpha) at 
kT = 1.3000e+00
mu = 3.8591e+00
Ngrid = 132

Cvac_min = 1.63026209e-04
alpha_min = 3.95334551e+01
freeEnergy_min = -4.48385689e+00
density_min = 8.90302005e-01

success = 1
