# Result for min over (Cvac,alpha) at 
kT = 1.1400e+00
mu = 2.1367e+00
Ngrid = 132

Cvac_min = 2.57360669e-04
alpha_min = 5.04486181e+01
freeEnergy_min = -3.43530702e+00
density_min = 8.90218005e-01

success = 1
