# Result for min over (Cvac,alpha) at 
kT = 9.6000e-01
mu = -2.1213e-01
Ngrid = 132

Cvac_min = 3.56684970e-04
alpha_min = 6.62193305e+01
freeEnergy_min = -2.12616113e+00
density_min = 8.90129562e-01

success = 1
