# Result for min over (Cvac,alpha) at 
kT = 8.8000e-01
mu = -1.5087e+00
Ngrid = 133

Cvac_min = 3.77291684e-04
alpha_min = 6.49412728e+01
freeEnergy_min = -1.46102520e+00
density_min = 8.70184098e-01

success = 1
