# Result for min over (Cvac,alpha) at 
kT = 1.1000e+00
mu = 1.4070e+00
Ngrid = 131

Cvac_min = 4.56057000e-04
alpha_min = 6.28426376e+01
freeEnergy_min = -2.91726837e+00
density_min = 9.10579685e-01

success = 1
