# Result for min over (Cvac,alpha) at 
kT = 1.1200e+00
mu = 2.0735e+00
Ngrid = 131

Cvac_min = 2.36584894e-04
alpha_min = 6.11153979e+01
freeEnergy_min = -3.44603128e+00
density_min = 9.10779623e-01

success = 1
