# Result for min over (Cvac,alpha) at 
kT = 1.2200e+00
mu = 3.3333e+00
Ngrid = 131

Cvac_min = 1.45976796e-04
alpha_min = 5.29153776e+01
freeEnergy_min = -4.24727899e+00
density_min = 9.10862167e-01

success = 1
