# Result for min over (Cvac,alpha) at 
kT = 8.0000e-01
mu = -2.9300e+00
Ngrid = 136

Cvac_min = 4.07930423e-04
alpha_min = 4.99919366e+01
freeEnergy_min = -7.88967626e-01
density_min = 8.13834374e-01

success = 1
