# Result for min over (Cvac,alpha) at 
kT = 1.2800e+00
mu = 3.8329e+00
Ngrid = 131

Cvac_min = 1.48946163e-04
alpha_min = 4.84975221e+01
freeEnergy_min = -4.52545330e+00
density_min = 9.10859462e-01

success = 1
