# Result for min over (Cvac,alpha) at 
kT = 1.2200e+00
mu = 3.3333e+00
Ngrid = 130

Cvac_min = 1.77115483e-04
alpha_min = 6.29470473e+01
freeEnergy_min = -4.24102816e+00
density_min = 9.32015142e-01

success = 1
