# Result for fluid-solid coexistence at 
kT = 5.4500e-01

fluidType = fluid

muCoex = -2.66251290e+00
freeEnergyCoex = -1.04982870e-01
densitySolidCoex = 1.16818864e+00
NgridCoex = 1.20578038e+02
CvacCoex = 3.01914201e-05
alphaCoex = 1.48388081e+03
densityFluidCoex = 2.21134294e-01

success = 1
