# Result for fluid-solid coexistence at 
kT = 1.3000e+00

fluidType = fluid

muCoex = 7.90360537e+00
freeEnergyCoex = -6.05043745e+00
densitySolidCoex = 1.15108811e+00
NgridCoex = 1.21165188e+02
CvacCoex = 2.01369422e-04
alphaCoex = 5.41814066e+02
densityFluidCoex = 8.45709231e-01

success = 1
