# Result for fluid-solid coexistence at 
kT = 5.3500e-01

fluidType = fluid

muCoex = -2.84919667e+00
freeEnergyCoex = -7.76852369e-02
densitySolidCoex = 1.15718348e+00
NgridCoex = 1.20878780e+02
CvacCoex = 2.02182889e-03
alphaCoex = 1.31687355e+03
densityFluidCoex = 1.19273644e-01

success = 1
