# Result for fluid-solid coexistence at 
kT = 5.7000e-01

fluidType = fluid

muCoex = -2.02665653e+00
freeEnergyCoex = -3.09077427e-01
densitySolidCoex = 1.15794064e+00
NgridCoex = 1.20855649e+02
CvacCoex = 1.94222742e-03
alphaCoex = 1.24918536e+03
densityFluidCoex = 4.47262673e-01

success = 1
