# Result for fluid-solid coexistence at 
kT = 3.2000e-01

fluidType = fluid

muCoex = -9.76539595e+00
freeEnergyCoex = -5.75734001e-05
densitySolidCoex = 1.15263262e+00
NgridCoex = 1.21041148e+02
CvacCoex = 1.93136072e-03
alphaCoex = 1.32353662e+03
densityFluidCoex = 5.75670403e-05

success = 1
