# Result for fluid-solid coexistence at 
kT = 5.0500e-01

fluidType = fluid

muCoex = -3.55578776e+00
freeEnergyCoex = -3.23504769e-02
densitySolidCoex = 1.17070807e+00
NgridCoex = 1.20491995e+02
CvacCoex = 1.33964358e-05
alphaCoex = 1.59697651e+03
densityFluidCoex = 3.72662185e-02

success = 1
