# Result for fluid-solid coexistence at 
kT = 6.8000e-01

fluidType = fluid

muCoex = 4.79523647e-01
freeEnergyCoex = -1.45997640e+00
densitySolidCoex = 1.16105422e+00
NgridCoex = 1.20812701e+02
CvacCoex = 3.18173789e-04
alphaCoex = 1.09642719e+03
densityFluidCoex = 6.32109561e-01

success = 1
