# Result for fluid-solid coexistence at 
kT = 8.8000e-01

fluidType = fluid

muCoex = 3.85610094e+00
freeEnergyCoex = -3.37725771e+00
densitySolidCoex = 1.15763284e+00
NgridCoex = 1.20937039e+02
CvacCoex = 1.87098111e-04
alphaCoex = 8.38768109e+02
densityFluidCoex = 7.47843953e-01

success = 1
