# Result for fluid-solid coexistence at 
kT = 5.6000e-01

fluidType = fluid

muCoex = -2.27280577e+00
freeEnergyCoex = -2.20273220e-01
densitySolidCoex = 1.15770388e+00
NgridCoex = 1.20863041e+02
CvacCoex = 1.96311517e-03
alphaCoex = 1.26693823e+03
densityFluidCoex = 4.03744913e-01

success = 1
