# Result for fluid-solid coexistence at 
kT = 5.9500e-01

fluidType = fluid

muCoex = -1.42339794e+00
freeEnergyCoex = -5.52216211e-01
densitySolidCoex = 1.16027527e+00
NgridCoex = 1.20843024e+02
CvacCoex = 2.36888169e-04
alphaCoex = 1.21517921e+03
densityFluidCoex = 5.15262571e-01

success = 1
