# Result for fluid-solid coexistence at 
kT = 5.7000e-01

fluidType = fluid

muCoex = -2.05477681e+00
freeEnergyCoex = -2.96587254e-01
densitySolidCoex = 1.16688529e+00
NgridCoex = 1.20622341e+02
CvacCoex = 4.42943032e-05
alphaCoex = 1.40040337e+03
densityFluidCoex = 4.41078867e-01

success = 1
