# Result for fluid-solid coexistence at 
kT = 5.6500e-01

fluidType = fluid

muCoex = -2.17886764e+00
freeEnergyCoex = -2.51329190e-01
densitySolidCoex = 1.16712328e+00
NgridCoex = 1.20614257e+02
CvacCoex = 4.14585440e-05
alphaCoex = 1.41608449e+03
densityFluidCoex = 4.20006873e-01

success = 1
