# Result for fluid-solid coexistence at 
kT = 8.6000e-01

fluidType = fluid

muCoex = 3.57685452e+00
freeEnergyCoex = -3.20719240e+00
densitySolidCoex = 1.15805980e+00
NgridCoex = 1.20922373e+02
CvacCoex = 1.82236191e-04
alphaCoex = 8.61039618e+02
densityFluidCoex = 7.40068585e-01

success = 1
