# Result for fluid-solid coexistence at 
kT = 1.0000e+00

fluidType = fluid

muCoex = 5.32496912e+00
freeEnergyCoex = -4.30243104e+00
densitySolidCoex = 1.15534371e+00
NgridCoex = 1.21016144e+02
CvacCoex = 2.04422938e-04
alphaCoex = 7.25789365e+02
densityFluidCoex = 7.85884712e-01

success = 1
