# Result for fluid-solid coexistence at 
kT = 9.8000e-01

fluidType = fluid

muCoex = 5.10229421e+00
freeEnergyCoex = -4.15891274e+00
densitySolidCoex = 1.15569595e+00
NgridCoex = 1.21003910e+02
CvacCoex = 2.02952965e-04
alphaCoex = 7.42497785e+02
densityFluidCoex = 7.80375842e-01

success = 1
