# Result for fluid-solid coexistence at 
kT = 5.6000e-01

fluidType = fluid

muCoex = -2.30264300e+00
freeEnergyCoex = -2.08366172e-01
densitySolidCoex = 1.16736975e+00
NgridCoex = 1.20605886e+02
CvacCoex = 3.85330945e-05
alphaCoex = 1.43221455e+03
densityFluidCoex = 3.94319735e-01

success = 1
