# Result for fluid-solid coexistence at 
kT = 4.0000e-01

fluidType = fluid

muCoex = -6.55092075e+00
freeEnergyCoex = -1.44169798e-03
densitySolidCoex = 1.17514190e+00
NgridCoex = 1.20340804e+02
CvacCoex = 3.58174049e-07
alphaCoex = 2.10180010e+03
densityFluidCoex = 1.45267419e-03

success = 1
