# Result for fluid-solid coexistence at 
kT = 5.1500e-01

fluidType = fluid

muCoex = -3.30999488e+00
freeEnergyCoex = -4.29926911e-02
densitySolidCoex = 1.17023032e+00
NgridCoex = 1.20508485e+02
CvacCoex = 1.51805356e-05
alphaCoex = 1.60479705e+03
densityFluidCoex = 5.21981839e-02

success = 1
