# Result for fluid-solid coexistence at 
kT = 5.8500e-01

fluidType = fluid

muCoex = -1.68385409e+00
freeEnergyCoex = -4.41827859e-01
densitySolidCoex = 1.16621099e+00
NgridCoex = 1.20645234e+02
CvacCoex = 5.29026334e-05
alphaCoex = 1.35566401e+03
densityFluidCoex = 4.88822676e-01

success = 1
