# Result for fluid-solid coexistence at 
kT = 6.2000e-01

fluidType = fluid

muCoex = -8.32485651e-01
freeEnergyCoex = -8.15678071e-01
densitySolidCoex = 1.16066670e+00
NgridCoex = 1.20828139e+02
CvacCoex = 2.68907394e-04
alphaCoex = 1.17769184e+03
densityFluidCoex = 5.60776157e-01

success = 1
