# Result for fluid-solid coexistence at 
kT = 5.3500e-01

fluidType = fluid

muCoex = -2.87888874e+00
freeEnergyCoex = -7.42845585e-02
densitySolidCoex = 1.16884269e+00
NgridCoex = 1.20555777e+02
CvacCoex = 2.44329464e-05
alphaCoex = 1.52204760e+03
densityFluidCoex = 1.10230903e-01

success = 1
