# Result for fluid-solid coexistence at 
kT = 3.0000e-01

fluidType = fluid

muCoex = -1.09028287e+01
freeEnergyCoex = -1.84774828e-05
densitySolidCoex = 1.15210104e+00
NgridCoex = 1.21060915e+02
CvacCoex = 1.90206291e-03
alphaCoex = 1.32306958e+03
densityFluidCoex = 1.84477828e-05

success = 1
