# Result for fluid-solid coexistence at 
kT = 5.0000e-01

fluidType = fluid

muCoex = -3.67031304e+00
freeEnergyCoex = -2.84523245e-02
densitySolidCoex = 1.17092037e+00
NgridCoex = 1.20484778e+02
CvacCoex = 1.17950528e-05
alphaCoex = 1.61622250e+03
densityFluidCoex = 3.21994600e-02

success = 1
