# Result for fluid-solid coexistence at 
kT = 6.4000e-01

fluidType = fluid

muCoex = -3.86533685e-01
freeEnergyCoex = -1.02558895e+00
densitySolidCoex = 1.16407393e+00
NgridCoex = 1.20717675e+02
CvacCoex = 8.59809629e-05
alphaCoex = 1.21516161e+03
densityFluidCoex = 5.88089910e-01

success = 1
