# Result for fluid-solid coexistence at 
kT = 5.5000e-01

fluidType = fluid

muCoex = -2.54632589e+00
freeEnergyCoex = -1.32960776e-01
densitySolidCoex = 1.16789668e+00
NgridCoex = 1.20587972e+02
CvacCoex = 3.29476781e-05
alphaCoex = 1.46600003e+03
densityFluidCoex = 3.11548599e-01

success = 1
