# Result for fluid-solid coexistence at 
kT = 5.3000e-01

fluidType = fluid

muCoex = -2.98543009e+00
freeEnergyCoex = -6.42777293e-02
densitySolidCoex = 1.16918410e+00
NgridCoex = 1.20544149e+02
CvacCoex = 2.18014591e-05
alphaCoex = 1.54198092e+03
densityFluidCoex = 8.84624917e-02

success = 1
