# Result for fluid-solid coexistence at 
kT = 5.1500e-01

fluidType = fluid

muCoex = -3.27368569e+00
freeEnergyCoex = -4.49351921e-02
densitySolidCoex = 1.15684922e+00
NgridCoex = 1.20889284e+02
CvacCoex = 2.04984569e-03
alphaCoex = 1.34087049e+03
densityFluidCoex = 5.51931300e-02

success = 1
