# Result for fluid-solid coexistence at 
kT = 4.8000e-01

fluidType = fluid

muCoex = -4.15042207e+00
freeEnergyCoex = -1.69266780e-02
densitySolidCoex = 1.17177092e+00
NgridCoex = 1.20455817e+02
CvacCoex = 6.93149730e-06
alphaCoex = 1.69631346e+03
densityFluidCoex = 1.82318888e-02

success = 1
