# Result for fluid-solid coexistence at 
kT = 5.0500e-01

fluidType = fluid

muCoex = -3.49241304e+00
freeEnergyCoex = -3.48163785e-02
densitySolidCoex = 1.15669491e+00
NgridCoex = 1.20894802e+02
CvacCoex = 2.04619097e-03
alphaCoex = 1.33931662e+03
densityFluidCoex = 4.06452210e-02

success = 1
