# Result for fluid-solid coexistence at 
kT = 6.6000e-01

fluidType = fluid

muCoex = 5.34300267e-02
freeEnergyCoex = -1.24238639e+00
densitySolidCoex = 1.16338847e+00
NgridCoex = 1.20740909e+02
CvacCoex = 9.75584873e-05
alphaCoex = 1.17128113e+03
densityFluidCoex = 6.11705893e-01

success = 1
