# Result for fluid-solid coexistence at 
kT = 9.4000e-01

fluidType = fluid

muCoex = 4.63176842e+00
freeEnergyCoex = -3.85947080e+00
densitySolidCoex = 1.15643396e+00
NgridCoex = 1.20978360e+02
CvacCoex = 1.98216818e-04
alphaCoex = 7.78228921e+02
densityFluidCoex = 7.68460121e-01

success = 1
