# Result for fluid-solid coexistence at 
kT = 5.2500e-01

fluidType = fluid

muCoex = -3.09251202e+00
freeEnergyCoex = -5.60096467e-02
densitySolidCoex = 1.16952994e+00
NgridCoex = 1.20532363e+02
CvacCoex = 1.94097815e-05
alphaCoex = 1.56242084e+03
densityFluidCoex = 7.30950648e-02

success = 1
