# Result for fluid-solid coexistence at 
kT = 7.0000e-01

fluidType = fluid

muCoex = 8.83114884e-01
freeEnergyCoex = -1.67144496e+00
densitySolidCoex = 1.16095131e+00
NgridCoex = 1.20816081e+02
CvacCoex = 3.22930567e-04
alphaCoex = 1.07027790e+03
densityFluidCoex = 6.49533558e-01

success = 1
