# Result for solid computation at 
kT = 5.2000e-01
mu = -3.0040e+00

Ngrid_min = 1.20876350e+02
Cvac_min = 2.05944432e-03
alpha_min = 1.34298684e+03
freeEnergy_min = -2.38927233e-01
density_min = 1.15720991e+00

success = 1
