# Result for fluid computation at 
kT = 1.3800e+00
mu = 8.2911e+00

freeEnergyVapour = -6.31118591e+00
freeEnergyLiquid = -6.31118591e+00
densityVapour    = 8.53792819e-01
densityLiquid    = 8.53792819e-01
supercritical = 1

success = 1
