# Result for fluid computation at 
kT = 5.2500e-01
mu = -3.2006e+00

freeEnergyVapour = -4.88031021e-02
freeEnergyLiquid = -4.88031021e-02
densityVapour    = 6.07672021e-02
densityLiquid    = 6.07672021e-02
supercritical = 1

success = 1
