# Result for fluid computation at 
kT = 5.4000e-01
mu = -3.2004e+00

freeEnergyVapour = -4.82618457e-02
freeEnergyLiquid = -4.82618457e-02
densityVapour    = 5.90418607e-02
densityLiquid    = 5.90418607e-02
supercritical = 1

success = 1
