# Result for solid computation at 
kT = 5.0500e-01
mu = -3.4541e+00

Ngrid_min = 1.20892569e+02
Cvac_min = 2.04794102e-03
alpha_min = 1.33959417e+03
freeEnergy_min = -7.91266183e-02
density_min = 1.15675702e+00

success = 1
