# Result for solid computation at 
kT = 4.8000e-01
mu = -4.0707e+00

Ngrid_min = 1.20451356e+02
Cvac_min = 6.37711756e-06
alpha_min = 1.69921986e+03
freeEnergy_min = -1.10367851e-01
density_min = 1.17190174e+00

success = 1
