# Result for solid computation at 
kT = 5.8500e-01
mu = -1.6570e+00

Ngrid_min = 1.20642123e+02
Cvac_min = 5.14423863e-05
alpha_min = 1.35712764e+03
freeEnergy_min = -4.73092054e-01
density_min = 1.16630293e+00

success = 1
