# Result for solid computation at 
kT = 5.9000e-01
mu = -1.6339e+00

Ngrid_min = 1.20660984e+02
Cvac_min = 6.01772027e-05
alpha_min = 1.33753188e+03
freeEnergy_min = -4.07901024e-01
density_min = 1.16574582e+00

success = 1
