# Result for solid computation at 
kT = 3.4000e-01
mu = -9.0148e+00

Ngrid_min = 1.20253020e+02
Cvac_min = -2.35967203e-06
alpha_min = 2.54363402e+03
freeEnergy_min = -1.35098042e-01
density_min = 1.17772104e+00

success = 1
