# Result for solid computation at 
kT = 3.4000e-01
mu = -9.1654e+00

Ngrid_min = 1.21031380e+02
Cvac_min = 1.95126543e-03
alpha_min = 1.32376054e+03
freeEnergy_min = 4.64634638e-01
density_min = 1.15288934e+00

success = 1
