# Result for fluid computation at 
kT = 5.2000e-01
mu = -3.2100e+00

freeEnergyVapour = -4.84292535e-02
freeEnergyLiquid = -4.84292535e-02
densityVapour    = 6.04777376e-02
densityLiquid    = 6.04777376e-02
supercritical = 1

success = 1
