# Result for solid computation at 
kT = 8.6000e-01
mu = 3.6867e+00

Ngrid_min = 1.20902934e+02
Cvac_min = 1.61688760e-04
alpha_min = 8.66463928e+02
freeEnergy_min = -3.33438333e+00
density_min = 1.15864237e+00

success = 1
