# Result for solid computation at 
kT = 8.6000e-01
mu = 3.2863e+00

Ngrid_min = 1.20973730e+02
Cvac_min = 2.50653905e-04
alpha_min = 8.46914836e+02
freeEnergy_min = -2.87095123e+00
density_min = 1.15650606e+00

success = 1
