# Result for fluid computation at 
kT = 5.0500e-01
mu = -3.5203e+00

freeEnergyVapour = -3.37008377e-02
freeEnergyLiquid = -3.37008377e-02
densityVapour    = 3.91019799e-02
densityLiquid    = 3.91019799e-02
supercritical = 1

success = 1
