# Result for solid computation at 
kT = 5.5500e-01
mu = -2.4158e+00

Ngrid_min = 1.20868233e+02
Cvac_min = 1.97638726e-03
alpha_min = 1.27783425e+03
freeEnergy_min = -1.55693308e-01
density_min = 1.15753923e+00

success = 1
