# Result for solid computation at 
kT = 5.1000e-01
mu = -3.4924e+00

Ngrid_min = 1.20898596e+02
Cvac_min = 2.04283864e-03
alpha_min = 1.33924882e+03
freeEnergy_min = 8.78036172e-02
density_min = 1.15658975e+00

success = 1
