# Result for solid computation at 
kT = 6.0000e-01
mu = -1.4066e+00

Ngrid_min = 1.20677022e+02
Cvac_min = 6.78909485e-05
alpha_min = 1.30924477e+03
freeEnergy_min = -4.93460546e-01
density_min = 1.16527203e+00

success = 1
