# Result for fluid computation at 
kT = 5.0500e-01
mu = -3.5703e+00

freeEnergyVapour = -3.18108005e-02
freeEnergyLiquid = -3.18108005e-02
densityVapour    = 3.65382332e-02
densityLiquid    = 3.65382332e-02
supercritical = 1

success = 1
