# Result for fluid computation at 
kT = 1.0200e+00
mu = 5.5250e+00

freeEnergyVapour = -4.43026195e+00
freeEnergyLiquid = -4.43026195e+00
densityVapour    = 7.90630004e-01
densityLiquid    = 7.90630004e-01
supercritical = 1

success = 1
