# Result for solid computation at 
kT = 5.1500e-01
mu = -3.2823e+00

Ngrid_min = 1.20889814e+02
Cvac_min = 2.04943086e-03
alpha_min = 1.34080164e+03
freeEnergy_min = -3.49400927e-02
density_min = 1.15683447e+00

success = 1
