# Result for fluid computation at 
kT = 5.3500e-01
mu = -2.8354e+00

freeEnergyVapour = -7.93470598e-02
freeEnergyLiquid = -7.93470598e-02
densityVapour    = 1.23970673e-01
densityLiquid    = 1.23970673e-01
supercritical = 1

success = 1
