# Result for fluid computation at 
kT = 6.0000e-01
mu = -1.3895e+00

freeEnergyVapour = -5.59182319e-01
freeEnergyLiquid = -5.59182319e-01
densityVapour    = 5.14514514e-01
densityLiquid    = 5.14514514e-01
supercritical = 1

success = 1
