# Result for solid computation at 
kT = 9.8000e-01
mu = 5.2714e+00

Ngrid_min = 1.20969242e+02
Cvac_min = 1.68575257e-04
alpha_min = 7.50636800e+02
freeEnergy_min = -4.35440128e+00
density_min = 1.15672981e+00

success = 1
