# Result for solid computation at 
kT = 6.8000e-01
mu = 6.5343e-01

Ngrid_min = 1.20738606e+02
Cvac_min = 8.98286829e-05
alpha_min = 1.13982247e+03
freeEnergy_min = -1.66424091e+00
density_min = 1.16346407e+00

success = 1
