# Result for solid computation at 
kT = 5.4500e-01
mu = -2.6931e+00

Ngrid_min = 1.20877774e+02
Cvac_min = 1.99341290e-03
alpha_min = 1.29636024e+03
freeEnergy_min = -4.23952952e-02
density_min = 1.15724522e+00

success = 1
