# Result for solid computation at 
kT = 1.4000e+00
mu = 8.4131e+00

Ngrid_min = 1.21239735e+02
Cvac_min = 2.20087514e-04
alpha_min = 4.94001190e+02
freeEnergy_min = -6.36525157e+00
density_min = 1.14894416e+00

success = 1
