# Result for solid computation at 
kT = 8.0000e-01
mu = 2.7412e+00

Ngrid_min = 1.20876276e+02
Cvac_min = 2.71593049e-04
alpha_min = 9.34924098e+02
freeEnergy_min = -2.75122052e+00
density_min = 1.15927876e+00

success = 1
