# Result for solid computation at 
kT = 3.6000e-01
mu = -8.5295e+00

Ngrid_min = 1.20299497e+02
Cvac_min = -9.36424678e-07
alpha_min = 2.35956041e+03
freeEnergy_min = 4.22857011e-01
density_min = 1.17635459e+00

success = 1
