# Result for fluid computation at 
kT = 3.6000e-01
mu = -8.3295e+00

freeEnergyVapour = -2.41648257e-04
freeEnergyLiquid = -2.41648257e-04
densityVapour    = 2.41999035e-04
densityLiquid    = 2.41999035e-04
supercritical = 1

success = 1
