# Result for solid computation at 
kT = 4.4000e-01
mu = -5.3053e+00

Ngrid_min = 1.20945395e+02
Cvac_min = 2.00632226e-03
alpha_min = 1.32916206e+03
freeEnergy_min = 2.16062098e-01
density_min = 1.15528844e+00

success = 1
