# Result for solid computation at 
kT = 6.0000e-01
mu = -1.3734e+00

Ngrid_min = 1.20846012e+02
Cvac_min = 2.40709246e-04
alpha_min = 1.20615948e+03
freeEnergy_min = -5.22779362e-01
density_min = 1.16018485e+00

success = 1
