# Result for fluid computation at 
kT = 1.1400e+00
mu = 6.5091e+00

freeEnergyVapour = -5.06093562e+00
freeEnergyLiquid = -5.06093562e+00
densityVapour    = 8.12721225e-01
densityLiquid    = 8.12721225e-01
supercritical = 1

success = 1
