# Result for solid computation at 
kT = 3.0000e-01
mu = -1.1800e+01

Ngrid_min = 1.20216522e+02
Cvac_min = -1.24295521e-05
alpha_min = 2.91415941e+03
freeEnergy_min = 4.10844525e-01
density_min = 1.17880652e+00

success = 1
