# Result for solid computation at 
kT = 3.6000e-01
mu = -8.1623e+00

Ngrid_min = 1.21010824e+02
Cvac_min = 1.95444465e-03
alpha_min = 1.32422309e+03
freeEnergy_min = 3.35615267e-01
density_min = 1.15347348e+00

success = 1
