# Result for fluid computation at 
kT = 7.4000e-01
mu = 1.4692e+00

freeEnergyVapour = -1.96692320e+00
freeEnergyLiquid = -1.96692320e+00
densityVapour    = 6.69180379e-01
densityLiquid    = 6.69180379e-01
supercritical = 1

success = 1
