# Result for solid computation at 
kT = 5.6000e-01
mu = -2.7423e+00

Ngrid_min = 1.20899293e+02
Cvac_min = 1.93471413e-03
alpha_min = 1.26157471e+03
freeEnergy_min = 3.23016275e-01
density_min = 1.15669456e+00

success = 1
