# Result for solid computation at 
kT = 3.4000e-01
mu = -1.0215e+01

Ngrid_min = 1.20299035e+02
Cvac_min = -2.56702957e-06
alpha_min = 2.48787585e+03
freeEnergy_min = 1.27735605e+00
density_min = 1.17637013e+00

success = 1
