# Result for solid computation at 
kT = 8.2000e-01
mu = 3.0689e+00

Ngrid_min = 1.20877263e+02
Cvac_min = 1.56067127e-04
alpha_min = 9.13513186e+02
freeEnergy_min = -2.95093537e+00
density_min = 1.15938737e+00

success = 1
