# Result for solid computation at 
kT = 3.4000e-01
mu = -9.3654e+00

Ngrid_min = 1.21037334e+02
Cvac_min = 1.95032111e-03
alpha_min = 1.32362316e+03
freeEnergy_min = 6.95195592e-01
density_min = 1.15272023e+00

success = 1
