# Result for solid computation at 
kT = 3.4000e-01
mu = -8.5654e+00

Ngrid_min = 1.21013498e+02
Cvac_min = 1.95403830e-03
alpha_min = 1.32416396e+03
freeEnergy_min = -2.27251347e-01
density_min = 1.15339749e+00

success = 1
