# Result for solid computation at 
kT = 8.4000e-01
mu = 3.1843e+00

Ngrid_min = 1.20934613e+02
Cvac_min = 2.54079524e-04
alpha_min = 8.76506705e+02
freeEnergy_min = -2.91400016e+00
density_min = 1.15762341e+00

success = 1
