# Result for solid computation at 
kT = 5.6000e-01
mu = -2.3951e+00

Ngrid_min = 1.20872503e+02
Cvac_min = 1.95560696e-03
alpha_min = 1.26531927e+03
freeEnergy_min = -7.87433664e-02
density_min = 1.15744044e+00

success = 1
