# Result for solid computation at 
kT = 5.3000e-01
mu = -3.0600e+00

Ngrid_min = 1.20888313e+02
Cvac_min = 2.02742879e-03
alpha_min = 1.32553245e+03
freeEnergy_min = 5.49814755e-02
density_min = 1.15690300e+00

success = 1
