# Result for fluid computation at 
kT = 3.6000e-01
mu = -9.1295e+00

freeEnergyVapour = -1.08492903e-04
freeEnergyLiquid = -1.08492903e-04
densityVapour    = 1.08563503e-04
densityLiquid    = 1.08563503e-04
supercritical = 1

success = 1
