# Result for solid computation at 
kT = 4.8000e-01
mu = -4.3701e+00

Ngrid_min = 1.20925052e+02
Cvac_min = 2.02278984e-03
alpha_min = 1.33376434e+03
freeEnergy_min = 3.29100583e-01
density_min = 1.15585318e+00

success = 1
