# Result for solid computation at 
kT = 5.5500e-01
mu = -2.4463e+00

Ngrid_min = 1.20599449e+02
Cvac_min = 3.66363442e-05
alpha_min = 1.44765000e+03
freeEnergy_min = -1.44140839e-01
density_min = 1.16755894e+00

success = 1
