# Result for solid computation at 
kT = 4.4000e-01
mu = -5.7053e+00

Ngrid_min = 1.20962641e+02
Cvac_min = 1.99099072e-03
alpha_min = 1.32773562e+03
freeEnergy_min = 6.78082000e-01
density_min = 1.15481152e+00

success = 1
