# Result for solid computation at 
kT = 5.2500e-01
mu = -3.0163e+00

Ngrid_min = 1.20881078e+02
Cvac_min = 2.04788549e-03
alpha_min = 1.33705080e+03
freeEnergy_min = -1.08978924e-01
density_min = 1.15708732e+00

success = 1
