# Result for fluid computation at 
kT = 9.8000e-01
mu = 4.8714e+00

freeEnergyVapour = -3.97964414e+00
freeEnergyLiquid = -3.97964414e+00
densityVapour    = 7.72155317e-01
densityLiquid    = 7.72155317e-01
supercritical = 1

success = 1
