# Result for solid computation at 
kT = 8.0000e-01
mu = 2.3412e+00

Ngrid_min = 1.20937714e+02
Cvac_min = 2.89798048e-04
alpha_min = 9.16433706e+02
freeEnergy_min = -2.28786422e+00
density_min = 1.15749297e+00

success = 1
