# Result for fluid computation at 
kT = 5.1000e-01
mu = -3.4558e+00

freeEnergyVapour = -3.62375040e-02
freeEnergyLiquid = -3.62375040e-02
densityVapour    = 4.24940378e-02
densityLiquid    = 4.24940378e-02
supercritical = 1

success = 1
