# Result for fluid computation at 
kT = 5.0500e-01
mu = -3.6703e+00

freeEnergyVapour = -2.83883753e-02
freeEnergyLiquid = -2.83883753e-02
densityVapour    = 3.20382507e-02
densityLiquid    = 3.20382507e-02
supercritical = 1

success = 1
