# Result for solid computation at 
kT = 7.8000e-01
mu = 2.1991e+00

Ngrid_min = 1.20892237e+02
Cvac_min = 2.86479380e-04
alpha_min = 9.52194616e+02
freeEnergy_min = -2.31344158e+00
density_min = 1.15880265e+00

success = 1
