# Result for solid computation at 
kT = 5.3500e-01
mu = -2.8544e+00

Ngrid_min = 1.20879138e+02
Cvac_min = 2.02154884e-03
alpha_min = 1.31682149e+03
freeEnergy_min = -7.16134952e-02
density_min = 1.15717352e+00

success = 1
