# Result for solid computation at 
kT = 5.1500e-01
mu = -3.2323e+00

Ngrid_min = 1.20886747e+02
Cvac_min = 2.05182129e-03
alpha_min = 1.34119906e+03
freeEnergy_min = -9.27839504e-02
density_min = 1.15691985e+00

success = 1
