# Result for fluid computation at 
kT = 5.7500e-01
mu = -2.0048e+00

freeEnergyVapour = -3.10191626e-01
freeEnergyLiquid = -3.10191626e-01
densityVapour    = 4.43828837e-01
densityLiquid    = 4.43828837e-01
supercritical = 1

success = 1
