# Result for solid computation at 
kT = 1.2000e+00
mu = 7.2179e+00

Ngrid_min = 1.21111294e+02
Cvac_min = 1.97298372e-04
alpha_min = 5.93901371e+02
freeEnergy_min = -5.58858082e+00
density_min = 1.15263044e+00

success = 1
