# Result for solid computation at 
kT = 5.5000e-01
mu = -2.6329e+00

Ngrid_min = 1.20878810e+02
Cvac_min = 1.98039046e-03
alpha_min = 1.28623328e+03
freeEnergy_min = -7.20651134e-03
density_min = 1.15723049e+00

success = 1
