# Result for solid computation at 
kT = 4.2000e-01
mu = -5.5556e+00

Ngrid_min = 1.20947029e+02
Cvac_min = 2.00505066e-03
alpha_min = 1.32780107e+03
freeEnergy_min = -1.76348973e-01
density_min = 1.15524303e+00

success = 1
