# Result for solid computation at 
kT = 1.1600e+00
mu = 6.8842e+00

Ngrid_min = 1.21095311e+02
Cvac_min = 2.01127713e-04
alpha_min = 6.16150252e+02
freeEnergy_min = -5.35436492e+00
density_min = 1.15308257e+00

success = 1
