# Result for solid computation at 
kT = 1.3600e+00
mu = 8.1656e+00

Ngrid_min = 1.21225958e+02
Cvac_min = 2.25838800e-04
alpha_min = 5.09817921e+02
freeEnergy_min = -6.18317658e+00
density_min = 1.14932937e+00

success = 1
