# Result for solid computation at 
kT = 5.7000e-01
mu = -2.0289e+00

Ngrid_min = 1.20619416e+02
Cvac_min = 4.30273776e-05
alpha_min = 1.40183608e+03
freeEnergy_min = -3.26820990e-01
density_min = 1.16697166e+00

success = 1
