# Result for fluid computation at 
kT = 5.3000e-01
mu = -3.0925e+00

freeEnergyVapour = -5.57281941e-02
freeEnergyLiquid = -5.57281941e-02
densityVapour    = 7.20893332e-02
densityLiquid    = 7.20893332e-02
supercritical = 1

success = 1
