# Result for fluid computation at 
kT = 5.8000e-01
mu = -2.1021e+00

freeEnergyVapour = -2.60642002e-01
freeEnergyLiquid = -2.60642002e-01
densityVapour    = 4.12137957e-01
densityLiquid    = 4.12137957e-01
supercritical = 1

success = 1
