# Result for solid computation at 
kT = 5.9500e-01
mu = -1.4942e+00

Ngrid_min = 1.20849185e+02
Cvac_min = 2.34120188e-04
alpha_min = 1.21395192e+03
freeEnergy_min = -4.70049765e-01
density_min = 1.16010117e+00

success = 1
