# Result for fluid computation at 
kT = 5.4000e-01
mu = -2.8789e+00

freeEnergyVapour = -7.36799395e-02
freeEnergyLiquid = -7.36799395e-02
densityVapour    = 1.07243121e-01
densityLiquid    = 1.07243121e-01
supercritical = 1

success = 1
