# Result for solid computation at 
kT = 5.1500e-01
mu = -3.3823e+00

Ngrid_min = 1.20895942e+02
Cvac_min = 2.04458066e-03
alpha_min = 1.33999972e+03
freeEnergy_min = 8.07348281e-02
density_min = 1.15666399e+00

success = 1
