# Result for solid computation at 
kT = 5.7500e-01
mu = -2.0048e+00

Ngrid_min = 1.20638611e+02
Cvac_min = 5.09473590e-05
alpha_min = 1.38104996e+03
freeEnergy_min = -2.57289578e-01
density_min = 1.16640536e+00

success = 1
