# Result for fluid computation at 
kT = 1.4000e+00
mu = 8.4131e+00

freeEnergyVapour = -6.39982248e+00
freeEnergyLiquid = -6.39982248e+00
densityVapour    = 8.56558188e-01
densityLiquid    = 8.56558188e-01
supercritical = 1

success = 1
