# Result for fluid computation at 
kT = 5.3500e-01
mu = -2.9854e+00

freeEnergyVapour = -6.38767325e-02
freeEnergyLiquid = -6.38767325e-02
densityVapour    = 8.68277462e-02
densityLiquid    = 8.68277462e-02
supercritical = 1

success = 1
