# Result for solid computation at 
kT = 5.2500e-01
mu = -3.0663e+00

Ngrid_min = 1.20884312e+02
Cvac_min = 2.04536595e-03
alpha_min = 1.33661282e+03
freeEnergy_min = -5.11268095e-02
density_min = 1.15699727e+00

success = 1
