# Result for solid computation at 
kT = 3.6000e-01
mu = -7.9623e+00

Ngrid_min = 1.21004375e+02
Cvac_min = 1.95541644e-03
alpha_min = 1.32436449e+03
freeEnergy_min = 1.04902233e-01
density_min = 1.15365689e+00

success = 1
