# Result for solid computation at 
kT = 3.4000e-01
mu = -9.7654e+00

Ngrid_min = 1.21049233e+02
Cvac_min = 1.94840250e-03
alpha_min = 1.32334408e+03
freeEnergy_min = 1.15621610e+00
density_min = 1.15238242e+00

success = 1
