# Result for fluid computation at 
kT = 3.4000e-01
mu = -9.0148e+00

freeEnergyVapour = -1.21686642e-04
freeEnergyLiquid = -1.21686642e-04
densityVapour    = 1.21782593e-04
densityLiquid    = 1.21782593e-04
supercritical = 1

success = 1
