# Result for fluid computation at 
kT = 5.1500e-01
mu = -3.2951e+00

freeEnergyVapour = -4.37702933e-02
freeEnergyLiquid = -4.37702933e-02
densityVapour    = 5.33809803e-02
densityLiquid    = 5.33809803e-02
supercritical = 1

success = 1
