# Result for solid computation at 
kT = 3.4000e-01
mu = -9.4148e+00

Ngrid_min = 1.20268374e+02
Cvac_min = -2.44342699e-06
alpha_min = 2.52468539e+03
freeEnergy_min = 3.35900171e-01
density_min = 1.17727007e+00

success = 1
