# Result for fluid computation at 
kT = 5.6500e-01
mu = -2.3026e+00

freeEnergyVapour = -2.01508549e-01
freeEnergyLiquid = -2.01508549e-01
densityVapour    = 3.82750842e-01
densityLiquid    = 3.82750842e-01
supercritical = 1

success = 1
