# Result for fluid computation at 
kT = 7.0000e-01
mu = 1.0758e+00

freeEnergyVapour = -1.79772460e+00
freeEnergyLiquid = -1.79772460e+00
densityVapour    = 6.61332487e-01
densityLiquid    = 6.61332487e-01
supercritical = 1

success = 1
