# Result for solid computation at 
kT = 3.2000e-01
mu = -1.0852e+01

Ngrid_min = 1.20253498e+02
Cvac_min = -5.85372591e-06
alpha_min = 2.69099338e+03
freeEnergy_min = 7.49988807e-01
density_min = 1.17771126e+00

success = 1
