# Result for solid computation at 
kT = 5.7000e-01
mu = -2.1498e+00

Ngrid_min = 1.20865664e+02
Cvac_min = 1.93431244e-03
alpha_min = 1.24738097e+03
freeEnergy_min = -1.66471915e-01
density_min = 1.15766170e+00

success = 1
