# Result for solid computation at 
kT = 7.0000e-01
mu = 6.7952e-01

Ngrid_min = 1.20842077e+02
Cvac_min = 3.18266087e-04
alpha_min = 1.06256289e+03
freeEnergy_min = -1.43516059e+00
density_min = 1.16020819e+00

success = 1
