# Result for solid computation at 
kT = 8.8000e-01
mu = 3.5769e+00

Ngrid_min = 1.20987682e+02
Cvac_min = 2.53605411e-04
alpha_min = 8.25256625e+02
freeEnergy_min = -3.05420159e+00
density_min = 1.15610255e+00

success = 1
