# Result for fluid computation at 
kT = 6.8000e-01
mu = 4.5343e-01

freeEnergyVapour = -1.44347597e+00
freeEnergyLiquid = -1.44347597e+00
densityVapour    = 6.30318445e-01
densityLiquid    = 6.30318445e-01
supercritical = 1

success = 1
