# Result for solid computation at 
kT = 5.1500e-01
mu = -3.2951e+00

Ngrid_min = 1.20506970e+02
Cvac_min = 1.49555489e-05
alpha_min = 1.60565361e+03
freeEnergy_min = -6.04602192e-02
density_min = 1.17027471e+00

success = 1
