# Result for fluid computation at 
kT = 5.9000e-01
mu = -1.5839e+00

freeEnergyVapour = -4.81191797e-01
freeEnergyLiquid = -4.81191797e-01
densityVapour    = 4.98181286e-01
densityLiquid    = 4.98181286e-01
supercritical = 1

success = 1
