# Result for solid computation at 
kT = 6.4000e-01
mu = -6.4405e-01

Ngrid_min = 1.20750578e+02
Cvac_min = 1.13021524e-04
alpha_min = 1.20158936e+03
freeEnergy_min = -7.25947167e-01
density_min = 1.16309093e+00

success = 1
