# Result for fluid computation at 
kT = 1.1800e+00
mu = 7.2537e+00

freeEnergyVapour = -5.62729514e+00
freeEnergyLiquid = -5.62729514e+00
densityVapour    = 8.32648133e-01
densityLiquid    = 8.32648133e-01
supercritical = 1

success = 1
