# Result for solid computation at 
kT = 1.4800e+00
mu = 9.2694e+00

Ngrid_min = 1.21133277e+02
Cvac_min = 1.35923305e-04
alpha_min = 4.83697002e+02
freeEnergy_min = -7.16502858e+00
density_min = 1.15207356e+00

success = 1
