# Result for fluid computation at 
kT = 8.8000e-01
mu = 3.7769e+00

freeEnergyVapour = -3.31808426e+00
freeEnergyLiquid = -3.31808426e+00
densityVapour    = 7.44662407e-01
densityLiquid    = 7.44662407e-01
supercritical = 1

success = 1
