# Result for solid computation at 
kT = 1.1600e+00
mu = 6.6842e+00

Ngrid_min = 1.21144889e+02
Cvac_min = 2.48758153e-04
alpha_min = 6.06827037e+02
freeEnergy_min = -5.12389536e+00
density_min = 1.15161236e+00

success = 1
