# Result for solid computation at 
kT = 1.0600e+00
mu = 5.9472e+00

Ngrid_min = 1.21050931e+02
Cvac_min = 2.07200918e-04
alpha_min = 6.79805065e+02
freeEnergy_min = -4.70947436e+00
density_min = 1.15434453e+00

success = 1
