# Result for fluid computation at 
kT = 7.6000e-01
mu = 1.6415e+00

freeEnergyVapour = -2.03943194e+00
freeEnergyLiquid = -2.03943194e+00
densityVapour    = 6.72204302e-01
densityLiquid    = 6.72204302e-01
supercritical = 1

success = 1
