# Result for solid computation at 
kT = 1.3000e+00
mu = 7.7668e+00

Ngrid_min = 1.21203837e+02
Cvac_min = 2.33358529e-04
alpha_min = 5.35537603e+02
freeEnergy_min = -5.89306546e+00
density_min = 1.14995026e+00

success = 1
