# Result for fluid computation at 
kT = 9.0000e-01
mu = 4.0561e+00

freeEnergyVapour = -3.49088609e+00
freeEnergyLiquid = -3.49088609e+00
densityVapour    = 7.52467713e-01
densityLiquid    = 7.52467713e-01
supercritical = 1

success = 1
