# Result for fluid computation at 
kT = 1.2200e+00
mu = 7.5770e+00

freeEnergyVapour = -5.85391726e+00
freeEnergyLiquid = -5.85391726e+00
densityVapour    = 8.39873585e-01
densityLiquid    = 8.39873585e-01
supercritical = 1

success = 1
