# Result for solid computation at 
kT = 5.5500e-01
mu = -2.5158e+00

Ngrid_min = 1.20875779e+02
Cvac_min = 1.96758698e-03
alpha_min = 1.27459438e+03
freeEnergy_min = -3.99503047e-02
density_min = 1.15733240e+00

success = 1
