# Result for fluid computation at 
kT = 3.8000e-01
mu = -7.1698e+00

freeEnergyVapour = -7.72767894e-04
freeEnergyLiquid = -7.72767894e-04
densityVapour    = 7.76116592e-04
densityLiquid    = 7.76116592e-04
supercritical = 1

success = 1
