# Result for solid computation at 
kT = 6.8000e-01
mu = 2.5343e-01

Ngrid_min = 1.20793233e+02
Cvac_min = 1.38343475e-04
alpha_min = 1.11899380e+03
freeEnergy_min = -1.19918163e+00
density_min = 1.16182958e+00

success = 1
