# Result for solid computation at 
kT = 5.6000e-01
mu = -2.1423e+00

Ngrid_min = 1.20852923e+02
Cvac_min = 1.97097531e-03
alpha_min = 1.26864474e+03
freeEnergy_min = -3.71385142e-01
density_min = 1.15798587e+00

success = 1
