# Result for solid computation at 
kT = 5.2000e-01
mu = -3.1600e+00

Ngrid_min = 1.20516304e+02
Cvac_min = 1.64310037e-05
alpha_min = 1.58570236e+03
freeEnergy_min = -9.65125892e-02
density_min = 1.17000108e+00

success = 1
