# Result for solid computation at 
kT = 5.3500e-01
mu = -2.9544e+00

Ngrid_min = 1.20885949e+02
Cvac_min = 2.01618093e-03
alpha_min = 1.31582167e+03
freeEnergy_min = 4.40943748e-02
density_min = 1.15698394e+00

success = 1
