# Result for solid computation at 
kT = 6.6000e-01
mu = 2.2187e-01

Ngrid_min = 1.20795589e+02
Cvac_min = 3.16118035e-04
alpha_min = 1.12751527e+03
freeEnergy_min = -1.43480695e+00
density_min = 1.16154973e+00

success = 1
