# Result for solid computation at 
kT = 5.1000e-01
mu = -3.5058e+00

Ngrid_min = 1.20504961e+02
Cvac_min = 1.46422771e-05
alpha_min = 1.62178813e+03
freeEnergy_min = 6.15540789e-02
density_min = 1.17033360e+00

success = 1
