# Result for fluid computation at 
kT = 1.0600e+00
mu = 6.1472e+00

freeEnergyVapour = -4.87039743e+00
freeEnergyLiquid = -4.87039743e+00
densityVapour    = 8.07294720e-01
densityLiquid    = 8.07294720e-01
supercritical = 1

success = 1
