# Result for solid computation at 
kT = 5.2000e-01
mu = -3.6040e+00

Ngrid_min = 1.20914061e+02
Cvac_min = 2.02939114e-03
alpha_min = 1.33789185e+03
freeEnergy_min = 4.55083439e-01
density_min = 1.15616105e+00

success = 1
