# Result for solid computation at 
kT = 5.1000e-01
mu = -3.4558e+00

Ngrid_min = 1.20499965e+02
Cvac_min = 1.53627485e-05
alpha_min = 1.57827252e+03
freeEnergy_min = -2.16761296e-02
density_min = 1.17047353e+00

success = 1
