# Result for fluid computation at 
kT = 5.4000e-01
mu = -2.8004e+00

freeEnergyVapour = -8.30093518e-02
freeEnergyLiquid = -8.30093518e-02
densityVapour    = 1.32537851e-01
densityLiquid    = 1.32537851e-01
supercritical = 1

success = 1
