# Result for fluid computation at 
kT = 3.6000e-01
mu = -8.5295e+00

freeEnergyVapour = -1.97792828e-04
freeEnergyLiquid = -1.97792828e-04
densityVapour    = 1.98027718e-04
densityLiquid    = 1.98027718e-04
supercritical = 1

success = 1
