# Result for solid computation at 
kT = 8.4000e-01
mu = 2.9843e+00

Ngrid_min = 1.20967271e+02
Cvac_min = 2.72521798e-04
alpha_min = 8.67379764e+02
freeEnergy_min = -2.68257107e+00
density_min = 1.15666532e+00

success = 1
