# Result for solid computation at 
kT = 3.0000e-01
mu = -1.1400e+01

Ngrid_min = 1.21073147e+02
Cvac_min = 1.89103968e-03
alpha_min = 1.32277139e+03
freeEnergy_min = 5.72696242e-01
density_min = 1.15176424e+00

success = 1
