# Result for fluid computation at 
kT = 5.4500e-01
mu = -2.7220e+00

freeEnergyVapour = -9.35380448e-02
freeEnergyLiquid = -9.35380448e-02
densityVapour    = 1.66207199e-01
densityLiquid    = 1.66207199e-01
supercritical = 1

success = 1
