# Result for solid computation at 
kT = 7.0000e-01
mu = 6.7577e-01

Ngrid_min = 1.20812652e+02
Cvac_min = 1.49462646e-04
alpha_min = 1.08199707e+03
freeEnergy_min = -1.43175123e+00
density_min = 1.16125642e+00

success = 1
