# Result for solid computation at 
kT = 5.0500e-01
mu = -3.7203e+00

Ngrid_min = 1.20502899e+02
Cvac_min = 1.43526889e-05
alpha_min = 1.63825594e+03
freeEnergy_min = 1.85391261e-01
density_min = 1.17039402e+00

success = 1
