# Result for fluid computation at 
kT = 3.4000e-01
mu = -9.2148e+00

freeEnergyVapour = -9.96143602e-05
freeEnergyLiquid = -9.96143602e-05
densityVapour    = 9.96786414e-05
densityLiquid    = 9.96786414e-05
supercritical = 1

success = 1
