# Result for solid computation at 
kT = 5.2000e-01
mu = -3.0731e+00

Ngrid_min = 1.20507391e+02
Cvac_min = 1.49583060e-05
alpha_min = 1.59074827e+03
freeEnergy_min = -1.98211434e-01
density_min = 1.17026244e+00

success = 1
