# Result for fluid computation at 
kT = 9.6000e-01
mu = 4.8318e+00

freeEnergyVapour = -3.98064710e+00
freeEnergyLiquid = -3.98064710e+00
densityVapour    = 7.73155664e-01
densityLiquid    = 7.73155664e-01
supercritical = 1

success = 1
