# Result for solid computation at 
kT = 5.6500e-01
mu = -2.3026e+00

Ngrid_min = 1.20628091e+02
Cvac_min = 4.71390402e-05
alpha_min = 1.40926685e+03
freeEnergy_min = -1.06892953e-01
density_min = 1.16671505e+00

success = 1
