# Result for solid computation at 
kT = 3.8000e-01
mu = -7.6710e+00

Ngrid_min = 1.21010272e+02
Cvac_min = 1.94592427e-03
alpha_min = 1.32423630e+03
freeEnergy_min = 6.88512568e-01
density_min = 1.15349889e+00

success = 1
