# Result for solid computation at 
kT = 5.0000e-01
mu = -3.7000e+00

Ngrid_min = 1.20486514e+02
Cvac_min = 1.21669510e-05
alpha_min = 1.61518532e+03
freeEnergy_min = 6.30816845e-03
density_min = 1.17086933e+00

success = 1
