# Result for fluid computation at 
kT = 5.1000e-01
mu = -3.4058e+00

freeEnergyVapour = -3.84393595e-02
freeEnergyLiquid = -3.84393595e-02
densityVapour    = 4.56322129e-02
densityLiquid    = 4.56322129e-02
supercritical = 1

success = 1
