# Result for solid computation at 
kT = 5.9000e-01
mu = -1.5156e+00

Ngrid_min = 1.20843939e+02
Cvac_min = 2.31529351e-04
alpha_min = 1.22360107e+03
freeEnergy_min = -5.34249194e-01
density_min = 1.16025516e+00

success = 1
