# Result for solid computation at 
kT = 5.9500e-01
mu = -1.5442e+00

Ngrid_min = 1.20853538e+02
Cvac_min = 2.32120369e-04
alpha_min = 1.21305662e+03
freeEnergy_min = -4.12047782e-01
density_min = 1.15997823e+00

success = 1
