# Result for solid computation at 
kT = 5.9500e-01
mu = -1.5113e+00

Ngrid_min = 1.20668066e+02
Cvac_min = 6.33603484e-05
alpha_min = 1.32371156e+03
freeEnergy_min = -4.60245493e-01
density_min = 1.16553682e+00

success = 1
