# Result for solid computation at 
kT = 1.1800e+00
mu = 6.8537e+00

Ngrid_min = 1.21153982e+02
Cvac_min = 2.47443184e-04
alpha_min = 5.95501258e+02
freeEnergy_min = -5.24261952e+00
density_min = 1.15135453e+00

success = 1
