# Result for solid computation at 
kT = 6.8000e-01
mu = 5.9218e-02

Ngrid_min = 1.20863497e+02
Cvac_min = 3.15612870e-04
alpha_min = 1.08223338e+03
freeEnergy_min = -9.72281877e-01
density_min = 1.15959493e+00

success = 1
