# Result for solid computation at 
kT = 1.0000e+00
mu = 5.1023e+00

Ngrid_min = 1.21062759e+02
Cvac_min = 2.61056942e-04
alpha_min = 7.15237545e+02
freeEnergy_min = -4.04531988e+00
density_min = 1.15394401e+00

success = 1
