# Result for solid computation at 
kT = 5.7500e-01
mu = -1.9267e+00

Ngrid_min = 1.20853882e+02
Cvac_min = 1.93368058e-03
alpha_min = 1.24248974e+03
freeEnergy_min = -3.29491876e-01
density_min = 1.15800133e+00

success = 1
