# Result for solid computation at 
kT = 5.8000e-01
mu = -1.8722e+00

Ngrid_min = 1.20860146e+02
Cvac_min = 2.12900746e-04
alpha_min = 1.23810060e+03
freeEnergy_min = -3.03556031e-01
density_min = 1.15981041e+00

success = 1
