# Result for fluid computation at 
kT = 5.8000e-01
mu = -1.9021e+00

freeEnergyVapour = -3.47793982e-01
freeEnergyLiquid = -3.47793982e-01
densityVapour    = 4.57197431e-01
densityLiquid    = 4.57197431e-01
supercritical = 1

success = 1
