# Result for solid computation at 
kT = 5.4500e-01
mu = -2.6220e+00

Ngrid_min = 1.20573679e+02
Cvac_min = 2.88845255e-05
alpha_min = 1.48615889e+03
freeEnergy_min = -1.52291998e-01
density_min = 1.16831688e+00

success = 1
