# Result for solid computation at 
kT = 5.0000e-01
mu = -3.5500e+00

Ngrid_min = 1.20894556e+02
Cvac_min = 2.04667644e-03
alpha_min = 1.33891836e+03
freeEnergy_min = -9.32568506e-02
density_min = 1.15670141e+00

success = 1
