# Result for solid computation at 
kT = 4.2000e-01
mu = -5.9556e+00

Ngrid_min = 1.20962974e+02
Cvac_min = 1.99085031e-03
alpha_min = 1.32683438e+03
freeEnergy_min = 2.85659981e-01
density_min = 1.15480213e+00

success = 1
