# Result for solid computation at 
kT = 6.6000e-01
mu = -1.8653e-01

Ngrid_min = 1.20772613e+02
Cvac_min = 1.26373666e-04
alpha_min = 1.15872864e+03
freeEnergy_min = -9.63325670e-01
density_min = 1.16243878e+00

success = 1
