# Result for fluid computation at 
kT = 7.8000e-01
mu = 1.9984e+00

freeEnergyVapour = -2.24009119e+00
freeEnergyLiquid = -2.24009119e+00
densityVapour    = 6.85415315e-01
densityLiquid    = 6.85415315e-01
supercritical = 1

success = 1
