# Result for fluid computation at 
kT = 5.4000e-01
mu = -2.7789e+00

freeEnergyVapour = -8.59646828e-02
freeEnergyLiquid = -8.59646828e-02
densityVapour    = 1.42152041e-01
densityLiquid    = 1.42152041e-01
supercritical = 1

success = 1
