# Result for fluid computation at 
kT = 1.2000e+00
mu = 7.4179e+00

freeEnergyVapour = -5.74207503e+00
freeEnergyLiquid = -5.74207503e+00
densityVapour    = 8.36325564e-01
densityLiquid    = 8.36325564e-01
supercritical = 1

success = 1
