# Result for solid computation at 
kT = 5.6000e-01
mu = -2.2951e+00

Ngrid_min = 1.20864765e+02
Cvac_min = 1.96175362e-03
alpha_min = 1.26664509e+03
freeEnergy_min = -1.94498176e-01
density_min = 1.15765586e+00

success = 1
