# Result for fluid computation at 
kT = 6.6000e-01
mu = 1.3466e-02

freeEnergyVapour = -1.21793373e+00
freeEnergyLiquid = -1.21793373e+00
densityVapour    = 6.08652052e-01
densityLiquid    = 6.08652052e-01
supercritical = 1

success = 1
