# Result for fluid computation at 
kT = 1.2000e+00
mu = 7.0179e+00

freeEnergyVapour = -5.40986055e+00
freeEnergyLiquid = -5.40986055e+00
densityVapour    = 8.24656648e-01
densityLiquid    = 8.24656648e-01
supercritical = 1

success = 1
