# Result for solid computation at 
kT = 5.8500e-01
mu = -1.7070e+00

Ngrid_min = 1.20647926e+02
Cvac_min = 5.41923948e-05
alpha_min = 1.35440201e+03
freeEnergy_min = -4.14781193e-01
density_min = 1.16613142e+00

success = 1
