# Result for solid computation at 
kT = 5.4000e-01
mu = -2.7992e+00

Ngrid_min = 1.20880161e+02
Cvac_min = 2.00443270e-03
alpha_min = 1.30428533e+03
freeEnergy_min = -2.65201071e-02
density_min = 1.15716387e+00

success = 1
