# Result for solid computation at 
kT = 5.6500e-01
mu = -2.1228e+00

Ngrid_min = 1.20857204e+02
Cvac_min = 1.95876814e-03
alpha_min = 1.26123732e+03
freeEnergy_min = -2.94920790e-01
density_min = 1.15787680e+00

success = 1
