# Result for solid computation at 
kT = 5.7000e-01
mu = -2.0998e+00

Ngrid_min = 1.20861600e+02
Cvac_min = 1.93755240e-03
alpha_min = 1.24811422e+03
freeEnergy_min = -2.24357828e-01
density_min = 1.15777483e+00

success = 1
