# Result for solid computation at 
kT = 5.5000e-01
mu = -2.4829e+00

Ngrid_min = 1.20867770e+02
Cvac_min = 1.98910913e-03
alpha_min = 1.28800768e+03
freeEnergy_min = -1.80814122e-01
density_min = 1.15753785e+00

success = 1
