# Result for solid computation at 
kT = 5.9500e-01
mu = -1.4442e+00

Ngrid_min = 1.20844835e+02
Cvac_min = 2.35987330e-04
alpha_min = 1.21481516e+03
freeEnergy_min = -5.28057899e-01
density_min = 1.16022420e+00

success = 1
