# Result for solid computation at 
kT = 1.2800e+00
mu = 7.6260e+00

Ngrid_min = 1.21196061e+02
Cvac_min = 2.35175247e-04
alpha_min = 5.44681266e+02
freeEnergy_min = -5.79148467e+00
density_min = 1.15016957e+00

success = 1
