# Result for fluid computation at 
kT = 1.0800e+00
mu = 5.9475e+00

freeEnergyVapour = -4.68302503e+00
freeEnergyLiquid = -4.68302503e+00
densityVapour    = 7.99238772e-01
densityLiquid    = 7.99238772e-01
supercritical = 1

success = 1
