# Result for solid computation at 
kT = 5.8500e-01
mu = -1.8070e+00

Ngrid_min = 1.20659525e+02
Cvac_min = 6.01483264e-05
alpha_min = 1.34892679e+03
freeEnergy_min = -2.98185225e-01
density_min = 1.16578812e+00

success = 1
