# Result for fluid computation at 
kT = 4.2000e-01
mu = -6.5509e+00

freeEnergyVapour = -1.43878901e-03
freeEnergyLiquid = -1.43878901e-03
densityVapour    = 1.44891479e-03
densityLiquid    = 1.44891479e-03
supercritical = 1

success = 1
