# Result for solid computation at 
kT = 7.2000e-01
mu = 1.0831e+00

Ngrid_min = 1.20849437e+02
Cvac_min = 3.17510285e-04
alpha_min = 1.03604623e+03
freeEnergy_min = -1.66206078e+00
density_min = 1.15999725e+00

success = 1
