# Result for solid computation at 
kT = 5.7500e-01
mu = -1.9048e+00

Ngrid_min = 1.20627221e+02
Cvac_min = 4.57877285e-05
alpha_min = 1.38656042e+03
freeEnergy_min = -3.73946944e-01
density_min = 1.16674191e+00

success = 1
