# Result for solid computation at 
kT = 5.5500e-01
mu = -2.4658e+00

Ngrid_min = 1.20872007e+02
Cvac_min = 1.97339832e-03
alpha_min = 1.27720834e+03
freeEnergy_min = -9.78189745e-02
density_min = 1.15743415e+00

success = 1
