# Result for solid computation at 
kT = 3.2000e-01
mu = -1.0503e+01

Ngrid_min = 1.21056808e+02
Cvac_min = 1.94715927e-03
alpha_min = 1.32316325e+03
freeEnergy_min = 8.49976171e-01
density_min = 1.15216746e+00

success = 1
