# Result for solid computation at 
kT = 5.7000e-01
mu = -2.0498e+00

Ngrid_min = 1.20857534e+02
Cvac_min = 1.94074565e-03
alpha_min = 1.24884612e+03
freeEnergy_min = -2.82249401e-01
density_min = 1.15788811e+00

success = 1
