# Result for fluid computation at 
kT = 1.3000e+00
mu = 7.9668e+00

freeEnergyVapour = -6.10394008e+00
freeEnergyLiquid = -6.10394008e+00
densityVapour    = 8.47462834e-01
densityLiquid    = 8.47462834e-01
supercritical = 1

success = 1
