# Result for solid computation at 
kT = 7.8000e-01
mu = 2.1984e+00

Ngrid_min = 1.20880994e+02
Cvac_min = 1.82529009e-04
alpha_min = 9.56062939e+02
freeEnergy_min = -2.31280103e+00
density_min = 1.15924928e+00

success = 1
