# Result for solid computation at 
kT = 6.0000e-01
mu = -1.2895e+00

Ngrid_min = 1.20663065e+02
Cvac_min = 5.96644208e-05
alpha_min = 1.31559210e+03
freeEnergy_min = -6.29895248e-01
density_min = 1.16568610e+00

success = 1
