# Result for fluid computation at 
kT = 8.2000e-01
mu = 3.0689e+00

freeEnergyVapour = -2.91395765e+00
freeEnergyLiquid = -2.91395765e+00
densityVapour    = 7.26570538e-01
densityLiquid    = 7.26570538e-01
supercritical = 1

success = 1
