# Result for solid computation at 
kT = 5.7500e-01
mu = -2.0267e+00

Ngrid_min = 1.20862212e+02
Cvac_min = 1.92705224e-03
alpha_min = 1.24095515e+03
freeEnergy_min = -2.13703344e-01
density_min = 1.15776936e+00

success = 1
