# Result for solid computation at 
kT = 5.8000e-01
mu = -2.0722e+00

Ngrid_min = 1.20876404e+02
Cvac_min = 2.07205296e-04
alpha_min = 1.23498054e+03
freeEnergy_min = -7.16399645e-02
density_min = 1.15934942e+00

success = 1
