# Result for solid computation at 
kT = 8.6000e-01
mu = 3.2867e+00

Ngrid_min = 1.20973669e+02
Cvac_min = 2.50636057e-04
alpha_min = 8.46931681e+02
freeEnergy_min = -2.87135216e+00
density_min = 1.15650784e+00

success = 1
