# Result for solid computation at 
kT = 1.5000e+00
mu = 9.3761e+00

Ngrid_min = 1.21137055e+02
Cvac_min = 1.34148477e-04
alpha_min = 4.77020681e+02
freeEnergy_min = -7.24521119e+00
density_min = 1.15196780e+00

success = 1
