# Result for fluid computation at 
kT = 5.9500e-01
mu = -1.4113e+00

freeEnergyVapour = -5.58439092e-01
freeEnergyLiquid = -5.58439092e-01
densityVapour    = 5.16889465e-01
densityLiquid    = 5.16889465e-01
supercritical = 1

success = 1
