# Result for solid computation at 
kT = 4.8000e-01
mu = -4.2707e+00

Ngrid_min = 1.20462541e+02
Cvac_min = 7.83179824e-06
alpha_min = 1.69194921e+03
freeEnergy_min = 1.23979684e-01
density_min = 1.17157361e+00

success = 1
