# Result for fluid computation at 
kT = 1.4800e+00
mu = 8.8694e+00

freeEnergyVapour = -6.73486647e+00
freeEnergyLiquid = -6.73486647e+00
densityVapour    = 8.66895338e-01
densityLiquid    = 8.66895338e-01
supercritical = 1

success = 1
