# Result for fluid computation at 
kT = 5.2000e-01
mu = -3.2731e+00

freeEnergyVapour = -4.47999585e-02
freeEnergyLiquid = -4.47999585e-02
densityVapour    = 5.47242970e-02
densityLiquid    = 5.47242970e-02
supercritical = 1

success = 1
