# Result for fluid computation at 
kT = 7.0000e-01
mu = 6.7577e-01

freeEnergyVapour = -1.53814309e+00
freeEnergyLiquid = -1.53814309e+00
densityVapour    = 6.36099271e-01
densityLiquid    = 6.36099271e-01
supercritical = 1

success = 1
