# Result for fluid computation at 
kT = 1.3200e+00
mu = 8.3036e+00

freeEnergyVapour = -6.37265294e+00
freeEnergyLiquid = -6.37265294e+00
densityVapour    = 8.55934915e-01
densityLiquid    = 8.55934915e-01
supercritical = 1

success = 1
