# Result for solid computation at 
kT = 6.4000e-01
mu = -2.4405e-01

Ngrid_min = 1.20699449e+02
Cvac_min = 7.34642707e-05
alpha_min = 1.22271783e+03
freeEnergy_min = -1.19148897e+00
density_min = 1.16461602e+00

success = 1
