# Result for solid computation at 
kT = 3.2000e-01
mu = -9.7028e+00

Ngrid_min = 1.21042333e+02
Cvac_min = 1.91951430e-03
alpha_min = 1.32351036e+03
freeEnergy_min = -7.22923902e-02
density_min = 1.15261213e+00

success = 1
