# Result for solid computation at 
kT = 5.0500e-01
mu = -3.5041e+00

Ngrid_min = 1.20895483e+02
Cvac_min = 2.04565283e-03
alpha_min = 1.33923166e+03
freeEnergy_min = -2.12907941e-02
density_min = 1.15667595e+00

success = 1
