# Result for solid computation at 
kT = 7.6000e-01
mu = 1.8424e+00

Ngrid_min = 1.20876943e+02
Cvac_min = 2.99584742e-04
alpha_min = 9.80304355e+02
freeEnergy_min = -2.10162488e+00
density_min = 1.15922698e+00

success = 1
