# Result for fluid computation at 
kT = 6.6000e-01
mu = -3.8653e-01

freeEnergyVapour = -9.81005481e-01
freeEnergyLiquid = -9.81005481e-01
densityVapour    = 5.75101250e-01
densityLiquid    = 5.75101250e-01
supercritical = 1

success = 1
