# Result for fluid computation at 
kT = 1.0000e+00
mu = 5.5023e+00

freeEnergyVapour = -4.44231951e+00
freeEnergyLiquid = -4.44231951e+00
densityVapour    = 7.91889519e-01
densityLiquid    = 7.91889519e-01
supercritical = 1

success = 1
