# Result for solid computation at 
kT = 5.6000e-01
mu = -2.3712e+00

Ngrid_min = 1.20613473e+02
Cvac_min = 4.15869883e-05
alpha_min = 1.42839010e+03
freeEnergy_min = -1.28394486e-01
density_min = 1.16714587e+00

success = 1
