# Result for fluid computation at 
kT = 9.0000e-01
mu = 4.2561e+00

freeEnergyVapour = -3.64215503e+00
freeEnergyLiquid = -3.64215503e+00
densityVapour    = 7.60180903e-01
densityLiquid    = 7.60180903e-01
supercritical = 1

success = 1
