# Result for solid computation at 
kT = 5.4000e-01
mu = -2.7492e+00

Ngrid_min = 1.20876665e+02
Cvac_min = 2.00716918e-03
alpha_min = 1.30481550e+03
freeEnergy_min = -8.43807340e-02
density_min = 1.15726122e+00

success = 1
