# Result for solid computation at 
kT = 9.8000e-01
mu = 4.8714e+00

Ngrid_min = 1.21051162e+02
Cvac_min = 2.61245148e-04
alpha_min = 7.31505755e+02
freeEnergy_min = -3.89219909e+00
density_min = 1.15427554e+00

success = 1
