# Result for fluid computation at 
kT = 3.4000e-01
mu = -1.0215e+01

freeEnergyVapour = -3.66311389e-05
freeEnergyLiquid = -3.66311389e-05
densityVapour    = 3.66398245e-05
densityLiquid    = 3.66398245e-05
supercritical = 1

success = 1
