# Result for solid computation at 
kT = 4.4000e-01
mu = -5.4622e+00

Ngrid_min = 1.20409341e+02
Cvac_min = 2.57566356e-06
alpha_min = 1.87106861e+03
freeEnergy_min = 2.56950388e-01
density_min = 1.17313351e+00

success = 1
