# Result for solid computation at 
kT = 8.0000e-01
mu = 2.5412e+00

Ngrid_min = 1.20906934e+02
Cvac_min = 2.75262728e-04
alpha_min = 9.25642158e+02
freeEnergy_min = -2.51945311e+00
density_min = 1.15839347e+00

success = 1
