# Result for fluid computation at 
kT = 1.2600e+00
mu = 7.4808e+00

freeEnergyVapour = -5.73280337e+00
freeEnergyLiquid = -5.73280337e+00
densityVapour    = 8.35340920e-01
densityLiquid    = 8.35340920e-01
supercritical = 1

success = 1
