# Result for fluid computation at 
kT = 3.4000e-01
mu = -9.6148e+00

freeEnergyVapour = -6.67593029e-05
freeEnergyLiquid = -6.67593029e-05
densityVapour    = 6.67881622e-05
densityLiquid    = 6.67881622e-05
supercritical = 1

success = 1
