# Result for fluid computation at 
kT = 1.3600e+00
mu = 8.1656e+00

freeEnergyVapour = -6.22046224e+00
freeEnergyLiquid = -6.22046224e+00
densityVapour    = 8.50947113e-01
densityLiquid    = 8.50947113e-01
supercritical = 1

success = 1
