# Result for solid computation at 
kT = 6.4000e-01
mu = -2.3249e-01

Ngrid_min = 1.20804006e+02
Cvac_min = 2.97917045e-04
alpha_min = 1.15333697e+03
freeEnergy_min = -1.19963450e+00
density_min = 1.16132825e+00

success = 1
