# Result for solid computation at 
kT = 3.6000e-01
mu = -8.5623e+00

Ngrid_min = 1.21023713e+02
Cvac_min = 1.95246584e-03
alpha_min = 1.32393518e+03
freeEnergy_min = 7.96931371e-01
density_min = 1.15310715e+00

success = 1
