# Result for solid computation at 
kT = 5.0500e-01
mu = -3.5541e+00

Ngrid_min = 1.20898394e+02
Cvac_min = 2.04332998e-03
alpha_min = 1.33886694e+03
freeEnergy_min = 3.65409790e-02
density_min = 1.15659498e+00

success = 1
