# Result for solid computation at 
kT = 5.4000e-01
mu = -3.2004e+00

Ngrid_min = 1.20612764e+02
Cvac_min = 4.32962715e-05
alpha_min = 1.47866252e+03
freeEnergy_min = 4.13334976e-01
density_min = 1.16716443e+00

success = 1
