# Result for solid computation at 
kT = 3.0000e-01
mu = -1.1000e+01

Ngrid_min = 1.21063252e+02
Cvac_min = 1.90035502e-03
alpha_min = 1.32301312e+03
freeEnergy_min = 1.11936175e-01
density_min = 1.15203623e+00

success = 1
