# Result for solid computation at 
kT = 4.6000e-01
mu = -4.9129e+00

Ngrid_min = 1.20938786e+02
Cvac_min = 2.01172022e-03
alpha_min = 1.33098444e+03
freeEnergy_min = 3.85329413e-01
density_min = 1.15547182e+00

success = 1
