# Result for solid computation at 
kT = 7.4000e-01
mu = 1.6692e+00

Ngrid_min = 1.20818521e+02
Cvac_min = 1.35272115e-04
alpha_min = 1.02519604e+03
freeEnergy_min = -2.11526689e+00
density_min = 1.16110369e+00

success = 1
