# Result for fluid computation at 
kT = 5.0000e-01
mu = -3.7504e+00

freeEnergyVapour = -2.59973096e-02
freeEnergyLiquid = -2.59973096e-02
densityVapour    = 2.90562448e-02
densityLiquid    = 2.90562448e-02
supercritical = 1

success = 1
