# Result for solid computation at 
kT = 5.3500e-01
mu = -2.8354e+00

Ngrid_min = 1.20551189e+02
Cvac_min = 2.32637297e-05
alpha_min = 1.52451594e+03
freeEnergy_min = -1.25083696e-01
density_min = 1.16897754e+00

success = 1
