# Result for solid computation at 
kT = 3.4000e-01
mu = -8.9654e+00

Ngrid_min = 1.21025422e+02
Cvac_min = 1.95219975e-03
alpha_min = 1.32389646e+03
freeEnergy_min = 2.34039848e-01
density_min = 1.15305858e+00

success = 1
