# Result for solid computation at 
kT = 7.2000e-01
mu = 1.0808e+00

Ngrid_min = 1.20831029e+02
Cvac_min = 1.59403775e-04
alpha_min = 1.04740820e+03
freeEnergy_min = -1.65993467e+00
density_min = 1.16071503e+00

success = 1
