# Result for fluid computation at 
kT = 1.0800e+00
mu = 6.3475e+00

freeEnergyVapour = -5.00528896e+00
freeEnergyLiquid = -5.00528896e+00
densityVapour    = 8.11972515e-01
densityLiquid    = 8.11972515e-01
supercritical = 1

success = 1
