# Result for solid computation at 
kT = 5.2500e-01
mu = -3.1506e+00

Ngrid_min = 1.20538375e+02
Cvac_min = 2.05646141e-05
alpha_min = 1.55910230e+03
freeEnergy_min = 1.19207381e-02
density_min = 1.16935358e+00

success = 1
