# Result for min over (Cvac,alpha) at 
kT = 1.1600e+00
mu = 6.8842e+00
Ngrid = 122

Cvac_min = 2.55758861e-04
alpha_min = 4.73619732e+02
freeEnergy_min = -5.30718926e+00
density_min = 1.12755925e+00

success = 1
