# Result for min over (Cvac,alpha) at 
kT = 5.9000e-01
mu = -1.6339e+00
Ngrid = 120

Cvac_min = 5.40522512e-05
alpha_min = 1.68211885e+03
freeEnergy_min = -3.53740283e-01
density_min = 1.18512112e+00

success = 1
