# Result for min over (Cvac,alpha) at 
kT = 5.8500e-01
mu = -1.6880e+00
Ngrid = 122

Cvac_min = 1.41833583e-04
alpha_min = 8.83557458e+02
freeEnergy_min = -2.07531171e-01
density_min = 1.12768774e+00

success = 1
