# Result for min over (Cvac,alpha) at 
kT = 5.7500e-01
mu = -2.0048e+00
Ngrid = 121

Cvac_min = 6.41895484e-05
alpha_min = 1.21943788e+03
freeEnergy_min = -2.40636794e-01
density_min = 1.15596840e+00

success = 1
