# Result for min over (Cvac,alpha) at 
kT = 6.8000e-01
mu = 5.9218e-02
Ngrid = 121

Cvac_min = 1.87956633e-04
alpha_min = 1.04438939e+03
freeEnergy_min = -9.70168260e-01
density_min = 1.15582532e+00

success = 1
