# Result for min over (Cvac,alpha) at 
kT = 5.2500e-01
mu = -3.0506e+00
Ngrid = 120

Cvac_min = 1.77036970e-05
alpha_min = 1.88718565e+03
freeEnergy_min = -6.58154947e-02
density_min = 1.18516420e+00

success = 1
