# Result for min over (Cvac,alpha) at 
kT = 3.4000e-01
mu = -1.0015e+01
Ngrid = 120

Cvac_min = 6.30086536e-08
alpha_min = 2.89794475e+03
freeEnergy_min = 1.07457501e+00
density_min = 1.18518511e+00

success = 1
