# Result for min over (Cvac,alpha) at 
kT = 5.9000e-01
mu = -1.5839e+00
Ngrid = 122

Cvac_min = 1.50751977e-04
alpha_min = 8.76809276e+02
freeEnergy_min = -2.42017613e-01
density_min = 1.12767768e+00

success = 1
