# Result for min over (Cvac,alpha) at 
kT = 3.2000e-01
mu = -1.0052e+01
Ngrid = 119

Cvac_min = 6.20615496e-05
alpha_min = 5.50243861e+03
freeEnergy_min = 4.21622595e-01
density_min = 1.21524016e+00

success = 1
