# Result for min over (Cvac,alpha) at 
kT = 5.6500e-01
mu = -2.2026e+00
Ngrid = 122

Cvac_min = 1.20916292e-04
alpha_min = 9.11763926e+02
freeEnergy_min = 2.50019188e-02
density_min = 1.12771133e+00

success = 1
