# Result for min over (Cvac,alpha) at 
kT = 4.4000e-01
mu = -5.4622e+00
Ngrid = 119

Cvac_min = 3.18340670e-06
alpha_min = 3.71233011e+03
freeEnergy_min = 8.28047423e-01
density_min = 1.21531172e+00

success = 1
