# Result for min over (Cvac,alpha) at 
kT = 5.8000e-01
mu = -1.6722e+00
Ngrid = 121

Cvac_min = 5.46511616e-05
alpha_min = 1.20977558e+03
freeEnergy_min = -5.31450625e-01
density_min = 1.15597943e+00

success = 1
