# Result for min over (Cvac,alpha) at 
kT = 4.0000e-01
mu = -6.4736e+00
Ngrid = 122

Cvac_min = 2.29596823e-06
alpha_min = 1.24502930e+03
freeEnergy_min = 5.27913354e-01
density_min = 1.12784512e+00

success = 1
