# Result for min over (Cvac,alpha) at 
kT = 7.8000e-01
mu = 2.3991e+00
Ngrid = 122

Cvac_min = 2.58922506e-04
alpha_min = 6.81040667e+02
freeEnergy_min = -2.42526078e+00
density_min = 1.12755568e+00

success = 1
