# Result for min over (Cvac,alpha) at 
kT = 7.4000e-01
mu = 1.2692e+00
Ngrid = 121

Cvac_min = 2.21195909e-04
alpha_min = 9.65682971e+02
freeEnergy_min = -1.64975856e+00
density_min = 1.15578690e+00

success = 1
