# Result for min over (Cvac,alpha) at 
kT = 1.1000e+00
mu = 6.3410e+00
Ngrid = 122

Cvac_min = 2.69525622e-04
alpha_min = 4.97400035e+02
freeEnergy_min = -4.92517375e+00
density_min = 1.12754372e+00

success = 1
