# Result for min over (Cvac,alpha) at 
kT = 3.6000e-01
mu = -8.5295e+00
Ngrid = 120

Cvac_min = 1.03261548e-07
alpha_min = 2.73865502e+03
freeEnergy_min = 4.55075059e-01
density_min = 1.18518506e+00

success = 1
