# Result for min over (Cvac,alpha) at 
kT = 3.2000e-01
mu = -1.0252e+01
Ngrid = 121

Cvac_min = 1.61667829e-08
alpha_min = 2.09098740e+03
freeEnergy_min = 2.84704009e-01
density_min = 1.15604259e+00

success = 1
