# Result for min over (Cvac,alpha) at 
kT = 1.3200e+00
mu = 8.3036e+00
Ngrid = 121

Cvac_min = 1.47156858e-04
alpha_min = 5.61310143e+02
freeEnergy_min = -6.45226335e+00
density_min = 1.15587249e+00

success = 1
