# Result for min over (Cvac,alpha) at 
kT = 1.2400e+00
mu = 7.5313e+00
Ngrid = 120

Cvac_min = 1.84674559e-04
alpha_min = 8.07669690e+02
freeEnergy_min = -5.74309921e+00
density_min = 1.18496631e+00

success = 1
