# Result for min over (Cvac,alpha) at 
kT = 5.8500e-01
mu = -1.6380e+00
Ngrid = 121

Cvac_min = 6.29265786e-05
alpha_min = 1.20022485e+03
freeEnergy_min = -4.79065189e-01
density_min = 1.15596986e+00

success = 1
