# Result for min over (Cvac,alpha) at 
kT = 5.6500e-01
mu = -2.2526e+00
Ngrid = 122

Cvac_min = 1.27918380e-04
alpha_min = 9.11759700e+02
freeEnergy_min = 8.13872802e-02
density_min = 1.12770343e+00

success = 1
