# Result for min over (Cvac,alpha) at 
kT = 8.0000e-01
mu = 2.7406e+00
Ngrid = 122

Cvac_min = 2.59910895e-04
alpha_min = 6.65544586e+02
freeEnergy_min = -2.63673378e+00
density_min = 1.12755457e+00

success = 1
