# Result for min over (Cvac,alpha) at 
kT = 5.2000e-01
mu = -3.6040e+00
Ngrid = 122

Cvac_min = 8.95582299e-05
alpha_min = 9.82632618e+02
freeEnergy_min = 7.17080402e-01
density_min = 1.12774670e+00

success = 1
