# Result for min over (Cvac,alpha) at 
kT = 4.2000e-01
mu = -5.9509e+00
Ngrid = 119

Cvac_min = 1.46388013e-06
alpha_min = 3.92849914e+03
freeEnergy_min = 6.72353282e-01
density_min = 1.21531381e+00

success = 1
