# Result for min over (Cvac,alpha) at 
kT = 8.2000e-01
mu = 2.8694e+00
Ngrid = 122

Cvac_min = 3.19961853e-04
alpha_min = 6.50711020e+02
freeEnergy_min = -2.61778848e+00
density_min = 1.12748684e+00

success = 1
