# Result for min over (Cvac,alpha) at 
kT = 5.6500e-01
mu = -2.1526e+00
Ngrid = 122

Cvac_min = 1.15078730e-04
alpha_min = 9.11760713e+02
freeEnergy_min = -3.13837966e-02
density_min = 1.12771791e+00

success = 1
