# Result for min over (Cvac,alpha) at 
kT = 1.1000e+00
mu = 6.5410e+00
Ngrid = 121

Cvac_min = 1.64168921e-04
alpha_min = 6.67004071e+02
freeEnergy_min = -5.20914317e+00
density_min = 1.15585282e+00

success = 1
