# Result for min over (Cvac,alpha) at 
kT = 5.4000e-01
mu = -2.8492e+00
Ngrid = 122

Cvac_min = 9.30195933e-05
alpha_min = 9.49775024e+02
freeEnergy_min = 2.80244247e-01
density_min = 1.12774279e+00

success = 1
