# Result for min over (Cvac,alpha) at 
kT = 6.2000e-01
mu = -1.3182e+00
Ngrid = 121

Cvac_min = 1.42323130e-04
alpha_min = 1.13748465e+03
freeEnergy_min = -2.50002076e-01
density_min = 1.15587808e+00

success = 1
