# Result for min over (Cvac,alpha) at 
kT = 4.8000e-01
mu = -4.4707e+00
Ngrid = 120

Cvac_min = 8.44951239e-06
alpha_min = 2.06148622e+03
freeEnergy_min = 4.16857508e-01
density_min = 1.18517517e+00

success = 1
