# Result for min over (Cvac,alpha) at 
kT = 8.0000e-01
mu = 2.5406e+00
Ngrid = 122

Cvac_min = 3.20179984e-04
alpha_min = 6.65459445e+02
freeEnergy_min = -2.41122952e+00
density_min = 1.12748659e+00

success = 1
