# Result for min over (Cvac,alpha) at 
kT = 6.6000e-01
mu = 2.1347e-01
Ngrid = 122

Cvac_min = 1.80140417e-04
alpha_min = 7.92354843e+02
freeEnergy_min = -1.24920834e+00
density_min = 1.12764453e+00

success = 1
