# Result for min over (Cvac,alpha) at 
kT = 6.0000e-01
mu = -1.4066e+00
Ngrid = 122

Cvac_min = 1.72254159e-04
alpha_min = 8.63593118e+02
freeEnergy_min = -2.80436031e-01
density_min = 1.12765343e+00

success = 1
