# Result for min over (Cvac,alpha) at 
kT = 5.9500e-01
mu = -1.4113e+00
Ngrid = 120

Cvac_min = 5.12470456e-05
alpha_min = 1.66819079e+03
freeEnergy_min = -5.23939452e-01
density_min = 1.18512445e+00

success = 1
