# Result for min over (Cvac,alpha) at 
kT = 5.2500e-01
mu = -3.1506e+00
Ngrid = 121

Cvac_min = 2.86823730e-05
alpha_min = 1.32608549e+03
freeEnergy_min = 4.19025188e-02
density_min = 1.15600945e+00

success = 1
