# Result for min over (Cvac,alpha) at 
kT = 7.4000e-01
mu = 1.6706e+00
Ngrid = 121

Cvac_min = 1.45723731e-04
alpha_min = 9.65790061e+02
freeEnergy_min = -2.11367321e+00
density_min = 1.15587415e+00

success = 1
