# Result for min over (Cvac,alpha) at 
kT = 5.2000e-01
mu = -3.1600e+00
Ngrid = 119

Cvac_min = 2.12933734e-05
alpha_min = 3.04048295e+03
freeEnergy_min = 4.23441191e-01
density_min = 1.21528971e+00

success = 1
