# Result for min over (Cvac,alpha) at 
kT = 5.2000e-01
mu = -3.3100e+00
Ngrid = 121

Cvac_min = 2.72319814e-05
alpha_min = 1.33781797e+03
freeEnergy_min = 1.10135859e-01
density_min = 1.15601113e+00

success = 1
