# Result for min over (Cvac,alpha) at 
kT = 5.3000e-01
mu = -2.9925e+00
Ngrid = 121

Cvac_min = 3.03538413e-05
alpha_min = 1.31455084e+03
freeEnergy_min = -2.71559329e-02
density_min = 1.15600752e+00

success = 1
