# Result for min over (Cvac,alpha) at 
kT = 5.9000e-01
mu = -1.6656e+00
Ngrid = 122

Cvac_min = 1.64057589e-04
alpha_min = 8.76762468e+02
freeEnergy_min = -1.49811190e-01
density_min = 1.12766267e+00

success = 1
