# Result for min over (Cvac,alpha) at 
kT = 6.0000e-01
mu = -1.4066e+00
Ngrid = 121

Cvac_min = 8.23580763e-05
alpha_min = 1.17249595e+03
freeEnergy_min = -4.80764428e-01
density_min = 1.15594740e+00

success = 1
