# Result for min over (Cvac,alpha) at 
kT = 7.0000e-01
mu = 6.7577e-01
Ngrid = 121

Cvac_min = 1.63445752e-04
alpha_min = 1.01678681e+03
freeEnergy_min = -1.42814720e+00
density_min = 1.15585366e+00

success = 1
