# Result for min over (Cvac,alpha) at 
kT = 5.4000e-01
mu = -2.7789e+00
Ngrid = 121

Cvac_min = 3.69921147e-05
alpha_min = 1.29212401e+03
freeEnergy_min = -5.34664514e-02
density_min = 1.15599984e+00

success = 1
