# Result for min over (Cvac,alpha) at 
kT = 4.0000e-01
mu = -6.9157e+00
Ngrid = 120

Cvac_min = 6.09631776e-07
alpha_min = 2.46784884e+03
freeEnergy_min = 4.68025647e-01
density_min = 1.18518446e+00

success = 1
