# Result for min over (Cvac,alpha) at 
kT = 6.4000e-01
mu = -8.4405e-01
Ngrid = 122

Cvac_min = 3.15280236e-04
alpha_min = 8.14554865e+02
freeEnergy_min = -3.23367577e-01
density_min = 1.12749212e+00

success = 1
