# Result for min over (Cvac,alpha) at 
kT = 5.8500e-01
mu = -1.7880e+00
Ngrid = 122

Cvac_min = 1.57266572e-04
alpha_min = 8.83537506e+02
freeEnergy_min = -9.47632780e-02
density_min = 1.12767033e+00

success = 1
