# Result for min over (Cvac,alpha) at 
kT = 4.0000e-01
mu = -6.5157e+00
Ngrid = 119

Cvac_min = 1.60136016e-06
alpha_min = 4.17075116e+03
freeEnergy_min = 5.30071959e-01
density_min = 1.21531364e+00

success = 1
