# Result for min over (Cvac,alpha) at 
kT = 6.0000e-01
mu = -1.3895e+00
Ngrid = 120

Cvac_min = 5.95868439e-05
alpha_min = 1.65448211e+03
freeEnergy_min = -4.57895868e-01
density_min = 1.18511456e+00

success = 1
