# Result for min over (Cvac,alpha) at 
kT = 5.5500e-01
mu = -2.3658e+00
Ngrid = 122

Cvac_min = 1.00048063e-04
alpha_min = 9.26584339e+02
freeEnergy_min = 2.48943390e-02
density_min = 1.12773487e+00

success = 1
