# Result for min over (Cvac,alpha) at 
kT = 5.8000e-01
mu = -1.7021e+00
Ngrid = 121

Cvac_min = 5.63300441e-05
alpha_min = 1.20978810e+03
freeEnergy_min = -4.96843429e-01
density_min = 1.15597749e+00

success = 1
