# Result for min over (Cvac,alpha) at 
kT = 5.5500e-01
mu = -2.4963e+00
Ngrid = 122

Cvac_min = 1.14279296e-04
alpha_min = 9.26546736e+02
freeEnergy_min = 1.72143521e-01
density_min = 1.12771882e+00

success = 1
