# Result for min over (Cvac,alpha) at 
kT = 6.8000e-01
mu = 5.9218e-02
Ngrid = 122

Cvac_min = 3.49362299e-04
alpha_min = 7.71060801e+02
freeEnergy_min = -8.25766023e-01
density_min = 1.12745368e+00

success = 1
