# Result for min over (Cvac,alpha) at 
kT = 5.2000e-01
mu = -3.1600e+00
Ngrid = 120

Cvac_min = 1.58124747e-05
alpha_min = 1.90506215e+03
freeEnergy_min = -5.86326429e-02
density_min = 1.18516644e+00

success = 1
