# Result for min over (Cvac,alpha) at 
kT = 3.8000e-01
mu = -8.1698e+00
Ngrid = 120

Cvac_min = 4.29816676e-07
alpha_min = 2.59613165e+03
freeEnergy_min = 1.04465938e+00
density_min = 1.18518468e+00

success = 1
