# Result for min over (Cvac,alpha) at 
kT = 5.5500e-01
mu = -2.4963e+00
Ngrid = 121

Cvac_min = 5.01912609e-05
alpha_min = 1.25988468e+03
freeEnergy_min = -6.50835813e-02
density_min = 1.15598459e+00

success = 1
