# Result for min over (Cvac,alpha) at 
kT = 8.6000e-01
mu = 3.2867e+00
Ngrid = 122

Cvac_min = 3.92235035e-04
alpha_min = 6.23035755e+02
freeEnergy_min = -2.78549923e+00
density_min = 1.12740532e+00

success = 1
