# Result for min over (Cvac,alpha) at 
kT = 3.0000e-01
mu = -1.2000e+01
Ngrid = 120

Cvac_min = 2.96290738e-08
alpha_min = 3.28029818e+03
freeEnergy_min = 6.68551875e-01
density_min = 1.18518518e+00

success = 1
