# Result for min over (Cvac,alpha) at 
kT = 1.1800e+00
mu = 7.0537e+00
Ngrid = 121

Cvac_min = 1.94815756e-04
alpha_min = 6.24213894e+02
freeEnergy_min = -5.47243613e+00
density_min = 1.15581739e+00

success = 1
