# Result for min over (Cvac,alpha) at 
kT = 6.0000e-01
mu = -1.6066e+00
Ngrid = 121

Cvac_min = 1.01391650e-04
alpha_min = 1.17247680e+03
freeEnergy_min = -2.49577065e-01
density_min = 1.15592540e+00

success = 1
