# Result for min over (Cvac,alpha) at 
kT = 1.4200e+00
mu = 8.9319e+00
Ngrid = 120

Cvac_min = 1.41301483e-04
alpha_min = 7.05816495e+02
freeEnergy_min = -6.85641115e+00
density_min = 1.18501772e+00

success = 1
