# Result for min over (Cvac,alpha) at 
kT = 4.6000e-01
mu = -4.9129e+00
Ngrid = 122

Cvac_min = 1.95390961e-05
alpha_min = 1.09753060e+03
freeEnergy_min = 7.17425390e-01
density_min = 1.12782567e+00

success = 1
