# Result for min over (Cvac,alpha) at 
kT = 6.6000e-01
mu = 2.1870e-02
Ngrid = 121

Cvac_min = 1.15338395e-04
alpha_min = 1.07371127e+03
freeEnergy_min = -1.19854937e+00
density_min = 1.15590927e+00

success = 1
