# Result for min over (Cvac,alpha) at 
kT = 5.6000e-01
mu = -2.3712e+00
Ngrid = 120

Cvac_min = 3.79889395e-05
alpha_min = 1.77088550e+03
freeEnergy_min = -7.90052074e-02
density_min = 1.18514016e+00

success = 1
