# Result for min over (Cvac,alpha) at 
kT = 5.5500e-01
mu = -2.3963e+00
Ngrid = 122

Cvac_min = 1.02979414e-04
alpha_min = 9.26587970e+02
freeEnergy_min = 5.93709944e-02
density_min = 1.12773156e+00

success = 1
