# Result for min over (Cvac,alpha) at 
kT = 6.4000e-01
mu = -4.3249e-01
Ngrid = 121

Cvac_min = 1.04393690e-04
alpha_min = 1.10467608e+03
freeEnergy_min = -9.63434506e-01
density_min = 1.15592193e+00

success = 1
