# Result for min over (Cvac,alpha) at 
kT = 3.6000e-01
mu = -8.5295e+00
Ngrid = 121

Cvac_min = 1.89633848e-07
alpha_min = 1.87619262e+03
freeEnergy_min = 5.99108958e-01
density_min = 1.15604239e+00

success = 1
