# Result for min over (Cvac,alpha) at 
kT = 5.2500e-01
mu = -3.0506e+00
Ngrid = 122

Cvac_min = 6.24663772e-05
alpha_min = 9.74230940e+02
freeEnergy_min = 1.99716775e-01
density_min = 1.12777725e+00

success = 1
