# Result for min over (Cvac,alpha) at 
kT = 5.6500e-01
mu = -2.1728e+00
Ngrid = 122

Cvac_min = 1.17375376e-04
alpha_min = 9.11763111e+02
freeEnergy_min = -8.64591481e-03
density_min = 1.12771532e+00

success = 1
