# Result for min over (Cvac,alpha) at 
kT = 8.8000e-01
mu = 3.7769e+00
Ngrid = 122

Cvac_min = 3.16289527e-04
alpha_min = 6.10174375e+02
freeEnergy_min = -3.19832404e+00
density_min = 1.12749098e+00

success = 1
