# Result for min over (Cvac,alpha) at 
kT = 5.6000e-01
mu = -2.1712e+00
Ngrid = 122

Cvac_min = 9.80948743e-05
alpha_min = 9.19119948e+02
freeEnergy_min = -1.01650190e-01
density_min = 1.12773707e+00

success = 1
