# Result for min over (Cvac,alpha) at 
kT = 5.8500e-01
mu = -1.8070e+00
Ngrid = 121

Cvac_min = 7.44029561e-05
alpha_min = 1.20016510e+03
freeEnergy_min = -2.83677570e-01
density_min = 1.15595660e+00

success = 1
