# Result for min over (Cvac,alpha) at 
kT = 1.0600e+00
mu = 6.1472e+00
Ngrid = 121

Cvac_min = 1.66847464e-04
alpha_min = 6.90650360e+02
freeEnergy_min = -4.94047395e+00
density_min = 1.15584973e+00

success = 1
