# Result for min over (Cvac,alpha) at 
kT = 5.1500e-01
mu = -3.4451e+00
Ngrid = 121

Cvac_min = 2.49124995e-05
alpha_min = 1.34975083e+03
freeEnergy_min = 1.47846691e-01
density_min = 1.15601381e+00

success = 1
