# Result for min over (Cvac,alpha) at 
kT = 5.6000e-01
mu = -2.4255e+00
Ngrid = 122

Cvac_min = 1.27597124e-04
alpha_min = 9.19072635e+02
freeEnergy_min = 1.85178150e-01
density_min = 1.12770380e+00

success = 1
