# Result for min over (Cvac,alpha) at 
kT = 1.1400e+00
mu = 6.7091e+00
Ngrid = 122

Cvac_min = 2.60613254e-04
alpha_min = 4.81272530e+02
freeEnergy_min = -5.18339366e+00
density_min = 1.12755377e+00

success = 1
