# Result for min over (Cvac,alpha) at 
kT = 1.3400e+00
mu = 8.2365e+00
Ngrid = 121

Cvac_min = 1.80162209e-04
alpha_min = 5.53302822e+02
freeEnergy_min = -6.31765218e+00
density_min = 1.15583433e+00

success = 1
