# Result for min over (Cvac,alpha) at 
kT = 5.6000e-01
mu = -2.3755e+00
Ngrid = 121

Cvac_min = 5.37108752e-05
alpha_min = 1.24954411e+03
freeEnergy_min = -1.03767107e-01
density_min = 1.15598052e+00

success = 1
