# Result for min over (Cvac,alpha) at 
kT = 8.2000e-01
mu = 2.6689e+00
Ngrid = 121

Cvac_min = 2.45647075e-04
alpha_min = 8.77890321e+02
freeEnergy_min = -2.48731813e+00
density_min = 1.15575863e+00

success = 1
