# Result for min over (Cvac,alpha) at 
kT = 5.5000e-01
mu = -2.5625e+00
Ngrid = 120

Cvac_min = 3.10779923e-05
alpha_min = 1.80260395e+03
freeEnergy_min = -6.75221487e-02
density_min = 1.18514835e+00

success = 1
