# Result for min over (Cvac,alpha) at 
kT = 1.2000e+00
mu = 7.2179e+00
Ngrid = 121

Cvac_min = 1.93677817e-04
alpha_min = 6.14391579e+02
freeEnergy_min = -5.58789467e+00
density_min = 1.15581871e+00

success = 1
