# Result for min over (Cvac,alpha) at 
kT = 3.0000e-01
mu = -1.1600e+01
Ngrid = 121

Cvac_min = 5.12886369e-09
alpha_min = 2.21903870e+03
freeEnergy_min = 4.50278740e-01
density_min = 1.15604260e+00

success = 1
