# Result for min over (Cvac,alpha) at 
kT = 5.9000e-01
mu = -1.5156e+00
Ngrid = 122

Cvac_min = 1.40508944e-04
alpha_min = 8.76856674e+02
freeEnergy_min = -3.18962694e-01
density_min = 1.12768923e+00

success = 1
