# Result for min over (Cvac,alpha) at 
kT = 6.8000e-01
mu = 4.5922e-01
Ngrid = 120

Cvac_min = 1.95632628e-03
alpha_min = 1.32460085e+03
freeEnergy_min = -1.36084892e+00
density_min = 1.18286658e+00

success = 1
