# Result for min over (Cvac,alpha) at 
kT = 7.4000e-01
mu = 1.4706e+00
Ngrid = 122

Cvac_min = 3.12323318e-04
alpha_min = 7.14260990e+02
freeEnergy_min = -1.75673135e+00
density_min = 1.12749545e+00

success = 1
