# Result for min over (Cvac,alpha) at 
kT = 3.2000e-01
mu = -1.0852e+01
Ngrid = 120

Cvac_min = 2.19113234e-08
alpha_min = 3.07716133e+03
freeEnergy_min = 7.76319999e-01
density_min = 1.18518517e+00

success = 1
