# Result for min over (Cvac,alpha) at 
kT = 1.1400e+00
mu = 6.9091e+00
Ngrid = 121

Cvac_min = 1.61915471e-04
alpha_min = 6.44923660e+02
freeEnergy_min = -5.46315360e+00
density_min = 1.15585543e+00

success = 1
