# Result for min over (Cvac,alpha) at 
kT = 6.8000e-01
mu = 4.5922e-01
Ngrid = 121

Cvac_min = 1.24732247e-04
alpha_min = 1.04447531e+03
freeEnergy_min = -1.43251415e+00
density_min = 1.15589841e+00

success = 1
