# Result for min over (Cvac,alpha) at 
kT = 7.8000e-01
mu = 2.1991e+00
Ngrid = 122

Cvac_min = 3.18481476e-04
alpha_min = 6.80943711e+02
freeEnergy_min = -2.19975619e+00
density_min = 1.12748851e+00

success = 1
