# Result for min over (Cvac,alpha) at 
kT = 9.4000e-01
mu = 4.7830e+00
Ngrid = 120

Cvac_min = 1.52468883e-04
alpha_min = 1.06268373e+03
freeEnergy_min = -3.96832009e+00
density_min = 1.18500448e+00

success = 1
