# Result for min over (Cvac,alpha) at 
kT = 5.6000e-01
mu = -2.7423e+00
Ngrid = 121

Cvac_min = 1.85308055e-03
alpha_min = 1.24237507e+03
freeEnergy_min = 3.24852909e-01
density_min = 1.15390037e+00

success = 1
