# Result for min over (Cvac,alpha) at 
kT = 5.6500e-01
mu = -2.3026e+00
Ngrid = 122

Cvac_min = 1.34784914e-04
alpha_min = 9.11713698e+02
freeEnergy_min = 1.37772273e-01
density_min = 1.12769569e+00

success = 1
