# Result for min over (Cvac,alpha) at 
kT = 1.2200e+00
mu = 7.3770e+00
Ngrid = 120

Cvac_min = 1.85817165e-04
alpha_min = 8.20792942e+02
freeEnergy_min = -5.63307994e+00
density_min = 1.18496496e+00

success = 1
