# Result for min over (Cvac,alpha) at 
kT = 7.6000e-01
mu = 1.6424e+00
Ngrid = 122

Cvac_min = 3.89644597e-04
alpha_min = 6.97116279e+02
freeEnergy_min = -1.75575664e+00
density_min = 1.12740825e+00

success = 1
