# Result for min over (Cvac,alpha) at 
kT = 6.4000e-01
mu = -4.4405e-01
Ngrid = 120

Cvac_min = 8.04076390e-05
alpha_min = 1.55253693e+03
freeEnergy_min = -8.99059052e-01
density_min = 1.18508989e+00

success = 1
