# Result for min over (Cvac,alpha) at 
kT = 3.4000e-01
mu = -9.8148e+00
Ngrid = 121

Cvac_min = 9.65939289e-08
alpha_min = 1.97749867e+03
freeEnergy_min = 1.00316716e+00
density_min = 1.15604250e+00

success = 1
