# Result for min over (Cvac,alpha) at 
kT = 3.8000e-01
mu = -7.1698e+00
Ngrid = 120

Cvac_min = 1.56974576e-07
alpha_min = 2.59613174e+03
freeEnergy_min = -1.40525481e-01
density_min = 1.18518500e+00

success = 1
