# Result for min over (Cvac,alpha) at 
kT = 5.8000e-01
mu = -1.8536e+00
Ngrid = 121

Cvac_min = 6.57336799e-05
alpha_min = 1.20975365e+03
freeEnergy_min = -3.21744462e-01
density_min = 1.15596662e+00

success = 1
