# Result for min over (Cvac,alpha) at 
kT = 5.2000e-01
mu = -3.2731e+00
Ngrid = 120

Cvac_min = 1.77386391e-05
alpha_min = 1.90505514e+03
freeEnergy_min = 7.53949698e-02
density_min = 1.18516416e+00

success = 1
