# Result for min over (Cvac,alpha) at 
kT = 5.6500e-01
mu = -2.1526e+00
Ngrid = 120

Cvac_min = 3.67884039e-05
alpha_min = 1.75542903e+03
freeEnergy_min = -2.33381411e-01
density_min = 1.18514158e+00

success = 1
