# Result for min over (Cvac,alpha) at 
kT = 3.4000e-01
mu = -9.6148e+00
Ngrid = 121

Cvac_min = 7.90288589e-08
alpha_min = 1.97749743e+03
freeEnergy_min = 7.71958661e-01
density_min = 1.15604252e+00

success = 1
