# Result for min over (Cvac,alpha) at 
kT = 1.4400e+00
mu = 9.0474e+00
Ngrid = 120

Cvac_min = 1.40078408e-04
alpha_min = 6.96030387e+02
freeEnergy_min = -6.94271715e+00
density_min = 1.18501917e+00

success = 1
