# Result for min over (Cvac,alpha) at 
kT = 7.2000e-01
mu = 1.2808e+00
Ngrid = 121

Cvac_min = 1.40570002e-04
alpha_min = 9.90687610e+02
freeEnergy_min = -1.88826637e+00
density_min = 1.15588010e+00

success = 1
