# Result for min over (Cvac,alpha) at 
kT = 7.2000e-01
mu = 8.8083e-01
Ngrid = 122

Cvac_min = 3.76790568e-04
alpha_min = 7.32160985e+02
freeEnergy_min = -1.29847696e+00
density_min = 1.12742274e+00

success = 1
