# Result for min over (Cvac,alpha) at 
kT = 3.2000e-01
mu = -1.0052e+01
Ngrid = 121

Cvac_min = 1.32490969e-08
alpha_min = 2.09098700e+03
freeEnergy_min = 5.34954909e-02
density_min = 1.15604259e+00

success = 1
