# Result for min over (Cvac,alpha) at 
kT = 8.4000e-01
mu = 3.3839e+00
Ngrid = 121

Cvac_min = 1.65570422e-04
alpha_min = 8.58519406e+02
freeEnergy_min = -3.14430502e+00
density_min = 1.15585120e+00

success = 1
