# Result for min over (Cvac,alpha) at 
kT = 1.5000e+00
mu = 9.1761e+00
Ngrid = 121

Cvac_min = 1.64523088e-04
alpha_min = 4.96770655e+02
freeEnergy_min = -7.01323891e+00
density_min = 1.15585241e+00

success = 1
