# Result for min over (Cvac,alpha) at 
kT = 5.1000e-01
mu = -3.4058e+00
Ngrid = 121

Cvac_min = 1.91380580e-05
alpha_min = 1.36194490e+03
freeEnergy_min = -1.84771780e-02
density_min = 1.15602048e+00

success = 1
