# Result for min over (Cvac,alpha) at 
kT = 5.2000e-01
mu = -3.4731e+00
Ngrid = 121

Cvac_min = 3.20411713e-05
alpha_min = 1.33779466e+03
freeEnergy_min = 2.98666609e-01
density_min = 1.15600557e+00

success = 1
