# Result for min over (Cvac,alpha) at 
kT = 8.0000e-01
mu = 2.5412e+00
Ngrid = 120

Cvac_min = 1.85257689e-03
alpha_min = 1.24222444e+03
freeEnergy_min = -2.44543179e+00
density_min = 1.18298954e+00

success = 1
