# Result for min over (Cvac,alpha) at 
kT = 1.2200e+00
mu = 7.5770e+00
Ngrid = 122

Cvac_min = 1.96352764e-04
alpha_min = 4.52078168e+02
freeEnergy_min = -5.88444836e+00
density_min = 1.12762625e+00

success = 1
