# Result for min over (Cvac,alpha) at 
kT = 1.0600e+00
mu = 5.7472e+00
Ngrid = 121

Cvac_min = 2.51802150e-04
alpha_min = 6.90552967e+02
freeEnergy_min = -4.47815251e+00
density_min = 1.15575151e+00

success = 1
