# Result for min over (Cvac,alpha) at 
kT = 1.0000e+00
mu = 5.1023e+00
Ngrid = 121

Cvac_min = 2.56892443e-04
alpha_min = 7.29403922e+02
freeEnergy_min = -4.04504978e+00
density_min = 1.15574563e+00

success = 1
