# Result for min over (Cvac,alpha) at 
kT = 8.4000e-01
mu = 3.1843e+00
Ngrid = 122

Cvac_min = 3.20230788e-04
alpha_min = 6.36582561e+02
freeEnergy_min = -2.81743078e+00
density_min = 1.12748653e+00

success = 1
