# Result for min over (Cvac,alpha) at 
kT = 5.5500e-01
mu = -2.5158e+00
Ngrid = 122

Cvac_min = 1.16463479e-04
alpha_min = 9.26568248e+02
freeEnergy_min = 1.94053223e-01
density_min = 1.12771635e+00

success = 1
