# Result for min over (Cvac,alpha) at 
kT = 5.4000e-01
mu = -2.8492e+00
Ngrid = 121

Cvac_min = 1.90516995e-03
alpha_min = 1.28393346e+03
freeEnergy_min = 3.40392347e-02
density_min = 1.15384015e+00

success = 1
