# Result for min over (Cvac,alpha) at 
kT = 4.4000e-01
mu = -5.7053e+00
Ngrid = 122

Cvac_min = 1.42427451e-05
alpha_min = 1.14241268e+03
freeEnergy_min = 1.02360209e+00
density_min = 1.12783164e+00

success = 1
