# Result for min over (Cvac,alpha) at 
kT = 6.0000e-01
mu = -1.8066e+00
Ngrid = 121

Cvac_min = 1.23961955e-04
alpha_min = 1.17241586e+03
freeEnergy_min = -1.83945167e-02
density_min = 1.15589930e+00

success = 1
