# Result for min over (Cvac,alpha) at 
kT = 5.9500e-01
mu = -1.4442e+00
Ngrid = 121

Cvac_min = 7.24014068e-05
alpha_min = 1.18158531e+03
freeEnergy_min = -5.24268018e-01
density_min = 1.15595891e+00

success = 1
