# Result for min over (Cvac,alpha) at 
kT = 5.2000e-01
mu = -3.1237e+00
Ngrid = 122

Cvac_min = 5.47539813e-05
alpha_min = 9.82667832e+02
freeEnergy_min = 1.75354679e-01
density_min = 1.12778595e+00

success = 1
