# Result for min over (Cvac,alpha) at 
kT = 5.7500e-01
mu = -2.0267e+00
Ngrid = 121

Cvac_min = 1.81671870e-03
alpha_min = 1.21346963e+03
freeEnergy_min = -2.10514904e-01
density_min = 1.15394240e+00

success = 1
