# Result for min over (Cvac,alpha) at 
kT = 5.3500e-01
mu = -2.8854e+00
Ngrid = 120

Cvac_min = 2.31375795e-05
alpha_min = 1.85242260e+03
freeEnergy_min = -2.39530392e-02
density_min = 1.18515776e+00

success = 1
