# Result for min over (Cvac,alpha) at 
kT = 6.0000e-01
mu = -1.4234e+00
Ngrid = 121

Cvac_min = 8.36863061e-05
alpha_min = 1.17251619e+03
freeEnergy_min = -4.61333169e-01
density_min = 1.15594586e+00

success = 1
