# Result for min over (Cvac,alpha) at 
kT = 5.9500e-01
mu = -1.5442e+00
Ngrid = 121

Cvac_min = 8.02178913e-05
alpha_min = 1.18158352e+03
freeEnergy_min = -4.08672588e-01
density_min = 1.15594987e+00

success = 1
