# Result for min over (Cvac,alpha) at 
kT = 4.8000e-01
mu = -4.0707e+00
Ngrid = 119

Cvac_min = 7.68787090e-06
alpha_min = 3.34345097e+03
freeEnergy_min = 4.39235622e-01
density_min = 1.21530624e+00

success = 1
