# Result for min over (Cvac,alpha) at 
kT = 1.4000e+00
mu = 8.8131e+00
Ngrid = 121

Cvac_min = 1.41119839e-04
alpha_min = 5.30707816e+02
freeEnergy_min = -6.82492724e+00
density_min = 1.15587947e+00

success = 1
