# Result for min over (Cvac,alpha) at 
kT = 5.1000e-01
mu = -3.5558e+00
Ngrid = 121

Cvac_min = 2.22171226e-05
alpha_min = 1.36194447e+03
freeEnergy_min = 1.54925636e-01
density_min = 1.15601692e+00

success = 1
