# Result for min over (Cvac,alpha) at 
kT = 1.4200e+00
mu = 8.5319e+00
Ngrid = 121

Cvac_min = 2.12194107e-04
alpha_min = 5.23477688e+02
freeEnergy_min = -6.45036732e+00
density_min = 1.15579730e+00

success = 1
