# Result for min over (Cvac,alpha) at 
kT = 7.2000e-01
mu = 1.2831e+00
Ngrid = 121

Cvac_min = 1.39840158e-04
alpha_min = 9.90592653e+02
freeEnergy_min = -1.89091286e+00
density_min = 1.15588095e+00

success = 1
