# Result for min over (Cvac,alpha) at 
kT = 5.9500e-01
mu = -1.4613e+00
Ngrid = 122

Cvac_min = 1.55865540e-04
alpha_min = 8.70142748e+02
freeEnergy_min = -2.98732007e-01
density_min = 1.12767191e+00

success = 1
