# Result for min over (Cvac,alpha) at 
kT = 8.6000e-01
mu = 3.4863e+00
Ngrid = 121

Cvac_min = 2.05100910e-04
alpha_min = 8.39854545e+02
freeEnergy_min = -3.10205073e+00
density_min = 1.15580550e+00

success = 1
