# Result for min over (Cvac,alpha) at 
kT = 5.5500e-01
mu = -2.3658e+00
Ngrid = 121

Cvac_min = 1.86898267e-03
alpha_min = 1.25383719e+03
freeEnergy_min = -2.10175203e-01
density_min = 1.15388199e+00

success = 1
