# Result for min over (Cvac,alpha) at 
kT = 5.0000e-01
mu = -3.6000e+00
Ngrid = 122

Cvac_min = 3.71257319e-05
alpha_min = 1.01806132e+03
freeEnergy_min = 2.62501351e-01
density_min = 1.12780583e+00

success = 1
