# Result for min over (Cvac,alpha) at 
kT = 4.2000e-01
mu = -6.3509e+00
Ngrid = 119

Cvac_min = 2.14610752e-06
alpha_min = 3.92851328e+03
freeEnergy_min = 1.15847865e+00
density_min = 1.21531298e+00

success = 1
