# Result for min over (Cvac,alpha) at 
kT = 5.0500e-01
mu = -3.6541e+00
Ngrid = 122

Cvac_min = 4.91508521e-05
alpha_min = 1.00895601e+03
freeEnergy_min = 4.39603523e-01
density_min = 1.12779227e+00

success = 1
