# Result for min over (Cvac,alpha) at 
kT = 5.6500e-01
mu = -2.2526e+00
Ngrid = 120

Cvac_min = 4.08010705e-05
alpha_min = 1.75540479e+03
freeEnergy_min = -1.14867487e-01
density_min = 1.18513683e+00

success = 1
