# Result for min over (Cvac,alpha) at 
kT = 3.8000e-01
mu = -7.5698e+00
Ngrid = 121

Cvac_min = 4.18902255e-07
alpha_min = 1.78517613e+03
freeEnergy_min = 4.52851795e-01
density_min = 1.15604212e+00

success = 1
