# Result for min over (Cvac,alpha) at 
kT = 3.4000e-01
mu = -9.8148e+00
Ngrid = 119

Cvac_min = 2.53527555e-05
alpha_min = 5.10405066e+03
freeEnergy_min = 1.43769039e+00
density_min = 1.21528478e+00

success = 1
