# Result for min over (Cvac,alpha) at 
kT = 5.7000e-01
mu = -2.1289e+00
Ngrid = 121

Cvac_min = 6.07540662e-05
alpha_min = 1.22931781e+03
freeEnergy_min = -1.92584173e-01
density_min = 1.15597237e+00

success = 1
