# Result for min over (Cvac,alpha) at 
kT = 3.2000e-01
mu = -1.0252e+01
Ngrid = 120

Cvac_min = 1.53949714e-08
alpha_min = 3.07716162e+03
freeEnergy_min = 6.52088954e-02
density_min = 1.18518518e+00

success = 1
