# Result for min over (Cvac,alpha) at 
kT = 5.1500e-01
mu = -3.2951e+00
Ngrid = 121

Cvac_min = 2.13991575e-05
alpha_min = 1.34976252e+03
freeEnergy_min = -2.55556887e-02
density_min = 1.15601787e+00

success = 1
