# Result for min over (Cvac,alpha) at 
kT = 5.8000e-01
mu = -2.3021e+00
Ngrid = 120

Cvac_min = 7.47194305e-05
alpha_min = 1.71063086e+03
freeEnergy_min = 2.45971203e-01
density_min = 1.18509663e+00

success = 1
