# Result for min over (Cvac,alpha) at 
kT = 8.6000e-01
mu = 3.6867e+00
Ngrid = 122

Cvac_min = 2.58517700e-04
alpha_min = 6.23155602e+02
freeEnergy_min = -3.23649378e+00
density_min = 1.12755614e+00

success = 1
