# Result for min over (Cvac,alpha) at 
kT = 9.4000e-01
mu = 4.3830e+00
Ngrid = 120

Cvac_min = 2.29419926e-04
alpha_min = 1.06253042e+03
freeEnergy_min = -3.49433543e+00
density_min = 1.18491328e+00

success = 1
