# Result for min over (Cvac,alpha) at 
kT = 9.2000e-01
mu = 4.1246e+00
Ngrid = 120

Cvac_min = 2.27774965e-04
alpha_min = 1.08539032e+03
freeEnergy_min = -3.32692096e+00
density_min = 1.18491523e+00

success = 1
