# Result for min over (Cvac,alpha) at 
kT = 6.6000e-01
mu = -1.8653e-01
Ngrid = 121

Cvac_min = 1.42436556e-04
alpha_min = 1.07365821e+03
freeEnergy_min = -9.57657264e-01
density_min = 1.15587795e+00

success = 1
