# Result for min over (Cvac,alpha) at 
kT = 9.4000e-01
mu = 4.3830e+00
Ngrid = 122

Cvac_min = 3.76738100e-04
alpha_min = 5.74482750e+02
freeEnergy_min = -3.50226684e+00
density_min = 1.12742280e+00

success = 1
