# Result for min over (Cvac,alpha) at 
kT = 7.8000e-01
mu = 1.9991e+00
Ngrid = 122

Cvac_min = 3.92822754e-04
alpha_min = 6.80877613e+02
freeEnergy_min = -1.97426660e+00
density_min = 1.12740466e+00

success = 1
