# Result for min over (Cvac,alpha) at 
kT = 6.2000e-01
mu = -1.3182e+00
Ngrid = 120

Cvac_min = 1.06198449e-04
alpha_min = 1.60181505e+03
freeEnergy_min = -1.90873066e-01
density_min = 1.18505932e+00

success = 1
