# Result for min over (Cvac,alpha) at 
kT = 5.7500e-01
mu = -2.0048e+00
Ngrid = 122

Cvac_min = 1.40324123e-04
alpha_min = 8.97423099e+02
freeEnergy_min = -2.09686390e-02
density_min = 1.12768944e+00

success = 1
