# Result for min over (Cvac,alpha) at 
kT = 5.0000e-01
mu = -3.4695e+00
Ngrid = 122

Cvac_min = 3.23792372e-05
alpha_min = 1.01805654e+03
freeEnergy_min = 1.15271402e-01
density_min = 1.12781119e+00

success = 1
