# Result for min over (Cvac,alpha) at 
kT = 6.8000e-01
mu = 6.5922e-01
Ngrid = 122

Cvac_min = 1.88584121e-04
alpha_min = 7.71229081e+02
freeEnergy_min = -1.50229812e+00
density_min = 1.12763501e+00

success = 1
