# Result for min over (Cvac,alpha) at 
kT = 6.0000e-01
mu = -1.4395e+00
Ngrid = 120

Cvac_min = 6.25242223e-05
alpha_min = 1.65447202e+03
freeEnergy_min = -3.98640226e-01
density_min = 1.18511108e+00

success = 1
