# Result for min over (Cvac,alpha) at 
kT = 5.5000e-01
mu = -2.5125e+00
Ngrid = 122

Cvac_min = 9.63001378e-05
alpha_min = 9.34190761e+02
freeEnergy_min = 9.56700654e-02
density_min = 1.12773909e+00

success = 1
