# Result for min over (Cvac,alpha) at 
kT = 5.9000e-01
mu = -1.6839e+00
Ngrid = 121

Cvac_min = 7.81828727e-05
alpha_min = 1.19082258e+03
freeEnergy_min = -3.35855598e-01
density_min = 1.15595223e+00

success = 1
