# Result for min over (Cvac,alpha) at 
kT = 8.6000e-01
mu = 3.6867e+00
Ngrid = 120

Cvac_min = 1.44695291e-04
alpha_min = 1.16022636e+03
freeEnergy_min = -3.26807278e+00
density_min = 1.18501369e+00

success = 1
