# Result for min over (Cvac,alpha) at 
kT = 5.0000e-01
mu = -3.5500e+00
Ngrid = 121

Cvac_min = 1.38060139e-05
alpha_min = 1.38700272e+03
freeEnergy_min = -1.01336595e-01
density_min = 1.15602665e+00

success = 1
