# Result for min over (Cvac,alpha) at 
kT = 7.2000e-01
mu = 8.8311e-01
Ngrid = 121

Cvac_min = 2.11376034e-04
alpha_min = 9.90521293e+02
freeEnergy_min = -1.42857590e+00
density_min = 1.15579825e+00

success = 1
