# Result for min over (Cvac,alpha) at 
kT = 5.9000e-01
mu = -1.6839e+00
Ngrid = 122

Cvac_min = 1.66938584e-04
alpha_min = 8.76803103e+02
freeEnergy_min = -1.29250713e-01
density_min = 1.12765942e+00

success = 1
