# Result for min over (Cvac,alpha) at 
kT = 5.8000e-01
mu = -1.7536e+00
Ngrid = 122

Cvac_min = 1.28909875e-04
alpha_min = 8.90464675e+02
freeEnergy_min = -2.18083275e-01
density_min = 1.12770231e+00

success = 1
