# Result for min over (Cvac,alpha) at 
kT = 5.8500e-01
mu = -1.7070e+00
Ngrid = 120

Cvac_min = 4.88026384e-05
alpha_min = 1.69628525e+03
freeEnergy_min = -3.62261174e-01
density_min = 1.18512735e+00

success = 1
