# Result for min over (Cvac,alpha) at 
kT = 6.2000e-01
mu = -9.0308e-01
Ngrid = 122

Cvac_min = 1.89384375e-04
alpha_min = 8.38403632e+02
freeEnergy_min = -5.42138526e-01
density_min = 1.12763411e+00

success = 1
