# Result for min over (Cvac,alpha) at 
kT = 5.9500e-01
mu = -1.4613e+00
Ngrid = 121

Cvac_min = 7.37100495e-05
alpha_min = 1.18159771e+03
freeEnergy_min = -5.04510407e-01
density_min = 1.15595740e+00

success = 1
