# Result for min over (Cvac,alpha) at 
kT = 5.2000e-01
mu = -3.0731e+00
Ngrid = 121

Cvac_min = 2.12810251e-05
alpha_min = 1.33782269e+03
freeEnergy_min = -1.63738250e-01
density_min = 1.15601801e+00

success = 1
