# Result for min over (Cvac,alpha) at 
kT = 8.2000e-01
mu = 2.8689e+00
Ngrid = 120

Cvac_min = 1.70016167e-04
alpha_min = 1.21602429e+03
freeEnergy_min = -2.64785831e+00
density_min = 1.18498368e+00

success = 1
