# Result for min over (Cvac,alpha) at 
kT = 4.2000e-01
mu = -6.3556e+00
Ngrid = 122

Cvac_min = 7.98431191e-06
alpha_min = 1.19138158e+03
freeEnergy_min = 1.11014900e+00
density_min = 1.12783870e+00

success = 1
