# Result for min over (Cvac,alpha) at 
kT = 5.7000e-01
mu = -2.0998e+00
Ngrid = 122

Cvac_min = 1.30185383e-04
alpha_min = 9.04550699e+02
freeEnergy_min = -1.52642324e-03
density_min = 1.12770088e+00

success = 1
