# Result for min over (Cvac,alpha) at 
kT = 6.0000e-01
mu = -1.3234e+00
Ngrid = 121

Cvac_min = 7.56777385e-05
alpha_min = 1.17249950e+03
freeEnergy_min = -5.76928213e-01
density_min = 1.15595512e+00

success = 1
