# Result for min over (Cvac,alpha) at 
kT = 5.5000e-01
mu = -2.6125e+00
Ngrid = 120

Cvac_min = 3.26236726e-05
alpha_min = 1.80260228e+03
freeEnergy_min = -8.26477613e-03
density_min = 1.18514652e+00

success = 1
