# Result for min over (Cvac,alpha) at 
kT = 6.0000e-01
mu = -1.6066e+00
Ngrid = 120

Cvac_min = 7.41048658e-05
alpha_min = 1.65444448e+03
freeEnergy_min = -2.00652913e-01
density_min = 1.18509736e+00

success = 1
