# Result for min over (Cvac,alpha) at 
kT = 1.2400e+00
mu = 7.5313e+00
Ngrid = 121

Cvac_min = 1.90033419e-04
alpha_min = 5.95611584e+02
freeEnergy_min = -5.80987365e+00
density_min = 1.15582292e+00

success = 1
