# Result for min over (Cvac,alpha) at 
kT = 1.4800e+00
mu = 8.8694e+00
Ngrid = 121

Cvac_min = 2.05542716e-04
alpha_min = 5.03180881e+02
freeEnergy_min = -6.70192221e+00
density_min = 1.15580499e+00

success = 1
