# Result for min over (Cvac,alpha) at 
kT = 5.7000e-01
mu = -2.0289e+00
Ngrid = 122

Cvac_min = 1.21241717e-04
alpha_min = 9.04557921e+02
freeEnergy_min = -8.15460952e-02
density_min = 1.12771096e+00

success = 1
