# Result for min over (Cvac,alpha) at 
kT = 3.0000e-01
mu = -1.1600e+01
Ngrid = 119

Cvac_min = 1.46567864e-04
alpha_min = 5.94790575e+03
freeEnergy_min = 8.20320451e-01
density_min = 1.21513746e+00

success = 1
