# Result for min over (Cvac,alpha) at 
kT = 3.8000e-01
mu = -7.9698e+00
Ngrid = 120

Cvac_min = 3.50529232e-07
alpha_min = 2.59613038e+03
freeEnergy_min = 8.07622438e-01
density_min = 1.18518477e+00

success = 1
