# Result for min over (Cvac,alpha) at 
kT = 1.4200e+00
mu = 8.5319e+00
Ngrid = 122

Cvac_min = 2.50179755e-04
alpha_min = 3.92485772e+02
freeEnergy_min = -6.42727342e+00
density_min = 1.12756554e+00

success = 1
