# Result for min over (Cvac,alpha) at 
kT = 5.0000e-01
mu = -3.9504e+00
Ngrid = 122

Cvac_min = 5.33137203e-05
alpha_min = 1.01802153e+03
freeEnergy_min = 6.57706415e-01
density_min = 1.12778758e+00

success = 1
