# Result for min over (Cvac,alpha) at 
kT = 4.8000e-01
mu = -4.1701e+00
Ngrid = 122

Cvac_min = 2.56766466e-05
alpha_min = 1.05620631e+03
freeEnergy_min = 4.15300421e-01
density_min = 1.12781875e+00

success = 1
