# Result for min over (Cvac,alpha) at 
kT = 5.5000e-01
mu = -2.6125e+00
Ngrid = 121

Cvac_min = 4.67505559e-05
alpha_min = 1.27045723e+03
freeEnergy_min = -3.37350401e-02
density_min = 1.15598856e+00

success = 1
