# Result for min over (Cvac,alpha) at 
kT = 5.8000e-01
mu = -1.8722e+00
Ngrid = 121

Cvac_min = 6.70101069e-05
alpha_min = 1.20973943e+03
freeEnergy_min = -3.00256118e-01
density_min = 1.15596514e+00

success = 1
