# Result for min over (Cvac,alpha) at 
kT = 9.0000e-01
mu = 3.8561e+00
Ngrid = 120

Cvac_min = 2.24918302e-04
alpha_min = 1.10919056e+03
freeEnergy_min = -3.15444549e+00
density_min = 1.18491862e+00

success = 1
