# Result for min over (Cvac,alpha) at 
kT = 6.6000e-01
mu = -3.8653e-01
Ngrid = 120

Cvac_min = 1.34922368e-04
alpha_min = 1.50607296e+03
freeEnergy_min = -6.60875764e-01
density_min = 1.18502528e+00

success = 1
