# Result for min over (Cvac,alpha) at 
kT = 5.0000e-01
mu = -4.0695e+00
Ngrid = 122

Cvac_min = 6.02349632e-05
alpha_min = 1.01801901e+03
freeEnergy_min = 7.91949650e-01
density_min = 1.12777977e+00

success = 1
