# Result for min over (Cvac,alpha) at 
kT = 3.4000e-01
mu = -9.6148e+00
Ngrid = 119

Cvac_min = 2.52194440e-05
alpha_min = 5.10155838e+03
freeEnergy_min = 1.19463409e+00
density_min = 1.21528494e+00

success = 1
