# Result for min over (Cvac,alpha) at 
kT = 3.2000e-01
mu = -1.1452e+01
Ngrid = 119

Cvac_min = 6.22844456e-05
alpha_min = 5.50414361e+03
freeEnergy_min = 2.12295859e+00
density_min = 1.21523989e+00

success = 1
