# Result for min over (Cvac,alpha) at 
kT = 5.9000e-01
mu = -1.6339e+00
Ngrid = 122

Cvac_min = 1.58711437e-04
alpha_min = 8.76777241e+02
freeEnergy_min = -1.85633932e-01
density_min = 1.12766870e+00

success = 1
