# Result for min over (Cvac,alpha) at 
kT = 5.3000e-01
mu = -3.0425e+00
Ngrid = 120

Cvac_min = 2.19158626e-05
alpha_min = 1.86963671e+03
freeEnergy_min = 4.46034193e-02
density_min = 1.18515921e+00

success = 1
