# Result for min over (Cvac,alpha) at 
kT = 1.4400e+00
mu = 8.6474e+00
Ngrid = 122

Cvac_min = 2.46909053e-04
alpha_min = 3.87390350e+02
freeEnergy_min = -6.51399308e+00
density_min = 1.12756923e+00

success = 1
