# Result for min over (Cvac,alpha) at 
kT = 5.8000e-01
mu = -1.7808e+00
Ngrid = 120

Cvac_min = 4.40058638e-05
alpha_min = 1.71070231e+03
freeEnergy_min = -3.71943659e-01
density_min = 1.18513303e+00

success = 1
