# Result for min over (Cvac,alpha) at 
kT = 5.6000e-01
mu = -2.1423e+00
Ngrid = 122

Cvac_min = 9.52242506e-05
alpha_min = 9.19136904e+02
freeEnergy_min = -1.34197786e-01
density_min = 1.12774031e+00

success = 1
