# Result for min over (Cvac,alpha) at 
kT = 5.5000e-01
mu = -2.6625e+00
Ngrid = 122

Cvac_min = 1.12444831e-04
alpha_min = 9.34148986e+02
freeEnergy_min = 2.64829584e-01
density_min = 1.12772088e+00

success = 1
