# Result for min over (Cvac,alpha) at 
kT = 8.8000e-01
mu = 3.5769e+00
Ngrid = 120

Cvac_min = 2.22342013e-04
alpha_min = 1.13407441e+03
freeEnergy_min = -2.97674552e+00
density_min = 1.18492167e+00

success = 1
