# Result for min over (Cvac,alpha) at 
kT = 1.0200e+00
mu = 5.5250e+00
Ngrid = 122

Cvac_min = 2.87817165e-04
alpha_min = 5.33118683e+02
freeEnergy_min = -4.36203395e+00
density_min = 1.12752309e+00

success = 1
