# Result for min over (Cvac,alpha) at 
kT = 1.1200e+00
mu = 6.7281e+00
Ngrid = 121

Cvac_min = 1.62881002e-04
alpha_min = 6.55772431e+02
freeEnergy_min = -5.33790984e+00
density_min = 1.15585431e+00

success = 1
