# Result for min over (Cvac,alpha) at 
kT = 6.0000e-01
mu = -1.5876e+00
Ngrid = 121

Cvac_min = 9.94671194e-05
alpha_min = 1.17247671e+03
freeEnergy_min = -2.71533337e-01
density_min = 1.15592762e+00

success = 1
