# Result for min over (Cvac,alpha) at 
kT = 3.4000e-01
mu = -1.0015e+01
Ngrid = 121

Cvac_min = 1.18340938e-07
alpha_min = 1.97749931e+03
freeEnergy_min = 1.23437566e+00
density_min = 1.15604247e+00

success = 1
