# Result for min over (Cvac,alpha) at 
kT = 5.0500e-01
mu = -3.6041e+00
Ngrid = 122

Cvac_min = 4.67159348e-05
alpha_min = 1.00894026e+03
freeEnergy_min = 3.83213842e-01
density_min = 1.12779502e+00

success = 1
