# Result for min over (Cvac,alpha) at 
kT = 1.0200e+00
mu = 5.7250e+00
Ngrid = 121

Cvac_min = 1.68528291e-04
alpha_min = 7.16078220e+02
freeEnergy_min = -4.65596194e+00
density_min = 1.15584778e+00

success = 1
