# Result for min over (Cvac,alpha) at 
kT = 7.4000e-01
mu = 1.2692e+00
Ngrid = 122

Cvac_min = 3.83329703e-04
alpha_min = 7.14210449e+02
freeEnergy_min = -1.52969745e+00
density_min = 1.12741537e+00

success = 1
