# Result for min over (Cvac,alpha) at 
kT = 3.8000e-01
mu = -7.0710e+00
Ngrid = 122

Cvac_min = 1.25506240e-06
alpha_min = 1.28160498e+03
freeEnergy_min = 4.07279043e-01
density_min = 1.12784629e+00

success = 1
