# Result for min over (Cvac,alpha) at 
kT = 5.9500e-01
mu = -1.4942e+00
Ngrid = 122

Cvac_min = 1.61711134e-04
alpha_min = 8.70161133e+02
freeEnergy_min = -2.61622654e-01
density_min = 1.12766532e+00

success = 1
