# Result for min over (Cvac,alpha) at 
kT = 5.7500e-01
mu = -1.9767e+00
Ngrid = 122

Cvac_min = 1.35956677e-04
alpha_min = 8.97425736e+02
freeEnergy_min = -5.26796401e-02
density_min = 1.12769437e+00

success = 1
