# Result for min over (Cvac,alpha) at 
kT = 6.0000e-01
mu = -1.3395e+00
Ngrid = 121

Cvac_min = 7.68608198e-05
alpha_min = 1.17250241e+03
freeEnergy_min = -5.58286167e-01
density_min = 1.15595375e+00

success = 1
