# Result for min over (Cvac,alpha) at 
kT = 5.1000e-01
mu = -3.4424e+00
Ngrid = 121

Cvac_min = 1.95606853e-03
alpha_min = 1.32445938e+03
freeEnergy_min = 3.25142117e-02
density_min = 1.15378131e+00

success = 1
