# Result for min over (Cvac,alpha) at 
kT = 5.4000e-01
mu = -2.7789e+00
Ngrid = 122

Cvac_min = 8.65142861e-05
alpha_min = 9.49779757e+02
freeEnergy_min = 2.00954720e-01
density_min = 1.12775013e+00

success = 1
