# Result for min over (Cvac,alpha) at 
kT = 1.0200e+00
mu = 5.3250e+00
Ngrid = 120

Cvac_min = 2.34706990e-04
alpha_min = 9.80107396e+02
freeEnergy_min = -4.11668799e+00
density_min = 1.18490701e+00

success = 1
