# Result for min over (Cvac,alpha) at 
kT = 4.2000e-01
mu = -5.7509e+00
Ngrid = 119

Cvac_min = 1.22679434e-06
alpha_min = 3.92850772e+03
freeEnergy_min = 4.29290490e-01
density_min = 1.21531410e+00

success = 1
