# Result for min over (Cvac,alpha) at 
kT = 8.4000e-01
mu = 2.9843e+00
Ngrid = 122

Cvac_min = 3.94430636e-04
alpha_min = 6.36529339e+02
freeEnergy_min = -2.59194141e+00
density_min = 1.12740285e+00

success = 1
