# Result for min over (Cvac,alpha) at 
kT = 7.8000e-01
mu = 1.9991e+00
Ngrid = 121

Cvac_min = 2.35968354e-04
alpha_min = 9.19654287e+02
freeEnergy_min = -2.08120644e+00
density_min = 1.15576982e+00

success = 1
