# Result for min over (Cvac,alpha) at 
kT = 6.0000e-01
mu = -1.1876e+00
Ngrid = 121

Cvac_min = 6.57528274e-05
alpha_min = 1.17252152e+03
freeEnergy_min = -7.33912727e-01
density_min = 1.15596660e+00

success = 1
