# Result for min over (Cvac,alpha) at 
kT = 5.1500e-01
mu = -3.3951e+00
Ngrid = 119

Cvac_min = 2.15560701e-05
alpha_min = 3.07536798e+03
freeEnergy_min = 5.82597277e-01
density_min = 1.21528939e+00

success = 1
