# Result for min over (Cvac,alpha) at 
kT = 6.4000e-01
mu = -8.3249e-01
Ngrid = 122

Cvac_min = 3.11519893e-04
alpha_min = 8.14542759e+02
freeEnergy_min = -3.36401747e-01
density_min = 1.12749636e+00

success = 1
