# Result for min over (Cvac,alpha) at 
kT = 5.4000e-01
mu = -3.0004e+00
Ngrid = 120

Cvac_min = 3.21788053e-05
alpha_min = 1.83549934e+03
freeEnergy_min = 2.27621020e-01
density_min = 1.18514705e+00

success = 1
