# Result for min over (Cvac,alpha) at 
kT = 5.8500e-01
mu = -1.7070e+00
Ngrid = 122

Cvac_min = 1.44886488e-04
alpha_min = 8.83548060e+02
freeEnergy_min = -1.86076046e-01
density_min = 1.12768430e+00

success = 1
