# Result for min over (Cvac,alpha) at 
kT = 6.0000e-01
mu = -1.4234e+00
Ngrid = 122

Cvac_min = 1.75977464e-04
alpha_min = 8.63590007e+02
freeEnergy_min = -2.61480409e-01
density_min = 1.12764923e+00

success = 1
