# Result for min over (Cvac,alpha) at 
kT = 1.5000e+00
mu = 8.9761e+00
Ngrid = 121

Cvac_min = 2.02353961e-04
alpha_min = 4.96748056e+02
freeEnergy_min = -6.78207267e+00
density_min = 1.15580868e+00

success = 1
