# Result for min over (Cvac,alpha) at 
kT = 5.9000e-01
mu = -1.5839e+00
Ngrid = 121

Cvac_min = 7.07350142e-05
alpha_min = 1.19084024e+03
freeEnergy_min = -4.51451259e-01
density_min = 1.15596084e+00

success = 1
