# Result for min over (Cvac,alpha) at 
kT = 3.6000e-01
mu = -8.7295e+00
Ngrid = 121

Cvac_min = 2.32507527e-07
alpha_min = 1.87619343e+03
freeEnergy_min = 8.30317431e-01
density_min = 1.15604234e+00

success = 1
