# Result for min over (Cvac,alpha) at 
kT = 5.1500e-01
mu = -3.4451e+00
Ngrid = 120

Cvac_min = 1.68819874e-05
alpha_min = 1.92330010e+03
freeEnergy_min = 1.54220991e-01
density_min = 1.18516518e+00

success = 1
