# Result for min over (Cvac,alpha) at 
kT = 4.0000e-01
mu = -7.1157e+00
Ngrid = 119

Cvac_min = 1.70959542e-06
alpha_min = 4.17080975e+03
freeEnergy_min = 1.25926012e+00
density_min = 1.21531351e+00

success = 1
