# Result for min over (Cvac,alpha) at 
kT = 1.4400e+00
mu = 8.6474e+00
Ngrid = 120

Cvac_min = 2.12082628e-04
alpha_min = 6.95931539e+02
freeEnergy_min = -6.46872530e+00
density_min = 1.18493383e+00

success = 1
