# Result for min over (Cvac,alpha) at 
kT = 6.2000e-01
mu = -1.1031e+00
Ngrid = 121

Cvac_min = 1.14266565e-04
alpha_min = 1.13752630e+03
freeEnergy_min = -4.98712189e-01
density_min = 1.15591051e+00

success = 1
