# Result for min over (Cvac,alpha) at 
kT = 5.7500e-01
mu = -2.0048e+00
Ngrid = 120

Cvac_min = 4.60722831e-05
alpha_min = 1.72535717e+03
freeEnergy_min = -2.05288616e-01
density_min = 1.18513058e+00

success = 1
