# Result for min over (Cvac,alpha) at 
kT = 6.0000e-01
mu = -1.3876e+00
Ngrid = 121

Cvac_min = 8.06998421e-05
alpha_min = 1.17250650e+03
freeEnergy_min = -5.02721108e-01
density_min = 1.15594932e+00

success = 1
