# Result for min over (Cvac,alpha) at 
kT = 6.2000e-01
mu = -1.3031e+00
Ngrid = 121

Cvac_min = 1.40602684e-04
alpha_min = 1.13749190e+03
freeEnergy_min = -2.67533040e-01
density_min = 1.15588007e+00

success = 1
