# Result for min over (Cvac,alpha) at 
kT = 5.4500e-01
mu = -2.6220e+00
Ngrid = 120

Cvac_min = 2.69185995e-05
alpha_min = 1.81889813e+03
freeEnergy_min = -1.07828010e-01
density_min = 1.18515328e+00

success = 1
