# Result for min over (Cvac,alpha) at 
kT = 4.2000e-01
mu = -5.9509e+00
Ngrid = 121

Cvac_min = 1.65558624e-06
alpha_min = 1.62823311e+03
freeEnergy_min = 2.20084076e-01
density_min = 1.15604069e+00

success = 1
