# Result for min over (Cvac,alpha) at 
kT = 5.2000e-01
mu = -3.2600e+00
Ngrid = 121

Cvac_min = 2.58477354e-05
alpha_min = 1.33781715e+03
freeEnergy_min = 5.23352600e-02
density_min = 1.15601273e+00

success = 1
