# Result for min over (Cvac,alpha) at 
kT = 7.6000e-01
mu = 1.6424e+00
Ngrid = 121

Cvac_min = 2.29598627e-04
alpha_min = 9.42060425e+02
freeEnergy_min = -1.86901887e+00
density_min = 1.15577718e+00

success = 1
