# Result for min over (Cvac,alpha) at 
kT = 5.8500e-01
mu = -1.7570e+00
Ngrid = 121

Cvac_min = 7.09096188e-05
alpha_min = 1.20021939e+03
freeEnergy_min = -3.41475491e-01
density_min = 1.15596063e+00

success = 1
