# Result for min over (Cvac,alpha) at 
kT = 5.9000e-01
mu = -1.6156e+00
Ngrid = 122

Cvac_min = 1.55602511e-04
alpha_min = 8.76800114e+02
freeEnergy_min = -2.06194582e-01
density_min = 1.12767221e+00

success = 1
