# Result for min over (Cvac,alpha) at 
kT = 5.9500e-01
mu = -1.5113e+00
Ngrid = 121

Cvac_min = 7.75823676e-05
alpha_min = 1.18161391e+03
freeEnergy_min = -4.46712655e-01
density_min = 1.15595292e+00

success = 1
