# Result for min over (Cvac,alpha) at 
kT = 5.0000e-01
mu = -3.6000e+00
Ngrid = 119

Cvac_min = 1.31434642e-05
alpha_min = 3.18485280e+03
freeEnergy_min = 4.35885499e-01
density_min = 1.21529961e+00

success = 1
