# Result for min over (Cvac,alpha) at 
kT = 1.1200e+00
mu = 6.3281e+00
Ngrid = 120

Cvac_min = 2.33881996e-04
alpha_min = 8.93435939e+02
freeEnergy_min = -4.80029555e+00
density_min = 1.18490799e+00

success = 1
