# Result for min over (Cvac,alpha) at 
kT = 4.8000e-01
mu = -4.5701e+00
Ngrid = 122

Cvac_min = 3.87798834e-05
alpha_min = 1.05620961e+03
freeEnergy_min = 8.66425147e-01
density_min = 1.12780397e+00

success = 1
