# Result for min over (Cvac,alpha) at 
kT = 6.0000e-01
mu = -1.1876e+00
Ngrid = 122

Cvac_min = 1.37541093e-04
alpha_min = 8.63624836e+02
freeEnergy_min = -5.27390322e-01
density_min = 1.12769258e+00

success = 1
