# Result for min over (Cvac,alpha) at 
kT = 5.7000e-01
mu = -1.9998e+00
Ngrid = 121

Cvac_min = 1.82618010e-03
alpha_min = 1.22108694e+03
freeEnergy_min = -3.36457471e-01
density_min = 1.15393147e+00

success = 1
