# Result for min over (Cvac,alpha) at 
kT = 5.6000e-01
mu = -2.2951e+00
Ngrid = 122

Cvac_min = 1.11712494e-04
alpha_min = 9.19111690e+02
freeEnergy_min = 3.80922438e-02
density_min = 1.12772171e+00

success = 1
