# Result for min over (Cvac,alpha) at 
kT = 5.3000e-01
mu = -3.0100e+00
Ngrid = 122

Cvac_min = 7.17168227e-05
alpha_min = 9.65995349e+02
freeEnergy_min = 2.58521599e-01
density_min = 1.12776682e+00

success = 1
