# Result for min over (Cvac,alpha) at 
kT = 5.8000e-01
mu = -1.8308e+00
Ngrid = 121

Cvac_min = 6.41899862e-05
alpha_min = 1.20977383e+03
freeEnergy_min = -3.48180642e-01
density_min = 1.15596840e+00

success = 1
