# Result for min over (Cvac,alpha) at 
kT = 8.4000e-01
mu = 3.3843e+00
Ngrid = 122

Cvac_min = 2.60081047e-04
alpha_min = 6.36648383e+02
freeEnergy_min = -3.04293521e+00
density_min = 1.12755437e+00

success = 1
