# Result for min over (Cvac,alpha) at 
kT = 5.9000e-01
mu = -1.5339e+00
Ngrid = 120

Cvac_min = 4.88403185e-05
alpha_min = 1.68214323e+03
freeEnergy_min = -4.72252703e-01
density_min = 1.18512730e+00

success = 1
