# Result for min over (Cvac,alpha) at 
kT = 6.0000e-01
mu = -1.2734e+00
Ngrid = 121

Cvac_min = 7.20088344e-05
alpha_min = 1.17251259e+03
freeEnergy_min = -6.34726078e-01
density_min = 1.15595936e+00

success = 1
