# Result for min over (Cvac,alpha) at 
kT = 4.4000e-01
mu = -5.1053e+00
Ngrid = 122

Cvac_min = 7.66019565e-06
alpha_min = 1.14242626e+03
freeEnergy_min = 3.46900653e-01
density_min = 1.12783907e+00

success = 1
