# Result for min over (Cvac,alpha) at 
kT = 4.6000e-01
mu = -4.6386e+00
Ngrid = 119

Cvac_min = 4.58826746e-06
alpha_min = 3.51837134e+03
freeEnergy_min = 5.08153176e-01
density_min = 1.21531001e+00

success = 1
