# Result for min over (Cvac,alpha) at 
kT = 8.4000e-01
mu = 3.3839e+00
Ngrid = 120

Cvac_min = 1.41680737e-04
alpha_min = 1.18746382e+03
freeEnergy_min = -3.07907684e+00
density_min = 1.18501727e+00

success = 1
