# Result for min over (Cvac,alpha) at 
kT = 5.0000e-01
mu = -3.6500e+00
Ngrid = 121

Cvac_min = 1.53067618e-05
alpha_min = 1.38699739e+03
freeEnergy_min = 1.42659823e-02
density_min = 1.15602491e+00

success = 1
