# Result for min over (Cvac,alpha) at 
kT = 5.6000e-01
mu = -2.5423e+00
Ngrid = 121

Cvac_min = 1.85638933e-03
alpha_min = 1.24515455e+03
freeEnergy_min = 9.40745486e-02
density_min = 1.15389654e+00

success = 1
