# Result for min over (Cvac,alpha) at 
kT = 6.8000e-01
mu = 2.5922e-01
Ngrid = 121

Cvac_min = 1.52951268e-04
alpha_min = 1.04441262e+03
freeEnergy_min = -1.20133756e+00
density_min = 1.15586579e+00

success = 1
