# Result for min over (Cvac,alpha) at 
kT = 3.4000e-01
mu = -1.0015e+01
Ngrid = 119

Cvac_min = 2.54263368e-05
alpha_min = 5.10477859e+03
freeEnergy_min = 1.68074743e+00
density_min = 1.21528469e+00

success = 1
