# Result for min over (Cvac,alpha) at 
kT = 9.0000e-01
mu = 3.8561e+00
Ngrid = 122

Cvac_min = 3.85550778e-04
alpha_min = 5.97765405e+02
freeEnergy_min = -3.15481074e+00
density_min = 1.12741286e+00

success = 1
