# Result for min over (Cvac,alpha) at 
kT = 5.8500e-01
mu = -1.6880e+00
Ngrid = 121

Cvac_min = 6.61913904e-05
alpha_min = 1.20021241e+03
freeEnergy_min = -4.21266786e-01
density_min = 1.15596609e+00

success = 1
