# Result for min over (Cvac,alpha) at 
kT = 1.3000e+00
mu = 8.1668e+00
Ngrid = 120

Cvac_min = 1.47408081e-04
alpha_min = 7.70689987e+02
freeEnergy_min = -6.29385102e+00
density_min = 1.18501048e+00

success = 1
