# Result for min over (Cvac,alpha) at 
kT = 9.0000e-01
mu = 4.2561e+00
Ngrid = 121

Cvac_min = 1.69640648e-04
alpha_min = 8.05038101e+02
freeEnergy_min = -3.69433862e+00
density_min = 1.15584650e+00

success = 1
