# Result for min over (Cvac,alpha) at 
kT = 5.8500e-01
mu = -1.8070e+00
Ngrid = 122

Cvac_min = 1.60200152e-04
alpha_min = 8.83559297e+02
freeEnergy_min = -7.33084880e-02
density_min = 1.12766702e+00

success = 1
