# Result for min over (Cvac,alpha) at 
kT = 1.3200e+00
mu = 7.9036e+00
Ngrid = 122

Cvac_min = 2.72501758e-04
alpha_min = 4.20135643e+02
freeEnergy_min = -5.96129585e+00
density_min = 1.12754036e+00

success = 1
