# Result for min over (Cvac,alpha) at 
kT = 5.4000e-01
mu = -3.2004e+00
Ngrid = 121

Cvac_min = 5.70705795e-05
alpha_min = 1.29208911e+03
freeEnergy_min = 4.33828042e-01
density_min = 1.15597663e+00

success = 1
