# Result for min over (Cvac,alpha) at 
kT = 5.4000e-01
mu = -2.8004e+00
Ngrid = 120

Cvac_min = 2.62757082e-05
alpha_min = 1.83549852e+03
freeEnergy_min = -9.40912559e-03
density_min = 1.18515404e+00

success = 1
