# Result for min over (Cvac,alpha) at 
kT = 3.8000e-01
mu = -7.3698e+00
Ngrid = 119

Cvac_min = 4.03449993e-06
alpha_min = 4.44378266e+03
freeEnergy_min = 6.47675064e-01
density_min = 1.21531068e+00

success = 1
