# Result for min over (Cvac,alpha) at 
kT = 8.0000e-01
mu = 2.3406e+00
Ngrid = 122

Cvac_min = 3.94578274e-04
alpha_min = 6.65446953e+02
freeEnergy_min = -2.18574034e+00
density_min = 1.12740268e+00

success = 1
