# Result for min over (Cvac,alpha) at 
kT = 7.0000e-01
mu = 6.7952e-01
Ngrid = 121

Cvac_min = 1.63191913e-04
alpha_min = 1.01675665e+03
freeEnergy_min = -1.43248319e+00
density_min = 1.15585395e+00

success = 1
