# Result for min over (Cvac,alpha) at 
kT = 9.6000e-01
mu = 4.8318e+00
Ngrid = 120

Cvac_min = 1.89033939e-04
alpha_min = 1.04071625e+03
freeEnergy_min = -3.89384073e+00
density_min = 1.18496115e+00

success = 1
