# Result for min over (Cvac,alpha) at 
kT = 1.1200e+00
mu = 6.7281e+00
Ngrid = 120

Cvac_min = 1.54359118e-04
alpha_min = 8.93538248e+02
freeEnergy_min = -5.27427887e+00
density_min = 1.18500224e+00

success = 1
