# Result for min over (Cvac,alpha) at 
kT = 8.0000e-01
mu = 2.7412e+00
Ngrid = 122

Cvac_min = 2.59830338e-04
alpha_min = 6.65539262e+02
freeEnergy_min = -2.63743504e+00
density_min = 1.12755466e+00

success = 1
