# Result for min over (Cvac,alpha) at 
kT = 1.1800e+00
mu = 7.2537e+00
Ngrid = 121

Cvac_min = 1.58589011e-04
alpha_min = 6.24274961e+02
freeEnergy_min = -5.70360387e+00
density_min = 1.15585927e+00

success = 1
