# Result for min over (Cvac,alpha) at 
kT = 5.9000e-01
mu = -1.6656e+00
Ngrid = 121

Cvac_min = 7.67414363e-05
alpha_min = 1.19082259e+03
freeEnergy_min = -3.56931913e-01
density_min = 1.15595389e+00

success = 1
