# Result for min over (Cvac,alpha) at 
kT = 5.4500e-01
mu = -2.7720e+00
Ngrid = 122

Cvac_min = 1.04311293e-04
alpha_min = 9.41901611e+02
freeEnergy_min = 2.91725087e-01
density_min = 1.12773006e+00

success = 1
