# Result for min over (Cvac,alpha) at 
kT = 1.3200e+00
mu = 8.1036e+00
Ngrid = 121

Cvac_min = 1.81522849e-04
alpha_min = 5.61268708e+02
freeEnergy_min = -6.22109275e+00
density_min = 1.15583276e+00

success = 1
