# Result for min over (Cvac,alpha) at 
kT = 4.0000e-01
mu = -6.2736e+00
Ngrid = 122

Cvac_min = 1.86374913e-06
alpha_min = 1.24503384e+03
freeEnergy_min = 3.02344280e-01
density_min = 1.12784560e+00

success = 1
