# Result for min over (Cvac,alpha) at 
kT = 8.6000e-01
mu = 3.2863e+00
Ngrid = 120

Cvac_min = 2.18184844e-04
alpha_min = 1.16009991e+03
freeEnergy_min = -2.79367276e+00
density_min = 1.18492660e+00

success = 1
