# Result for min over (Cvac,alpha) at 
kT = 5.6000e-01
mu = -2.3712e+00
Ngrid = 121

Cvac_min = 5.37187169e-05
alpha_min = 1.24950305e+03
freeEnergy_min = -1.08787899e-01
density_min = 1.15598051e+00

success = 1
