# Result for min over (Cvac,alpha) at 
kT = 5.6000e-01
mu = -2.2755e+00
Ngrid = 120

Cvac_min = 3.43815257e-05
alpha_min = 1.77088937e+03
freeEnergy_min = -1.92371989e-01
density_min = 1.18514444e+00

success = 1
