# Result for min over (Cvac,alpha) at 
kT = 9.6000e-01
mu = 4.8318e+00
Ngrid = 122

Cvac_min = 3.02027585e-04
alpha_min = 5.63566284e+02
freeEnergy_min = -3.89362444e+00
density_min = 1.12750706e+00

success = 1
