# Result for min over (Cvac,alpha) at 
kT = 5.1500e-01
mu = -3.3323e+00
Ngrid = 122

Cvac_min = 5.47253167e-05
alpha_min = 9.91280581e+02
freeEnergy_min = 3.01648127e-01
density_min = 1.12778598e+00

success = 1
