# Result for min over (Cvac,alpha) at 
kT = 8.6000e-01
mu = 3.6863e+00
Ngrid = 120

Cvac_min = 1.44983782e-04
alpha_min = 1.16022012e+03
freeEnergy_min = -3.26766197e+00
density_min = 1.18501335e+00

success = 1
