# Result for min over (Cvac,alpha) at 
kT = 5.4500e-01
mu = -2.6431e+00
Ngrid = 122

Cvac_min = 9.12905233e-05
alpha_min = 9.41925978e+02
freeEnergy_min = 1.46344333e-01
density_min = 1.12774474e+00

success = 1
