# Result for min over (Cvac,alpha) at 
kT = 5.7000e-01
mu = -2.1498e+00
Ngrid = 121

Cvac_min = 1.82618010e-03
alpha_min = 1.22108694e+03
freeEnergy_min = -1.63367751e-01
density_min = 1.15393147e+00

success = 1
