# Result for min over (Cvac,alpha) at 
kT = 7.4000e-01
mu = 1.4706e+00
Ngrid = 121

Cvac_min = 1.80093393e-04
alpha_min = 9.65746961e+02
freeEnergy_min = -1.88250223e+00
density_min = 1.15583441e+00

success = 1
