# Result for min over (Cvac,alpha) at 
kT = 4.2000e-01
mu = -5.9556e+00
Ngrid = 122

Cvac_min = 5.31676357e-06
alpha_min = 1.19138960e+03
freeEnergy_min = 6.59012878e-01
density_min = 1.12784171e+00

success = 1
