# Result for min over (Cvac,alpha) at 
kT = 7.0000e-01
mu = 8.7952e-01
Ngrid = 121

Cvac_min = 1.32901395e-04
alpha_min = 1.01683532e+03
freeEnergy_min = -1.66365765e+00
density_min = 1.15588897e+00

success = 1
