# Result for min over (Cvac,alpha) at 
kT = 4.6000e-01
mu = -5.2386e+00
Ngrid = 121

Cvac_min = 9.67201648e-06
alpha_min = 1.49756973e+03
freeEnergy_min = 7.36570508e-01
density_min = 1.15603143e+00

success = 1
