# Result for min over (Cvac,alpha) at 
kT = 7.6000e-01
mu = 1.8424e+00
Ngrid = 122

Cvac_min = 3.15803982e-04
alpha_min = 6.97219844e+02
freeEnergy_min = -1.98124694e+00
density_min = 1.12749153e+00

success = 1
