# Result for min over (Cvac,alpha) at 
kT = 3.6000e-01
mu = -9.1295e+00
Ngrid = 120

Cvac_min = 1.87387202e-07
alpha_min = 2.73865215e+03
freeEnergy_min = 1.16618607e+00
density_min = 1.18518496e+00

success = 1
