# Result for min over (Cvac,alpha) at 
kT = 8.6000e-01
mu = 3.2863e+00
Ngrid = 122

Cvac_min = 3.90967021e-04
alpha_min = 6.23030176e+02
freeEnergy_min = -2.78510839e+00
density_min = 1.12740675e+00

success = 1
