# Result for min over (Cvac,alpha) at 
kT = 5.8000e-01
mu = -1.9021e+00
Ngrid = 120

Cvac_min = 4.99631240e-05
alpha_min = 1.71068827e+03
freeEnergy_min = -2.28073697e-01
density_min = 1.18512597e+00

success = 1
