# Result for min over (Cvac,alpha) at 
kT = 5.0000e-01
mu = -3.7504e+00
Ngrid = 120

Cvac_min = 1.12876760e-05
alpha_min = 1.98016255e+03
freeEnergy_min = 1.25099161e-01
density_min = 1.18517181e+00

success = 1
