# Result for min over (Cvac,alpha) at 
kT = 5.4000e-01
mu = -2.8004e+00
Ngrid = 122

Cvac_min = 8.81534533e-05
alpha_min = 9.49770051e+02
freeEnergy_min = 2.25245288e-01
density_min = 1.12774828e+00

success = 1
