# Result for min over (Cvac,alpha) at 
kT = 5.4000e-01
mu = -2.7662e+00
Ngrid = 122

Cvac_min = 8.51949173e-05
alpha_min = 9.49776174e+02
freeEnergy_min = 1.86636255e-01
density_min = 1.12775162e+00

success = 1
