# Result for min over (Cvac,alpha) at 
kT = 8.6000e-01
mu = 3.6863e+00
Ngrid = 122

Cvac_min = 2.58008344e-04
alpha_min = 6.23163530e+02
freeEnergy_min = -3.23610289e+00
density_min = 1.12755671e+00

success = 1
