# Result for min over (Cvac,alpha) at 
kT = 5.8000e-01
mu = -2.1021e+00
Ngrid = 120

Cvac_min = 6.09890272e-05
alpha_min = 1.71064978e+03
freeEnergy_min = 8.95023402e-03
density_min = 1.18511290e+00

success = 1
