# Result for min over (Cvac,alpha) at 
kT = 6.2000e-01
mu = -1.1182e+00
Ngrid = 122

Cvac_min = 2.35713029e-04
alpha_min = 8.38348431e+02
freeEnergy_min = -2.99514522e-01
density_min = 1.12758186e+00

success = 1
