# Result for min over (Cvac,alpha) at 
kT = 7.6000e-01
mu = 2.0424e+00
Ngrid = 122

Cvac_min = 2.56358707e-04
alpha_min = 6.97263138e+02
freeEnergy_min = -2.20675209e+00
density_min = 1.12755857e+00

success = 1
