# Result for min over (Cvac,alpha) at 
kT = 4.4000e-01
mu = -5.8622e+00
Ngrid = 119

Cvac_min = 4.76238722e-06
alpha_min = 3.71232619e+03
freeEnergy_min = 1.31417175e+00
density_min = 1.21530980e+00

success = 1
