# Result for min over (Cvac,alpha) at 
kT = 5.7500e-01
mu = -1.9548e+00
Ngrid = 120

Cvac_min = 4.37858948e-05
alpha_min = 1.72533791e+03
freeEnergy_min = -2.64545212e-01
density_min = 1.18513329e+00

success = 1
