# Result for min over (Cvac,alpha) at 
kT = 8.2000e-01
mu = 2.6689e+00
Ngrid = 122

Cvac_min = 3.94670773e-04
alpha_min = 6.50612040e+02
freeEnergy_min = -2.39171305e+00
density_min = 1.12740258e+00

success = 1
