# Result for min over (Cvac,alpha) at 
kT = 1.2000e+00
mu = 7.0179e+00
Ngrid = 122

Cvac_min = 3.04253442e-04
alpha_min = 4.58970495e+02
freeEnergy_min = -5.31932149e+00
density_min = 1.12750455e+00

success = 1
