# Result for min over (Cvac,alpha) at 
kT = 6.8000e-01
mu = 6.5922e-01
Ngrid = 121

Cvac_min = 1.01041009e-04
alpha_min = 1.04452065e+03
freeEnergy_min = -1.66369668e+00
density_min = 1.15592580e+00

success = 1
