# Result for min over (Cvac,alpha) at 
kT = 5.5500e-01
mu = -2.4658e+00
Ngrid = 122

Cvac_min = 1.10899131e-04
alpha_min = 9.26576716e+02
freeEnergy_min = 1.37667245e-01
density_min = 1.12772263e+00

success = 1
