# Result for min over (Cvac,alpha) at 
kT = 1.0000e+00
mu = 5.1023e+00
Ngrid = 122

Cvac_min = 3.61543638e-04
alpha_min = 5.42823873e+02
freeEnergy_min = -3.98507895e+00
density_min = 1.12743994e+00

success = 1
