# Result for min over (Cvac,alpha) at 
kT = 3.2000e-01
mu = -1.0452e+01
Ngrid = 121

Cvac_min = 1.97154827e-08
alpha_min = 2.09098824e+03
freeEnergy_min = 5.15912527e-01
density_min = 1.15604259e+00

success = 1
