# Result for min over (Cvac,alpha) at 
kT = 5.9500e-01
mu = -1.4113e+00
Ngrid = 121

Cvac_min = 7.03481690e-05
alpha_min = 1.18161550e+03
freeEnergy_min = -5.62308378e-01
density_min = 1.15596128e+00

success = 1
