# Result for min over (Cvac,alpha) at 
kT = 4.6000e-01
mu = -5.1129e+00
Ngrid = 122

Cvac_min = 2.40760624e-05
alpha_min = 1.09752675e+03
freeEnergy_min = 9.42990031e-01
density_min = 1.12782055e+00

success = 1
