# Result for min over (Cvac,alpha) at 
kT = 5.8000e-01
mu = -1.9308e+00
Ngrid = 120

Cvac_min = 5.14319544e-05
alpha_min = 1.71069211e+03
freeEnergy_min = -1.94174342e-01
density_min = 1.18512423e+00

success = 1
