# Result for min over (Cvac,alpha) at 
kT = 1.4800e+00
mu = 9.2694e+00
Ngrid = 120

Cvac_min = 1.38072912e-04
alpha_min = 6.77236616e+02
freeEnergy_min = -7.10958854e+00
density_min = 1.18502154e+00

success = 1
