# Result for min over (Cvac,alpha) at 
kT = 5.9000e-01
mu = -1.5839e+00
Ngrid = 120

Cvac_min = 5.12816714e-05
alpha_min = 1.68213429e+03
freeEnergy_min = -4.12996415e-01
density_min = 1.18512441e+00

success = 1
