# Result for min over (Cvac,alpha) at 
kT = 5.2500e-01
mu = -3.1163e+00
Ngrid = 122

Cvac_min = 6.69266850e-05
alpha_min = 9.74212193e+02
freeEnergy_min = 2.73816737e-01
density_min = 1.12777222e+00

success = 1
