# Result for min over (Cvac,alpha) at 
kT = 1.3400e+00
mu = 8.0365e+00
Ngrid = 121

Cvac_min = 2.21728471e-04
alpha_min = 5.53249408e+02
freeEnergy_min = -6.08648990e+00
density_min = 1.15578628e+00

success = 1
