# Result for min over (Cvac,alpha) at 
kT = 5.8000e-01
mu = -1.6722e+00
Ngrid = 122

Cvac_min = 1.17863347e-04
alpha_min = 8.90480498e+02
freeEnergy_min = -3.09891068e-01
density_min = 1.12771477e+00

success = 1
