# Result for min over (Cvac,alpha) at 
kT = 5.7500e-01
mu = -1.9548e+00
Ngrid = 121

Cvac_min = 6.09291269e-05
alpha_min = 1.21947097e+03
freeEnergy_min = -2.98435305e-01
density_min = 1.15597217e+00

success = 1
