# Result for min over (Cvac,alpha) at 
kT = 5.0000e-01
mu = -3.5500e+00
Ngrid = 122

Cvac_min = 3.52114314e-05
alpha_min = 1.01805792e+03
freeEnergy_min = 2.06111006e-01
density_min = 1.12780799e+00

success = 1
