# Result for min over (Cvac,alpha) at 
kT = 5.6000e-01
mu = -2.3255e+00
Ngrid = 121

Cvac_min = 5.11707183e-05
alpha_min = 1.24954627e+03
freeEnergy_min = -1.61566202e-01
density_min = 1.15598345e+00

success = 1
