# Result for min over (Cvac,alpha) at 
kT = 5.3000e-01
mu = -3.0600e+00
Ngrid = 121

Cvac_min = 1.93394036e-03
alpha_min = 1.30752678e+03
freeEnergy_min = 5.76050404e-02
density_min = 1.15380689e+00

success = 1
