# Result for min over (Cvac,alpha) at 
kT = 6.2000e-01
mu = -7.0308e-01
Ngrid = 121

Cvac_min = 7.58403362e-05
alpha_min = 1.13759345e+03
freeEnergy_min = -9.61085823e-01
density_min = 1.15595493e+00

success = 1
