# Result for min over (Cvac,alpha) at 
kT = 5.7500e-01
mu = -1.9048e+00
Ngrid = 120

Cvac_min = 4.16987320e-05
alpha_min = 1.72536166e+03
freeEnergy_min = -3.23801940e-01
density_min = 1.18513576e+00

success = 1
