# Result for min over (Cvac,alpha) at 
kT = 4.0000e-01
mu = -7.3157e+00
Ngrid = 119

Cvac_min = 1.82901517e-06
alpha_min = 4.17081508e+03
freeEnergy_min = 1.50232281e+00
density_min = 1.21531336e+00

success = 1
