# Result for min over (Cvac,alpha) at 
kT = 7.4000e-01
mu = 1.4692e+00
Ngrid = 120

Cvac_min = 1.46178257e-04
alpha_min = 1.34548055e+03
freeEnergy_min = -1.81367142e+00
density_min = 1.18501194e+00

success = 1
