# Result for min over (Cvac,alpha) at 
kT = 7.2000e-01
mu = 1.0831e+00
Ngrid = 121

Cvac_min = 1.71436568e-04
alpha_min = 9.90594065e+02
freeEnergy_min = -1.65974028e+00
density_min = 1.15584442e+00

success = 1
