# Result for min over (Cvac,alpha) at 
kT = 6.0000e-01
mu = -1.3876e+00
Ngrid = 122

Cvac_min = 1.69669647e-04
alpha_min = 8.63605159e+02
freeEnergy_min = -3.01855291e-01
density_min = 1.12765634e+00

success = 1
