# Result for min over (Cvac,alpha) at 
kT = 5.2500e-01
mu = -3.1006e+00
Ngrid = 119

Cvac_min = 2.50014923e-05
alpha_min = 3.00639864e+03
freeEnergy_min = 4.75218609e-01
density_min = 1.21528520e+00

success = 1
