# Result for min over (Cvac,alpha) at 
kT = 5.8000e-01
mu = -1.8808e+00
Ngrid = 120

Cvac_min = 4.88889091e-05
alpha_min = 1.71068519e+03
freeEnergy_min = -2.53430636e-01
density_min = 1.18512724e+00

success = 1
