# Result for min over (Cvac,alpha) at 
kT = 9.4000e-01
mu = 4.3830e+00
Ngrid = 120

Cvac_min = 2.29878947e-04
alpha_min = 1.06256574e+03
freeEnergy_min = -3.49433545e+00
density_min = 1.18491274e+00

success = 1
