# Result for min over (Cvac,alpha) at 
kT = 7.4000e-01
mu = 1.6706e+00
Ngrid = 122

Cvac_min = 2.53474747e-04
alpha_min = 7.14335890e+02
freeEnergy_min = -1.98223742e+00
density_min = 1.12756182e+00

success = 1
