# Result for min over (Cvac,alpha) at 
kT = 6.6000e-01
mu = 2.1870e-02
Ngrid = 122

Cvac_min = 2.20041717e-04
alpha_min = 7.92312005e+02
freeEnergy_min = -1.03315946e+00
density_min = 1.12759953e+00

success = 1
