# Result for min over (Cvac,alpha) at 
kT = 5.6500e-01
mu = -2.2526e+00
Ngrid = 121

Cvac_min = 5.74211476e-05
alpha_min = 1.23932779e+03
freeEnergy_min = -1.46711470e-01
density_min = 1.15597623e+00

success = 1
