# Result for min over (Cvac,alpha) at 
kT = 5.8000e-01
mu = -1.8722e+00
Ngrid = 122

Cvac_min = 1.45159414e-04
alpha_min = 8.90425129e+02
freeEnergy_min = -8.43511422e-02
density_min = 1.12768399e+00

success = 1
