# Result for min over (Cvac,alpha) at 
kT = 1.1600e+00
mu = 6.6842e+00
Ngrid = 120

Cvac_min = 2.32325311e-04
alpha_min = 8.62893523e+02
freeEnergy_min = -5.04822728e+00
density_min = 1.18490984e+00

success = 1
