# Result for min over (Cvac,alpha) at 
kT = 5.6000e-01
mu = -2.4255e+00
Ngrid = 121

Cvac_min = 5.65978185e-05
alpha_min = 1.24951722e+03
freeEnergy_min = -4.59681722e-02
density_min = 1.15597718e+00

success = 1
