# Result for min over (Cvac,alpha) at 
kT = 8.4000e-01
mu = 2.9843e+00
Ngrid = 121

Cvac_min = 2.49094047e-04
alpha_min = 8.58395569e+02
freeEnergy_min = -2.68248004e+00
density_min = 1.15575465e+00

success = 1
