# Result for min over (Cvac,alpha) at 
kT = 5.9500e-01
mu = -1.4113e+00
Ngrid = 122

Cvac_min = 1.48105836e-04
alpha_min = 8.70173079e+02
freeEnergy_min = -3.55115827e-01
density_min = 1.12768066e+00

success = 1
