# Result for min over (Cvac,alpha) at 
kT = 5.4000e-01
mu = -2.6992e+00
Ngrid = 122

Cvac_min = 7.95098419e-05
alpha_min = 9.49801248e+02
freeEnergy_min = 1.11081658e-01
density_min = 1.12775803e+00

success = 1
