# Result for min over (Cvac,alpha) at 
kT = 4.2000e-01
mu = -5.7556e+00
Ngrid = 122

Cvac_min = 4.30951341e-06
alpha_min = 1.19138730e+03
freeEnergy_min = 4.33444418e-01
density_min = 1.12784284e+00

success = 1
