# Result for min over (Cvac,alpha) at 
kT = 5.9000e-01
mu = -1.6156e+00
Ngrid = 121

Cvac_min = 7.29793150e-05
alpha_min = 1.19085259e+03
freeEnergy_min = -4.14729715e-01
density_min = 1.15595824e+00

success = 1
