# Result for min over (Cvac,alpha) at 
kT = 1.4000e+00
mu = 8.4131e+00
Ngrid = 121

Cvac_min = 2.14201639e-04
alpha_min = 5.30621446e+02
freeEnergy_min = -6.36259122e+00
density_min = 1.15579498e+00

success = 1
