# Result for min over (Cvac,alpha) at 
kT = 5.9500e-01
mu = -1.4942e+00
Ngrid = 121

Cvac_min = 7.64441099e-05
alpha_min = 1.18159935e+03
freeEnergy_min = -4.66470190e-01
density_min = 1.15595424e+00

success = 1
