# Result for fluid-solid coexistence at 
kT = 8.0000e-01

fluidType = vapour

muCoex = -3.87353770e+00
freeEnergyCoex = -2.42727251e-02
densitySolidCoex = 7.94323712e-01
NgridCoex = 1.37007607e+02
CvacCoex = 2.52838481e-03
alphaCoex = 4.36373780e+01
densityFluidCoex = 2.92213884e-02

success = 1
