# Result for fluid-solid coexistence at 
kT = 4.2000e-01

fluidType = vapour

muCoex = -1.06359526e+01
freeEnergyCoex = -2.40728440e-05
densitySolidCoex = 8.91873760e-01
NgridCoex = 1.31929408e+02
CvacCoex = 4.75524370e-06
alphaCoex = 1.81225156e+02
densityFluidCoex = 2.40953454e-05

success = 1
