# Result for fluid-solid coexistence at 
kT = 7.0000e-01

fluidType = vapour

muCoex = -4.87023054e+00
freeEnergyCoex = -8.14494371e-03
densitySolidCoex = 8.30262125e-01
NgridCoex = 1.35103692e+02
CvacCoex = 2.60412350e-04
alphaCoex = 6.70482070e+01
densityFluidCoex = 8.67568101e-03

success = 1
