# Result for fluid-solid coexistence at 
kT = 4.8000e-01

fluidType = vapour

muCoex = -8.77954730e+00
freeEnergyCoex = -1.54376948e-04
densitySolidCoex = 8.81353806e-01
NgridCoex = 1.32452267e+02
CvacCoex = 3.13994234e-06
alphaCoex = 1.45622602e+02
densityFluidCoex = 1.54640444e-04

success = 1
