# Result for fluid-solid coexistence at 
kT = 7.4000e-01

fluidType = vapour

muCoex = -4.43399680e+00
freeEnergyCoex = -1.29737734e-02
densitySolidCoex = 8.18003415e-01
NgridCoex = 1.35760806e+02
CvacCoex = 5.79765096e-04
alphaCoex = 5.74356399e+01
densityFluidCoex = 1.43103953e-02

success = 1
