# Result for fluid-solid coexistence at 
kT = 5.0000e-01

fluidType = vapour

muCoex = -8.26598807e+00
freeEnergyCoex = -2.58424545e-04
densitySolidCoex = 8.77383073e-01
NgridCoex = 1.32651910e+02
CvacCoex = 2.84026235e-06
alphaCoex = 1.35656221e+02
densityFluidCoex = 2.59122010e-04

success = 1
