# Result for fluid-solid coexistence at 
kT = 6.4000e-01

fluidType = vapour

muCoex = -5.64235762e+00
freeEnergyCoex = -3.65614762e-03
densitySolidCoex = 8.46523085e-01
NgridCoex = 1.34241425e+02
CvacCoex = 7.18287975e-05
alphaCoex = 8.33616399e+01
densityFluidCoex = 3.76895103e-03

success = 1
