# Result for fluid-solid coexistence at 
kT = 6.8000e-01

fluidType = vapour

muCoex = -5.11021755e+00
freeEnergyCoex = -6.33487538e-03
densitySolidCoex = 8.35993249e-01
NgridCoex = 1.34798275e+02
CvacCoex = 1.72835502e-04
alphaCoex = 7.22536421e+01
densityFluidCoex = 6.66015525e-03

success = 1
