# Result for fluid-solid coexistence at 
kT = 7.8000e-01

fluidType = vapour

muCoex = -4.04945827e+00
freeEnergyCoex = -1.98418606e-02
densitySolidCoex = 8.03926198e-01
NgridCoex = 1.36517406e+02
CvacCoex = 1.26558436e-03
alphaCoex = 4.84291257e+01
densityFluidCoex = 2.30503297e-02

success = 1
