# Result for fluid-solid coexistence at 
kT = 4.6000e-01

fluidType = vapour

muCoex = -9.34090150e+00
freeEnergyCoex = -8.78974852e-05
densitySolidCoex = 8.84825416e-01
NgridCoex = 1.32278760e+02
CvacCoex = 3.66586979e-06
alphaCoex = 1.56213433e+02
densityFluidCoex = 8.79720164e-05

success = 1
