# Result for fluid-solid coexistence at 
kT = 7.2000e-01

fluidType = vapour

muCoex = -4.64536051e+00
freeEnergyCoex = -1.03367180e-02
densitySolidCoex = 8.24718687e-01
NgridCoex = 1.35399746e+02
CvacCoex = 3.90350464e-04
alphaCoex = 6.22949279e+01
densityFluidCoex = 1.11853573e-02

success = 1
