# Result for solid computation at 
kT = 7.2000e-01
mu = -4.4702e+00

Ngrid_min = 1.35098583e+02
Cvac_min = 2.97081578e-04
alpha_min = 6.46867564e+01
freeEnergy_min = -1.55237805e-01
density_min = 8.30325475e-01

success = 1
