# Result for solid computation at 
kT = 4.2000e-01
mu = -1.0788e+01

Ngrid_min = 1.32023326e+02
Cvac_min = 4.62169689e-06
alpha_min = 1.78691787e+02
freeEnergy_min = 1.35015987e-01
density_min = 8.89971075e-01

success = 1
