# Result for solid computation at 
kT = 4.2000e-01
mu = -1.1588e+01

Ngrid_min = 1.32513045e+02
Cvac_min = 3.96549782e-06
alpha_min = 1.66797447e+02
freeEnergy_min = 8.43958265e-01
density_min = 8.80142534e-01

success = 1
