# Result for solid computation at 
kT = 7.0000e-01
mu = -5.1102e+00

Ngrid_min = 1.35514708e+02
Cvac_min = 3.80591025e-04
alpha_min = 6.37592294e+01
freeEnergy_min = 1.90545608e-01
density_min = 8.22632628e-01

success = 1
