# Result for solid computation at 
kT = 7.6000e-01
mu = -4.2340e+00

Ngrid_min = 1.36134252e+02
Cvac_min = 8.56071565e-04
alpha_min = 5.28081280e+01
freeEnergy_min = -1.76256608e-02
density_min = 8.11064844e-01

success = 1
