# Result for solid computation at 
kT = 7.4000e-01
mu = -4.2454e+00

Ngrid_min = 1.35367076e+02
Cvac_min = 4.26506747e-04
alpha_min = 6.03132491e+01
freeEnergy_min = -1.68299811e-01
density_min = 8.25286999e-01

success = 1
