# Result for solid computation at 
kT = 4.2000e-01
mu = -1.1388e+01

Ngrid_min = 1.32389836e+02
Cvac_min = 4.14538930e-06
alpha_min = 1.69453828e+02
freeEnergy_min = 6.66774763e-01
density_min = 8.82599323e-01

success = 1
