# Result for solid computation at 
kT = 7.2000e-01
mu = -4.6702e+00

Ngrid_min = 1.35447224e+02
Cvac_min = 4.06408185e-04
alpha_min = 6.19304925e+01
freeEnergy_min = 1.01760410e-02
density_min = 8.23839239e-01

success = 1
