# Result for solid computation at 
kT = 7.0000e-01
mu = -4.9102e+00

Ngrid_min = 1.35172525e+02
Cvac_min = 2.77209650e-04
alpha_min = 6.64779693e+01
freeEnergy_min = 2.50630855e-02
density_min = 8.28979861e-01

success = 1
