# Result for solid computation at 
kT = 4.4000e-01
mu = -1.0236e+01

Ngrid_min = 1.32283383e+02
Cvac_min = 3.89268643e-06
alpha_min = 1.63750326e+02
freeEnergy_min = 2.47280460e-01
density_min = 8.84732314e-01

success = 1
