# Result for solid computation at 
kT = 4.2000e-01
mu = -1.0988e+01

Ngrid_min = 1.32146408e+02
Cvac_min = 4.45681689e-06
alpha_min = 1.75504243e+02
freeEnergy_min = 3.12761256e-01
density_min = 8.87486311e-01

success = 1
