# Result for solid computation at 
kT = 4.4000e-01
mu = -1.0436e+01

Ngrid_min = 1.32409989e+02
Cvac_min = 3.78888654e-06
alpha_min = 1.60801116e+02
freeEnergy_min = 4.23972898e-01
density_min = 8.82196671e-01

success = 1
