# Result for min over (Cvac,alpha) at 
kT = 4.8000e-01
mu = -8.9409e+00
Ngrid = 133

Cvac_min = 2.86574621e-06
alpha_min = 1.35285172e+02
freeEnergy_min = 1.44553358e-01
density_min = 8.70510041e-01

success = 1
