# Result for min over (Cvac,alpha) at 
kT = 6.8000e-01
mu = -5.3670e+00
Ngrid = 133

Cvac_min = 2.24245140e-04
alpha_min = 9.09009144e+01
freeEnergy_min = 2.37987883e-01
density_min = 8.70317327e-01

success = 1
