# Result for min over (Cvac,alpha) at 
kT = 4.0000e-01
mu = -1.0700e+01
Ngrid = 132

Cvac_min = 5.24281153e-06
alpha_min = 1.88953930e+02
freeEnergy_min = -6.11081104e-01
density_min = 8.90442503e-01

success = 1
