# Result for min over (Cvac,alpha) at 
kT = 6.2000e-01
mu = -6.2542e+00
Ngrid = 133

Cvac_min = 6.77166819e-05
alpha_min = 1.01514551e+02
freeEnergy_min = 2.80624835e-01
density_min = 8.70453587e-01

success = 1
