# Result for min over (Cvac,alpha) at 
kT = 5.8000e-01
mu = -6.7648e+00
Ngrid = 133

Cvac_min = 2.06633722e-05
alpha_min = 1.09655315e+02
freeEnergy_min = 1.47709623e-01
density_min = 8.70494548e-01

success = 1
