# Result for min over (Cvac,alpha) at 
kT = 5.6000e-01
mu = -7.1634e+00
Ngrid = 134

Cvac_min = 1.26525400e-05
alpha_min = 1.00403397e+02
freeEnergy_min = 1.73382944e-01
density_min = 8.51157759e-01

success = 1
