# Result for min over (Cvac,alpha) at 
kT = 4.4000e-01
mu = -1.0236e+01
Ngrid = 132

Cvac_min = 4.18278511e-06
alpha_min = 1.70640330e+02
freeEnergy_min = 2.48548360e-01
density_min = 8.90443447e-01

success = 1
