# Result for min over (Cvac,alpha) at 
kT = 4.4000e-01
mu = -9.8360e+00
Ngrid = 131

Cvac_min = 5.60076855e-06
alpha_min = 1.98863090e+02
freeEnergy_min = -9.11109779e-02
density_min = 9.10990049e-01

success = 1
