# Result for min over (Cvac,alpha) at 
kT = 6.8000e-01
mu = -5.1670e+00
Ngrid = 133

Cvac_min = 1.73025364e-04
alpha_min = 9.09093966e+01
freeEnergy_min = 6.39197893e-02
density_min = 8.70361915e-01

success = 1
