# Result for min over (Cvac,alpha) at 
kT = 5.8000e-01
mu = -6.9648e+00
Ngrid = 133

Cvac_min = 2.70628633e-05
alpha_min = 1.09654629e+02
freeEnergy_min = 3.21807990e-01
density_min = 8.70488977e-01

success = 1
