# Result for min over (Cvac,alpha) at 
kT = 6.0000e-01
mu = -6.1961e+00
Ngrid = 133

Cvac_min = 2.53376137e-05
alpha_min = 1.05466780e+02
freeEnergy_min = -4.82666971e-02
density_min = 8.70490479e-01

success = 1
