# Result for min over (Cvac,alpha) at 
kT = 7.4000e-01
mu = -4.6454e+00
Ngrid = 136

Cvac_min = 8.06043221e-04
alpha_min = 5.57165757e+01
freeEnergy_min = 1.59232831e-01
density_min = 8.13510244e-01

success = 1
