# Result for min over (Cvac,alpha) at 
kT = 8.0000e-01
mu = -4.0495e+00
Ngrid = 139

Cvac_min = 3.95440022e-03
alpha_min = 3.33834413e+01
freeEnergy_min = 1.18999892e-01
density_min = 7.59564699e-01

success = 1
