# Result for min over (Cvac,alpha) at 
kT = 7.6000e-01
mu = -4.0340e+00
Ngrid = 136

Cvac_min = 6.32094851e-04
alpha_min = 5.37371795e+01
freeEnergy_min = -1.80268996e-01
density_min = 8.13651867e-01

success = 1
