# Result for min over (Cvac,alpha) at 
kT = 8.0000e-01
mu = -4.0495e+00
Ngrid = 137

Cvac_min = 2.44637829e-03
alpha_min = 4.36568776e+01
freeEnergy_min = 1.15466744e-01
density_min = 7.94519390e-01

success = 1
