# Result for min over (Cvac,alpha) at 
kT = 6.6000e-01
mu = -5.6424e+00
Ngrid = 134

Cvac_min = 1.59066768e-04
alpha_min = 8.27954721e+01
freeEnergy_min = 2.30910531e-01
density_min = 8.51033135e-01

success = 1
