# Result for min over (Cvac,alpha) at 
kT = 4.0000e-01
mu = -1.1100e+01
Ngrid = 133

Cvac_min = 3.95033631e-06
alpha_min = 1.64225082e+02
freeEnergy_min = -2.23709370e-01
density_min = 8.70509097e-01

success = 1
