# Result for min over (Cvac,alpha) at 
kT = 7.4000e-01
mu = -4.2454e+00
Ngrid = 135

Cvac_min = 4.12681646e-04
alpha_min = 6.31582572e+01
freeEnergy_min = -1.67604882e-01
density_min = 8.32049922e-01

success = 1
