# Result for min over (Cvac,alpha) at 
kT = 4.0000e-01
mu = -1.0900e+01
Ngrid = 130

Cvac_min = 8.91896212e-06
alpha_min = 2.63764580e+02
freeEnergy_min = -3.92964442e-01
density_min = 9.32171932e-01

success = 1
