# Result for min over (Cvac,alpha) at 
kT = 7.8000e-01
mu = -4.0359e+00
Ngrid = 135

Cvac_min = 1.02765475e-03
alpha_min = 5.87057171e+01
freeEnergy_min = -2.22630260e-02
density_min = 8.31538023e-01

success = 1
