# Result for min over (Cvac,alpha) at 
kT = 6.8000e-01
mu = -5.3670e+00
Ngrid = 136

Cvac_min = 2.80114655e-04
alpha_min = 6.24279524e+01
freeEnergy_min = 2.10613907e-01
density_min = 8.13938437e-01

success = 1
