# Result for min over (Cvac,alpha) at 
kT = 4.0000e-01
mu = -1.0900e+01
Ngrid = 131

Cvac_min = 6.94901943e-06
alpha_min = 2.20719722e+02
freeEnergy_min = -4.34455164e-01
density_min = 9.10988820e-01

success = 1
