# Result for min over (Cvac,alpha) at 
kT = 6.0000e-01
mu = -6.1961e+00
Ngrid = 135

Cvac_min = 2.64899461e-05
alpha_min = 8.20822278e+01
freeEnergy_min = -3.81707967e-02
density_min = 8.32371386e-01

success = 1
