# Result for min over (Cvac,alpha) at 
kT = 6.6000e-01
mu = -5.4424e+00
Ngrid = 135

Cvac_min = 1.29584577e-04
alpha_min = 7.31491224e+01
freeEnergy_min = 5.94259323e-02
density_min = 8.32285571e-01

success = 1
