# Result for min over (Cvac,alpha) at 
kT = 4.4000e-01
mu = -9.8360e+00
Ngrid = 132

Cvac_min = 4.21468993e-06
alpha_min = 1.70667509e+02
freeEnergy_min = -1.07628946e-01
density_min = 8.90443418e-01

success = 1
