# Result for min over (Cvac,alpha) at 
kT = 7.6000e-01
mu = -4.0340e+00
Ngrid = 138

Cvac_min = 8.71029857e-04
alpha_min = 4.18872496e+01
freeEnergy_min = -1.61612381e-01
density_min = 7.78599723e-01

success = 1
