# Result for min over (Cvac,alpha) at 
kT = 7.8000e-01
mu = -3.8359e+00
Ngrid = 137

Cvac_min = 9.99765313e-04
alpha_min = 4.56406669e+01
freeEnergy_min = -1.88838074e-01
density_min = 7.95671571e-01

success = 1
