# Result for min over (Cvac,alpha) at 
kT = 7.6000e-01
mu = -4.2340e+00
Ngrid = 136

Cvac_min = 8.40515834e-04
alpha_min = 5.37039685e+01
freeEnergy_min = -1.75546546e-02
density_min = 8.13482177e-01

success = 1
