# Result for min over (Cvac,alpha) at 
kT = 7.2000e-01
mu = -4.8702e+00
Ngrid = 134

Cvac_min = 4.73258786e-04
alpha_min = 7.42629086e+01
freeEnergy_min = 1.91432037e-01
density_min = 8.50765705e-01

success = 1
