# Result for min over (Cvac,alpha) at 
kT = 7.2000e-01
mu = -4.8702e+00
Ngrid = 136

Cvac_min = 5.73329343e-04
alpha_min = 5.78658817e+01
freeEnergy_min = 1.74546280e-01
density_min = 8.13699712e-01

success = 1
