# Result for min over (Cvac,alpha) at 
kT = 5.0000e-01
mu = -8.1795e+00
Ngrid = 133

Cvac_min = 2.60457488e-06
alpha_min = 1.29409117e+02
freeEnergy_min = -7.41231730e-02
density_min = 8.70510268e-01

success = 1
