# Result for min over (Cvac,alpha) at 
kT = 7.0000e-01
mu = -5.1102e+00
Ngrid = 135

Cvac_min = 3.61252075e-04
alpha_min = 6.79008516e+01
freeEnergy_min = 1.91649523e-01
density_min = 8.32092732e-01

success = 1
