# Result for min over (Cvac,alpha) at 
kT = 4.6000e-01
mu = -9.9570e+00
Ngrid = 133

Cvac_min = 3.13261423e-06
alpha_min = 1.41634903e+02
freeEnergy_min = 5.44093979e-01
density_min = 8.70509809e-01

success = 1
