# Result for min over (Cvac,alpha) at 
kT = 7.4000e-01
mu = -4.4454e+00
Ngrid = 135

Cvac_min = 5.44515088e-04
alpha_min = 6.31311502e+01
freeEnergy_min = -1.20530036e-03
density_min = 8.31940185e-01

success = 1
