# Result for min over (Cvac,alpha) at 
kT = 7.6000e-01
mu = -4.4340e+00
Ngrid = 138

Cvac_min = 1.58974972e-03
alpha_min = 4.17656739e+01
freeEnergy_min = 1.49725529e-01
density_min = 7.78039640e-01

success = 1
