# Result for min over (Cvac,alpha) at 
kT = 4.0000e-01
mu = -1.0700e+01
Ngrid = 131

Cvac_min = 6.94330765e-06
alpha_min = 2.20679088e+02
freeEnergy_min = -6.16652848e-01
density_min = 9.10988826e-01

success = 1
