# Result for min over (Cvac,alpha) at 
kT = 4.0000e-01
mu = -1.1300e+01
Ngrid = 130

Cvac_min = 8.91969132e-06
alpha_min = 2.63809639e+02
freeEnergy_min = -2.00956435e-02
density_min = 9.32171931e-01

success = 1
