# Result for min over (Cvac,alpha) at 
kT = 7.2000e-01
mu = -4.6702e+00
Ngrid = 135

Cvac_min = 3.89607428e-04
alpha_min = 6.54735029e+01
freeEnergy_min = 1.12353708e-02
density_min = 8.32069129e-01

success = 1
