# Result for min over (Cvac,alpha) at 
kT = 6.8000e-01
mu = -5.1670e+00
Ngrid = 134

Cvac_min = 1.78351790e-04
alpha_min = 7.98274478e+01
freeEnergy_min = 4.55165666e-02
density_min = 8.51016721e-01

success = 1
