# Result for min over (Cvac,alpha) at 
kT = 4.2000e-01
mu = -1.1588e+01
Ngrid = 134

Cvac_min = 2.96376275e-06
alpha_min = 1.37268666e+02
freeEnergy_min = 8.72695485e-01
density_min = 8.51166005e-01

success = 1
