# Result for min over (Cvac,alpha) at 
kT = 4.2000e-01
mu = -1.0788e+01
Ngrid = 131

Cvac_min = 6.27508517e-06
alpha_min = 2.09414901e+02
freeEnergy_min = 1.52160116e-01
density_min = 9.10989434e-01

success = 1
