# Result for min over (Cvac,alpha) at 
kT = 4.2000e-01
mu = -1.1588e+01
Ngrid = 133

Cvac_min = 3.46793611e-06
alpha_min = 1.56009965e+02
freeEnergy_min = 8.47040223e-01
density_min = 8.70509517e-01

success = 1
