# Result for min over (Cvac,alpha) at 
kT = 6.4000e-01
mu = -5.9372e+00
Ngrid = 134

Cvac_min = 1.06397596e-04
alpha_min = 8.59364237e+01
freeEnergy_min = 2.47791039e-01
density_min = 8.51077966e-01

success = 1
