# Result for min over (Cvac,alpha) at 
kT = 4.6000e-01
mu = -9.1570e+00
Ngrid = 131

Cvac_min = 5.33843590e-06
alpha_min = 1.89500484e+02
freeEnergy_min = -1.42888598e-01
density_min = 9.10990288e-01

success = 1
