# Result for min over (Cvac,alpha) at 
kT = 4.6000e-01
mu = -9.1570e+00
Ngrid = 133

Cvac_min = 3.13587307e-06
alpha_min = 1.41635094e+02
freeEnergy_min = -1.52313866e-01
density_min = 8.70509806e-01

success = 1
