# Result for min over (Cvac,alpha) at 
kT = 4.6000e-01
mu = -9.3570e+00
Ngrid = 132

Cvac_min = 3.94820600e-06
alpha_min = 1.62655601e+02
freeEnergy_min = 1.54097622e-02
density_min = 8.90443656e-01

success = 1
