# Result for min over (Cvac,alpha) at 
kT = 4.4000e-01
mu = -1.0436e+01
Ngrid = 133

Cvac_min = 3.37639214e-06
alpha_min = 1.48513042e+02
freeEnergy_min = 4.29490334e-01
density_min = 8.70509596e-01

success = 1
