# Result for min over (Cvac,alpha) at 
kT = 5.8000e-01
mu = -6.7648e+00
Ngrid = 132

Cvac_min = 2.13144724e-05
alpha_min = 1.25758447e+02
freeEnergy_min = 1.70720599e-01
density_min = 8.90428192e-01

success = 1
