# Result for min over (Cvac,alpha) at 
kT = 4.4000e-01
mu = -1.0236e+01
Ngrid = 131

Cvac_min = 5.60076855e-06
alpha_min = 1.98863090e+02
freeEnergy_min = 2.73285042e-01
density_min = 9.10990049e-01

success = 1
