# Result for min over (Cvac,alpha) at 
kT = 7.0000e-01
mu = -4.7102e+00
Ngrid = 135

Cvac_min = 2.06723106e-04
alpha_min = 6.79267150e+01
freeEnergy_min = -1.41215577e-01
density_min = 8.32221361e-01

success = 1
