# Result for min over (Cvac,alpha) at 
kT = 4.4000e-01
mu = -1.0236e+01
Ngrid = 133

Cvac_min = 3.37924840e-06
alpha_min = 1.48509845e+02
freeEnergy_min = 2.55388418e-01
density_min = 8.70509594e-01

success = 1
