# Result for min over (Cvac,alpha) at 
kT = 5.0000e-01
mu = -8.5795e+00
Ngrid = 134

Cvac_min = 2.40008277e-06
alpha_min = 1.13903484e+02
freeEnergy_min = 2.86860212e-01
density_min = 8.51166485e-01

success = 1
