# Result for min over (Cvac,alpha) at 
kT = 5.6000e-01
mu = -7.3634e+00
Ngrid = 133

Cvac_min = 1.65435924e-05
alpha_min = 1.14111746e+02
freeEnergy_min = 3.46888340e-01
density_min = 8.70498134e-01

success = 1
