# Result for min over (Cvac,alpha) at 
kT = 4.4000e-01
mu = -1.0036e+01
Ngrid = 132

Cvac_min = 4.18052533e-06
alpha_min = 1.70628457e+02
freeEnergy_min = 7.04596691e-02
density_min = 8.90443449e-01

success = 1
