# Result for fluid-solid coexistence at 
kT = 5.8000e-01

fluidType = fluid

muCoex = -1.77449091e+00
freeEnergyCoex = -4.07695749e-01
densitySolidCoex = 1.15789676e+00
NgridCoex = 1.20858868e+02
CvacCoex = 1.89994931e-03
alphaCoex = 1.22814239e+03
densityFluidCoex = 4.80413933e-01

success = 1
