# Result for fluid-solid coexistence at 
kT = 5.7000e-01

fluidType = fluid

muCoex = -2.02011853e+00
freeEnergyCoex = -3.12006230e-01
densitySolidCoex = 1.15767756e+00
NgridCoex = 1.20865566e+02
CvacCoex = 1.92291126e-03
alphaCoex = 1.24454488e+03
densityFluidCoex = 4.48664709e-01

success = 1
