# Result for fluid-solid coexistence at 
kT = 5.3500e-01

fluidType = fluid

muCoex = -2.84368143e+00
freeEnergyCoex = -7.83480765e-02
densitySolidCoex = 1.15699349e+00
NgridCoex = 1.20886577e+02
CvacCoex = 1.99212668e-03
alphaCoex = 1.30273930e+03
densityFluidCoex = 1.21145111e-01

success = 1
