# Result for solid computation at 
kT = 5.7000e-01
mu = -2.0433e+00

Ngrid_min = 1.20867449e+02
Cvac_min = 1.92162325e-03
alpha_min = 1.24419711e+03
freeEnergy_min = -2.85181152e-01
density_min = 1.15762491e+00

success = 1
