# Result for solid computation at 
kT = 5.5500e-01
mu = -2.4594e+00

Ngrid_min = 1.20881003e+02
Cvac_min = 1.94461925e-03
alpha_min = 1.26354125e+03
freeEnergy_min = -1.00107749e-01
density_min = 1.15720862e+00

success = 1
