# Result for solid computation at 
kT = 5.4000e-01
mu = -2.7437e+00

Ngrid_min = 1.20884779e+02
Cvac_min = 1.98153333e-03
alpha_min = 1.29403226e+03
freeEnergy_min = -8.52261583e-02
density_min = 1.15705742e+00

success = 1
