# Result for solid computation at 
kT = 5.1500e-01
mu = -3.2766e+00

Ngrid_min = 1.20896415e+02
Cvac_min = 2.03588396e-03
alpha_min = 1.34008025e+03
freeEnergy_min = -3.52211127e-02
density_min = 1.15666019e+00

success = 1
