# Result for solid computation at 
kT = 5.1500e-01
mu = -3.3766e+00

Ngrid_min = 1.20902591e+02
Cvac_min = 2.03163163e-03
alpha_min = 1.33926939e+03
freeEnergy_min = 8.04362572e-02
density_min = 1.15648771e+00

success = 1
