# Result for solid computation at 
kT = 5.5500e-01
mu = -2.3594e+00

Ngrid_min = 1.20873445e+02
Cvac_min = 1.94975083e-03
alpha_min = 1.26483112e+03
freeEnergy_min = -2.15839174e-01
density_min = 1.15741997e+00

success = 1
