# Result for solid computation at 
kT = 5.8500e-01
mu = -1.7745e+00

Ngrid_min = 1.20869513e+02
Cvac_min = 4.69614946e-04
alpha_min = 1.21874675e+03
freeEnergy_min = -3.19927378e-01
density_min = 1.15924413e+00

success = 1
