# Result for solid computation at 
kT = 5.6000e-01
mu = -2.2886e+00

Ngrid_min = 1.20874055e+02
Cvac_min = 1.93910809e-03
alpha_min = 1.25650294e+03
freeEnergy_min = -1.97059984e-01
density_min = 1.15741473e+00

success = 1
