# Result for solid computation at 
kT = 5.9000e-01
mu = -1.5587e+00

Ngrid_min = 1.20858563e+02
Cvac_min = 4.70979240e-04
alpha_min = 1.21199303e+03
freeEnergy_min = -4.79697072e-01
density_min = 1.15955750e+00

success = 1
