# Result for solid computation at 
kT = 5.5500e-01
mu = -2.5094e+00

Ngrid_min = 1.20884779e+02
Cvac_min = 1.94200434e-03
alpha_min = 1.26290201e+03
freeEnergy_min = -4.22499517e-02
density_min = 1.15710314e+00

success = 1
