# Result for solid computation at 
kT = 5.5000e-01
mu = -2.5769e+00

Ngrid_min = 1.20883838e+02
Cvac_min = 1.95929597e-03
alpha_min = 1.27492641e+03
freeEnergy_min = -6.68058334e-02
density_min = 1.15711017e+00

success = 1
