# Result for solid computation at 
kT = 5.6500e-01
mu = -2.1163e+00

Ngrid_min = 1.20866806e+02
Cvac_min = 1.93382740e-03
alpha_min = 1.25024428e+03
freeEnergy_min = -2.97693782e-01
density_min = 1.15762928e+00

success = 1
