# Result for solid computation at 
kT = 5.3000e-01
mu = -3.0543e+00

Ngrid_min = 1.20895824e+02
Cvac_min = 1.99916481e-03
alpha_min = 1.31243132e+03
freeEnergy_min = 5.43273777e-02
density_min = 1.15671965e+00

success = 1
