# Result for solid computation at 
kT = 5.8000e-01
mu = -1.7471e+00

Ngrid_min = 1.20856536e+02
Cvac_min = 1.90156493e-03
alpha_min = 1.22858884e+03
freeEnergy_min = -4.39416235e-01
density_min = 1.15796197e+00

success = 1
