# Result for solid computation at 
kT = 5.1000e-01
mu = -3.4867e+00

Ngrid_min = 1.20905036e+02
Cvac_min = 2.02981396e-03
alpha_min = 1.33857944e+03
freeEnergy_min = 8.75453353e-02
density_min = 1.15641958e+00

success = 1
