# Result for solid computation at 
kT = 5.1000e-01
mu = -3.3867e+00

Ngrid_min = 1.20899018e+02
Cvac_min = 2.03396597e-03
alpha_min = 1.33937449e+03
freeEnergy_min = -2.81050232e-02
density_min = 1.15658764e+00

success = 1
