# Result for solid computation at 
kT = 5.7000e-01
mu = -1.9933e+00

Ngrid_min = 1.20863386e+02
Cvac_min = 1.92439472e-03
alpha_min = 1.24494714e+03
freeEnergy_min = -3.43065241e-01
density_min = 1.15773854e+00

success = 1
