# Result for solid computation at 
kT = 5.9000e-01
mu = -1.6587e+00

Ngrid_min = 1.20867089e+02
Cvac_min = 4.61300722e-04
alpha_min = 1.21025966e+03
freeEnergy_min = -3.63753024e-01
density_min = 1.15932344e+00

success = 1
