# Result for solid computation at 
kT = 5.2500e-01
mu = -3.1605e+00

Ngrid_min = 1.20897971e+02
Cvac_min = 2.00685375e-03
alpha_min = 1.31954302e+03
freeEnergy_min = 6.39686536e-02
density_min = 1.15664908e+00

success = 1
