# Result for solid computation at 
kT = 5.7500e-01
mu = -1.9701e+00

Ngrid_min = 1.20868259e+02
Cvac_min = 1.90843548e-03
alpha_min = 1.23122668e+03
freeEnergy_min = -2.74664426e-01
density_min = 1.15761685e+00

success = 1
