# Result for solid computation at 
kT = 5.2000e-01
mu = -3.2179e+00

Ngrid_min = 1.20897055e+02
Cvac_min = 2.02038608e-03
alpha_min = 1.32890626e+03
freeEnergy_min = 1.48041267e-02
density_min = 1.15665975e+00

success = 1
