# Result for solid computation at 
kT = 5.0000e-01
mu = -3.6000e+00

Ngrid_min = 1.20903693e+02
Cvac_min = 2.03045722e-03
alpha_min = 1.33797211e+03
freeEnergy_min = -2.90346079e-02
density_min = 1.15645741e+00

success = 1
