# Result for solid computation at 
kT = 5.3500e-01
mu = -2.8989e+00

Ngrid_min = 1.20890355e+02
Cvac_min = 1.98954295e-03
alpha_min = 1.30216281e+03
freeEnergy_min = -1.44899443e-02
density_min = 1.15688791e+00

success = 1
