# Result for solid computation at 
kT = 5.2500e-01
mu = -3.0105e+00

Ngrid_min = 1.20888213e+02
Cvac_min = 2.01352973e-03
alpha_min = 1.32096165e+03
freeEnergy_min = -1.09549160e-01
density_min = 1.15692174e+00

success = 1
