# Result for solid computation at 
kT = 5.3000e-01
mu = -3.0043e+00

Ngrid_min = 1.20892489e+02
Cvac_min = 2.00146131e-03
alpha_min = 1.31292697e+03
freeEnergy_min = -3.51093305e-03
density_min = 1.15681280e+00

success = 1
