# Result for min over (Cvac,alpha) at 
kT = 5.7500e-01
mu = -2.0201e+00
Ngrid = 121

Cvac_min = 1.80579353e-03
alpha_min = 1.20463862e+03
freeEnergy_min = -2.14045703e-01
density_min = 1.15395503e+00

success = 1
