# Result for min over (Cvac,alpha) at 
kT = 5.5500e-01
mu = -2.4094e+00
Ngrid = 122

Cvac_min = 2.17770803e-04
alpha_min = 9.24735254e+02
freeEnergy_min = 7.51922884e-02
density_min = 1.12760209e+00

success = 1
