# Result for min over (Cvac,alpha) at 
kT = 5.8500e-01
mu = -1.6245e+00
Ngrid = 122

Cvac_min = 2.02899350e-04
alpha_min = 8.82483701e+02
freeEnergy_min = -2.78252271e-01
density_min = 1.12761887e+00

success = 1
