# Result for min over (Cvac,alpha) at 
kT = 5.1500e-01
mu = -3.3266e+00
Ngrid = 122

Cvac_min = 2.37146940e-04
alpha_min = 9.87821245e+02
freeEnergy_min = 2.96499832e-01
density_min = 1.12758024e+00

success = 1
