# Result for min over (Cvac,alpha) at 
kT = 5.2000e-01
mu = -3.1179e+00
Ngrid = 122

Cvac_min = 2.33962314e-04
alpha_min = 9.79064277e+02
freeEnergy_min = 1.70135484e-01
density_min = 1.12758383e+00

success = 1
