# Result for min over (Cvac,alpha) at 
kT = 5.4500e-01
mu = -2.6375e+00
Ngrid = 122

Cvac_min = 2.23066969e-04
alpha_min = 9.39779566e+02
freeEnergy_min = 1.41148281e-01
density_min = 1.12759612e+00

success = 1
