# Result for min over (Cvac,alpha) at 
kT = 5.4000e-01
mu = -2.6937e+00
Ngrid = 122

Cvac_min = 2.24522615e-04
alpha_min = 9.47513924e+02
freeEnergy_min = 1.06004403e-01
density_min = 1.12759448e+00

success = 1
