# Result for min over (Cvac,alpha) at 
kT = 5.2500e-01
mu = -3.1605e+00
Ngrid = 122

Cvac_min = 2.31717351e-04
alpha_min = 9.71421688e+02
freeEnergy_min = 3.24928309e-01
density_min = 1.12758636e+00

success = 1
