# Result for min over (Cvac,alpha) at 
kT = 6.0000e-01
mu = -1.3665e+00
Ngrid = 122

Cvac_min = 2.11895910e-04
alpha_min = 8.62711323e+02
freeEnergy_min = -3.24773314e-01
density_min = 1.12760872e+00

success = 1
