# Result for min over (Cvac,alpha) at 
kT = 5.0500e-01
mu = -3.4984e+00
Ngrid = 122

Cvac_min = 2.44163942e-04
alpha_min = 1.00577383e+03
freeEnergy_min = 2.65477113e-01
density_min = 1.12757233e+00

success = 1
