# Result for min over (Cvac,alpha) at 
kT = 5.5000e-01
mu = -2.5769e+00
Ngrid = 121

Cvac_min = 1.86898267e-03
alpha_min = 1.25383719e+03
freeEnergy_min = -6.42477982e-02
density_min = 1.15388199e+00

success = 1
