# Result for min over (Cvac,alpha) at 
kT = 5.8000e-01
mu = -1.7471e+00
Ngrid = 122

Cvac_min = 2.04642817e-04
alpha_min = 8.89245601e+02
freeEnergy_min = -2.24496996e-01
density_min = 1.12761690e+00

success = 1
