# Result for min over (Cvac,alpha) at 
kT = 5.5000e-01
mu = -2.4769e+00
Ngrid = 122

Cvac_min = 2.20806301e-04
alpha_min = 9.32202721e+02
freeEnergy_min = 5.66101904e-02
density_min = 1.12759867e+00

success = 1
