# Result for min over (Cvac,alpha) at 
kT = 5.0000e-01
mu = -3.6000e+00
Ngrid = 122

Cvac_min = 2.46932172e-04
alpha_min = 1.01410905e+03
freeEnergy_min = 2.64038527e-01
density_min = 1.12756920e+00

success = 1
