# Result for min over (Cvac,alpha) at 
kT = 6.0000e-01
mu = -1.4165e+00
Ngrid = 122

Cvac_min = 2.17798364e-04
alpha_min = 8.62692769e+02
freeEnergy_min = -2.68393045e-01
density_min = 1.12760206e+00

success = 1
