# Result for min over (Cvac,alpha) at 
kT = 5.8500e-01
mu = -1.7245e+00
Ngrid = 122

Cvac_min = 2.05665254e-04
alpha_min = 8.82440390e+02
freeEnergy_min = -1.65490537e-01
density_min = 1.12761575e+00

success = 1
