# Result for min over (Cvac,alpha) at 
kT = 5.3500e-01
mu = -2.7989e+00
Ngrid = 121

Cvac_min = 1.90454114e-03
alpha_min = 1.28364279e+03
freeEnergy_min = -1.27419218e-01
density_min = 1.15384088e+00

success = 1
