# Result for min over (Cvac,alpha) at 
kT = 5.3500e-01
mu = -2.9489e+00
Ngrid = 122

Cvac_min = 2.26603511e-04
alpha_min = 9.55160678e+02
freeEnergy_min = 2.93315480e-01
density_min = 1.12759213e+00

success = 1
