# Result for min over (Cvac,alpha) at 
kT = 5.3500e-01
mu = -2.8989e+00
Ngrid = 121

Cvac_min = 1.90454114e-03
alpha_min = 1.28364279e+03
freeEnergy_min = -1.20351306e-02
density_min = 1.15384088e+00

success = 1
