# Result for min over (Cvac,alpha) at 
kT = 5.8500e-01
mu = -1.6745e+00
Ngrid = 121

Cvac_min = 3.44281371e-04
alpha_min = 1.19104580e+03
freeEnergy_min = -4.32681425e-01
density_min = 1.15564460e+00

success = 1
