# Result for min over (Cvac,alpha) at 
kT = 5.8000e-01
mu = -1.8471e+00
Ngrid = 121

Cvac_min = 1.79052734e-03
alpha_min = 1.19926044e+03
freeEnergy_min = -3.20635863e-01
density_min = 1.15397268e+00

success = 1
