# Result for min over (Cvac,alpha) at 
kT = 5.1000e-01
mu = -3.4867e+00
Ngrid = 122

Cvac_min = 2.40293123e-04
alpha_min = 9.96050676e+02
freeEnergy_min = 3.65827601e-01
density_min = 1.12757669e+00

success = 1
