# Result for min over (Cvac,alpha) at 
kT = 5.5000e-01
mu = -2.5769e+00
Ngrid = 122

Cvac_min = 2.19959923e-04
alpha_min = 9.32378467e+02
freeEnergy_min = 1.69369924e-01
density_min = 1.12759962e+00

success = 1
