# Result for min over (Cvac,alpha) at 
kT = 5.9500e-01
mu = -1.4372e+00
Ngrid = 122

Cvac_min = 2.04815952e-04
alpha_min = 8.69255600e+02
freeEnergy_min = -3.25010878e-01
density_min = 1.12761670e+00

success = 1
