# Result for min over (Cvac,alpha) at 
kT = 5.6000e-01
mu = -2.2886e+00
Ngrid = 122

Cvac_min = 2.16035918e-04
alpha_min = 9.17412348e+02
freeEnergy_min = 3.18383604e-02
density_min = 1.12760405e+00

success = 1
