# Result for min over (Cvac,alpha) at 
kT = 5.1000e-01
mu = -3.3867e+00
Ngrid = 120

Cvac_min = 1.95632628e-03
alpha_min = 1.32460085e+03
freeEnergy_min = 1.59374020e-01
density_min = 1.18286658e+00

success = 1
