# Result for min over (Cvac,alpha) at 
kT = 5.1500e-01
mu = -3.3766e+00
Ngrid = 120

Cvac_min = 1.95632628e-03
alpha_min = 1.32460085e+03
freeEnergy_min = 2.64734027e-01
density_min = 1.18286658e+00

success = 1
