# Result for min over (Cvac,alpha) at 
kT = 5.3000e-01
mu = -3.0043e+00
Ngrid = 121

Cvac_min = 1.91817630e-03
alpha_min = 1.29525161e+03
freeEnergy_min = -1.09049683e-03
density_min = 1.15382512e+00

success = 1
