# Result for min over (Cvac,alpha) at 
kT = 5.6000e-01
mu = -2.3886e+00
Ngrid = 122

Cvac_min = 2.14975319e-04
alpha_min = 9.17363863e+02
freeEnergy_min = 1.44598710e-01
density_min = 1.12760525e+00

success = 1
