# Result for min over (Cvac,alpha) at 
kT = 5.8500e-01
mu = -1.6745e+00
Ngrid = 122

Cvac_min = 2.04393469e-04
alpha_min = 8.82445441e+02
freeEnergy_min = -2.21871364e-01
density_min = 1.12761718e+00

success = 1
