# Result for min over (Cvac,alpha) at 
kT = 5.5500e-01
mu = -2.4594e+00
Ngrid = 121

Cvac_min = 1.85198484e-03
alpha_min = 1.24141345e+03
freeEnergy_min = -9.74877550e-02
density_min = 1.15390164e+00

success = 1
