# Result for fluid-solid coexistence at 
kT = 5.5000e-01

fluidType = fluid

muCoex = -2.65865489e+00
freeEnergyCoex = -1.05446404e-01
densitySolidCoex = 1.15837568e+00
NgridCoex = 8.54632396e+01
CvacCoex = 1.36318899e-03
alphaCoex = 1.22710670e+03
densityFluidCoex = 2.09964021e-01

success = 1
