# Result for solid computation at 
kT = 3.0000e-01
mu = -1.2000e+01

Ngrid_min = 8.56171562e+01
Cvac_min = 9.46878257e-04
alpha_min = 1.32046836e+03
freeEnergy_min = 1.36786315e+00
density_min = 1.15263510e+00

success = 1
