# Result for solid computation at 
kT = 3.0000e-01
mu = -1.0800e+01

Ngrid_min = 8.55834883e+01
Cvac_min = 9.86034108e-04
alpha_min = 1.31902409e+03
freeEnergy_min = -1.43515863e-02
density_min = 1.15395056e+00

success = 1
