# Result for solid computation at 
kT = 3.0000e-01
mu = -1.1600e+01

Ngrid_min = 8.56063371e+01
Cvac_min = 9.61645044e-04
alpha_min = 1.32095145e+03
freeEnergy_min = 9.06719371e-01
density_min = 1.15305511e+00

success = 1
