# Result for min over (Cvac,alpha) at 
kT = 1.0000e+00
mu = 5.4000e+00
Ngrid = 86

Cvac_min = 2.36453929e-04
alpha_min = 6.06812613e+02
freeEnergy_min = -4.35757761e+00
density_min = 1.13812098e+00

success = 1
