# Result for min over (Cvac,alpha) at 
kT = 5.5000e-01
mu = -2.7000e+00
Ngrid = 86

Cvac_min = 2.68786148e-04
alpha_min = 1.04298065e+03
freeEnergy_min = 1.97110784e-01
density_min = 1.13808418e+00

success = 1
