# Result for min over (Cvac,alpha) at 
kT = 3.0000e-01
mu = -1.0800e+01
Ngrid = 87

Cvac_min = 3.92144802e-04
alpha_min = 1.17002748e+03
freeEnergy_min = 1.42517646e+00
density_min = 1.09915334e+00

success = 1
