# Result for min over (Cvac,alpha) at 
kT = 1.0000e+00
mu = 5.2000e+00
Ngrid = 85

Cvac_min = 2.50967668e-04
alpha_min = 9.33726965e+02
freeEnergy_min = -4.11437386e+00
density_min = 1.17874793e+00

success = 1
