# Result for min over (Cvac,alpha) at 
kT = 3.0000e-01
mu = -1.0800e+01
Ngrid = 86

Cvac_min = 5.53623192e-04
alpha_min = 1.29397500e+03
freeEnergy_min = 1.10109668e-01
density_min = 1.13775992e+00

success = 1
