# Result for min over (Cvac,alpha) at 
kT = 3.0000e-01
mu = -1.1000e+01
Ngrid = 86

Cvac_min = 5.59037097e-04
alpha_min = 1.29755141e+03
freeEnergy_min = 3.35587659e-01
density_min = 1.13775376e+00

success = 1
