# Result for min over (Cvac,alpha) at 
kT = 1.0000e+00
mu = 5.2000e+00
Ngrid = 86

Cvac_min = 2.88060240e-04
alpha_min = 6.06774891e+02
freeEnergy_min = -4.12995906e+00
density_min = 1.13806223e+00

success = 1
