# Result for min over (Cvac,alpha) at 
kT = 3.0000e-01
mu = -1.1600e+01
Ngrid = 87

Cvac_min = 3.93672256e-04
alpha_min = 1.17109924e+03
freeEnergy_min = 2.30450289e+00
density_min = 1.09915166e+00

success = 1
