# Result for min over (Cvac,alpha) at 
kT = 1.0000e+00
mu = 5.2000e+00
Ngrid = 87

Cvac_min = 5.60049653e-04
alpha_min = 3.98326255e+02
freeEnergy_min = -3.95907030e+00
density_min = 1.09896872e+00

success = 1
