# Result for min over (Cvac,alpha) at 
kT = 3.0000e-01
mu = -1.1200e+01
Ngrid = 87

Cvac_min = 3.93904279e-04
alpha_min = 1.17118472e+03
freeEnergy_min = 1.86484349e+00
density_min = 1.09915141e+00

success = 1
