# Result for solid computation at 
kT = 5.5000e-01
mu = -2.0000e+00

Ngrid_min = 1.20828164e+02
Cvac_min = 1.98577912e-04
alpha_min = 1.29785182e+03
freeEnergy_min = -7.47249871e-01
density_min = 1.16075267e+00

success = 1
