# Result for solid computation at 
kT = 4.0000e-01
mu = -6.0000e+00

Ngrid_min = 1.20957471e+02
Cvac_min = 1.99587121e-03
alpha_min = 1.32607960e+03
freeEnergy_min = -4.12350504e-01
density_min = 1.15495414e+00

success = 1
