# Result for fluid computation at 
kT = 5.0000e-01
mu = -3.5000e+00

freeEnergyVapour = -3.46001805e-02
freeEnergyLiquid = -3.46001805e-02
densityVapour    = 4.04738588e-02
densityLiquid    = 4.04738588e-02
supercritical = 1

success = 1
