# Result for solid computation at 
kT = 7.0000e-01
mu = 1.0000e+00

Ngrid_min = 1.20787066e+02
Cvac_min = 1.19232047e-04
alpha_min = 1.07886732e+03
freeEnergy_min = -1.80769662e+00
density_min = 1.16202957e+00

success = 1
