# Result for solid computation at 
kT = 5.0000e-01
mu = -3.5000e+00

Ngrid_min = 1.20891712e+02
Cvac_min = 2.04890830e-03
alpha_min = 1.33926174e+03
freeEnergy_min = -1.51093899e-01
density_min = 1.15678054e+00

success = 1
