# Result for min over (Cvac,alpha) at 
kT = 1.0000e+00
mu = 5.5000e+00
Ngrid = 119

Cvac_min = 1.97322695e-04
alpha_min = 1.44555654e+03
freeEnergy_min = -4.14465388e+00
density_min = 1.21507578e+00

success = 1
