# Result for min over (Cvac,alpha) at 
kT = 3.0000e-01
mu = -1.0500e+01
Ngrid = 119

Cvac_min = 1.45439041e-04
alpha_min = 5.94361744e+03
freeEnergy_min = -5.16331653e-01
density_min = 1.21513883e+00

success = 1
