# Result for min over (Cvac,alpha) at 
kT = 8.0000e-01
mu = 3.0000e+00
Ngrid = 122

Cvac_min = 1.99154199e-04
alpha_min = 6.65601736e+02
freeEnergy_min = -2.92923080e+00
density_min = 1.12762309e+00

success = 1
