# Result for min over (Cvac,alpha) at 
kT = 5.5000e-01
mu = -2.0000e+00
Ngrid = 121

Cvac_min = 1.88485564e-04
alpha_min = 1.26841549e+03
freeEnergy_min = -7.41553205e-01
density_min = 1.15582471e+00

success = 1
