# Result for min over (Cvac,alpha) at 
kT = 4.0000e-01
mu = -6.0000e+00
Ngrid = 119

Cvac_min = 1.59580522e-06
alpha_min = 4.17081126e+03
freeEnergy_min = -9.66980465e-02
density_min = 1.21531365e+00

success = 1
