# Result for min over (Cvac,alpha) at 
kT = 7.0000e-01
mu = 1.0000e+00
Ngrid = 122

Cvac_min = 2.13006747e-04
alpha_min = 7.51250565e+02
freeEnergy_min = -1.65257859e+00
density_min = 1.12760747e+00

success = 1
