# Result for min over (Cvac,alpha) at 
kT = 6.0000e-01
mu = -1.0000e+00
Ngrid = 122

Cvac_min = 1.13682719e-04
alpha_min = 8.63673144e+02
freeEnergy_min = -7.38940831e-01
density_min = 1.12771949e+00

success = 1
