# Result for min over (Cvac,alpha) at 
kT = 6.0000e-01
mu = -1.0000e+00
Ngrid = 120

Cvac_min = 1.95632628e-04
alpha_min = 1.32460085e+03
freeEnergy_min = -8.59151948e-01
density_min = 1.18495332e+00

success = 1
