# Result for min over (Cvac,alpha) at 
kT = 1.0000e+00
mu = 5.5000e+00
Ngrid = 120

Cvac_min = 1.55341993e-04
alpha_min = 9.99608066e+02
freeEnergy_min = -4.43912785e+00
density_min = 1.18500108e+00

success = 1
