# Result for min over (Cvac,alpha) at 
kT = 6.0000e-01
mu = -1.0000e+00
Ngrid = 119

Cvac_min = 5.26163341e-05
alpha_min = 2.57267418e+03
freeEnergy_min = -4.81663751e-01
density_min = 1.21525164e+00

success = 1
