# Result for min over (Cvac,alpha) at 
kT = 5.5000e-01
mu = -2.0000e+00
Ngrid = 119

Cvac_min = 2.33761469e-05
alpha_min = 2.84669402e+03
freeEnergy_min = -2.78517889e-01
density_min = 1.21528718e+00

success = 1
