# Result for min over (Cvac,alpha) at 
kT = 8.0000e-01
mu = 3.0000e+00
Ngrid = 120

Cvac_min = 1.85683003e-04
alpha_min = 1.24533759e+03
freeEnergy_min = -2.99229056e+00
density_min = 1.18496512e+00

success = 1
