# Result for min over (Cvac,alpha) at 
kT = 1.0000e+00
mu = 5.5000e+00
Ngrid = 119

Cvac_min = 2.11437178e-04
alpha_min = 1.36956655e+03
freeEnergy_min = -4.14115057e+00
density_min = 1.21505862e+00

success = 1
