# Result for min over (Cvac,alpha) at 
kT = 6.0000e-01
mu = -1.0000e+00
Ngrid = 121

Cvac_min = 1.77133907e-04
alpha_min = 1.17100651e+03
freeEnergy_min = -9.50666974e-01
density_min = 1.15583783e+00

success = 1
