# Result for min over (Cvac,alpha) at 
kT = 7.0000e-01
mu = 1.0000e+00
Ngrid = 120

Cvac_min = 9.29562595e-05
alpha_min = 1.42134739e+03
freeEnergy_min = -1.74816744e+00
density_min = 1.18507501e+00

success = 1
