# Result for min over (Cvac,alpha) at 
kT = 7.0000e-01
mu = 1.0000e+00
Ngrid = 120

Cvac_min = 1.95632628e-04
alpha_min = 1.32460085e+03
freeEnergy_min = -1.74238205e+00
density_min = 1.18495332e+00

success = 1
