# Result for min over (Cvac,alpha) at 
kT = 3.0000e-01
mu = -1.0500e+01
Ngrid = 121

Cvac_min = 1.95606853e-03
alpha_min = 1.32445938e+03
freeEnergy_min = -4.62732955e-01
density_min = 1.15378131e+00

success = 1
