# Result for min over (Cvac,alpha) at 
kT = 7.0000e-01
mu = 1.0000e+00
Ngrid = 121

Cvac_min = 1.17128488e-04
alpha_min = 1.01686971e+03
freeEnergy_min = -1.80291607e+00
density_min = 1.15590720e+00

success = 1
