# Result for min over (Cvac,alpha) at 
kT = 5.0000e-01
mu = -3.5000e+00
Ngrid = 120

Cvac_min = 8.75176160e-06
alpha_min = 1.98015207e+03
freeEnergy_min = -1.71694409e-01
density_min = 1.18517481e+00

success = 1
